id,hour,min,sec,ms,xpos,ypos,zpos,junk,junk,junk,junk,junk,junk,keyPressed,isDown,keyDirection
0,17,18,46,11,80.9, 17.6, 134.0,0.0, 84.8, 0.0,50.4, 350.9, 1.2,up,True,up
1,17,18,46,406,82.9, 17.4, 134.1,0.0, 84.5, 0.0,51.0, 350.6, 1.2,up,False,still
2,17,18,47,645,84.1, 17.2, 134.6,0.0, 359.9, 0.0,41.1, 265.8, 1.0,up,True,up
3,17,18,47,831,84.0, 17.2, 135.5,0.0, 336.5, 0.0,46.8, 242.5, 1.1,right,True,up-right
4,17,18,48,82,83.8, 17.2, 136.8,0.0, 315.8, 0.0,48.3, 221.9, 1.2,right,False,up
5,17,18,48,400,82.7, 17.4, 137.7,0.0, 289.4, 0.0,53.1, 195.6, 1.3,right,True,up-right
6,17,18,48,553,82.1, 17.6, 138.2,0.0, 284.8, 0.0,54.8, 191.1, 1.3,right,False,up
7,17,18,48,861,80.6, 17.9, 138.6,0.0, 286.1, 0.0,55.8, 192.4, 1.4,left,True,up-left
8,17,18,49,739,76.4, 17.9, 138.3,0.0, 338.0, 0.0,42.3, 243.9, 1.0,up,False,left
9,17,18,49,787,76.1, 17.9, 138.4,0.0, 339.5, 0.0,41.0, 245.4, 1.0,up,True,up-left
10,17,18,50,50,75.0, 17.9, 139.1,0.0, 347.7, 0.0,34.7, 253.4, 0.9,left,False,up
11,17,18,50,387,74.1, 18.1, 140.4,0.0, 8.4, 0.0,30.8, 274.1, 0.9,left,True,up-left
12,17,18,50,469,74.1, 18.2, 140.8,0.0, 24.7, 0.0,25.7, 290.3, 0.9,up,False,left
13,17,18,50,546,74.0, 18.2, 141.2,0.0, 33.8, 0.0,23.2, 299.3, 0.8,left,False,still
14,17,18,50,700,74.2, 18.4, 141.7,0.0, 52.5, 0.0,19.7, 318.0, 0.8,down,True,down
15,17,18,51,308,71.4, 18.1, 141.5,0.0, 100.7, 0.0,29.4, 6.3, 0.9,right,True,down-right
16,17,18,51,524,70.3, 18.0, 141.4,0.0, 118.9, 0.0,32.7, 24.6, 0.9,down,False,right
17,17,18,51,631,69.8, 17.9, 141.2,0.0, 119.2, 0.0,32.9, 24.9, 0.9,down,True,down-right
18,17,18,52,5,68.0, 17.8, 140.5,0.0, 113.0, 0.0,33.3, 18.7, 0.9,down,False,right
19,17,18,52,85,67.7, 17.8, 140.4,0.0, 113.0, 0.0,33.3, 18.7, 0.9,down,True,down-right
20,17,18,52,326,66.6, 17.8, 139.9,0.0, 113.0, 0.0,33.3, 18.7, 0.9,down,False,right
21,17,18,52,620,65.4, 17.5, 139.0,0.0, 121.4, 0.0,31.3, 27.1, 0.9,up,True,up-right
22,17,18,52,995,65.4, 17.0, 137.4,0.0, 115.7, 0.0,34.1, 21.4, 0.9,right,False,up
23,17,18,53,480,66.1, 16.7, 135.1,0.0, 168.3, 0.0,28.4, 73.9, 0.9,right,True,up-right
24,17,18,53,662,65.9, 16.8, 134.2,0.0, 171.2, 0.0,29.4, 76.8, 0.9,right,False,up
25,17,18,53,895,65.9, 16.9, 133.1,0.0, 178.3, 0.0,31.1, 84.0, 0.9,right,True,up-right
26,17,18,53,948,65.8, 16.9, 132.8,0.0, 178.4, 0.0,31.6, 84.1, 0.9,up,False,right
27,17,18,55,533,58.9, 17.0, 135.1,0.0, 230.3, 0.0,41.4, 136.2, 1.0,up,True,up-right
28,17,18,55,636,58.5, 17.2, 135.3,0.0, 233.2, 0.0,41.4, 139.1, 1.0,right,False,up
29,17,18,56,290,55.3, 17.5, 135.0,0.0, 267.1, 0.0,34.6, 172.8, 0.9,right,True,up-right
30,17,18,56,543,54.2, 17.6, 135.6,0.0, 281.6, 0.0,34.0, 187.3, 0.9,right,False,up
31,17,18,57,55,52.0, 17.8, 136.8,0.0, 297.7, 0.0,34.4, 203.4, 0.9,right,True,up-right
32,17,18,57,273,51.4, 17.9, 137.7,0.0, 298.3, 0.0,35.0, 204.0, 0.9,up,False,right
33,17,18,57,337,51.3, 18.0, 138.0,0.0, 297.8, 0.0,35.8, 203.6, 0.9,right,False,still
34,17,18,57,715,50.9, 18.1, 138.9,0.0, 271.9, 0.0,40.6, 177.8, 1.0,left,True,left
35,17,18,57,789,50.8, 18.1, 138.5,0.0, 271.7, 0.0,40.6, 177.6, 1.0,up,True,up-left
36,17,18,58,102,49.8, 18.0, 137.3,0.0, 282.5, 0.0,46.6, 188.5, 1.1,up,False,left
37,17,18,59,599,44.2, 18.2, 132.9,0.0, 341.9, 0.0,31.2, 247.6, 0.9,up,True,up-left
38,17,18,59,812,43.1, 18.3, 133.0,0.0, 342.9, 0.0,23.4, 248.4, 0.8,left,False,up
39,17,19,00,135,42.0, 18.5, 134.1,0.0, 311.4, 0.0,27.3, 217.0, 0.9,up,False,still
40,17,19,00,162,41.8, 18.5, 134.2,0.0, 306.5, 0.0,28.1, 212.1, 0.9,right,True,right
41,17,19,00,331,41.4, 18.5, 134.9,0.0, 288.1, 0.0,29.9, 193.7, 0.9,up,True,up-right
42,17,19,00,370,41.3, 18.5, 135.0,0.0, 292.9, 0.0,27.5, 198.5, 0.9,right,False,up
43,17,19,00,473,41.0, 18.6, 135.4,0.0, 318.0, 0.0,21.7, 223.5, 0.8,up,False,still
44,17,19,02,310,40.2, 18.7, 136.6,0.0, 325.6, 0.0,23.6, 231.1, 0.8,up,True,up
45,17,19,02,838,38.0, 18.8, 137.7,0.0, 283.8, 0.0,27.9, 189.4, 0.9,right,True,up-right
46,17,19,02,944,37.4, 18.9, 138.0,0.0, 280.2, 0.0,29.4, 185.8, 0.9,up,False,right
47,17,19,03,970,34.5, 19.7, 142.1,0.0, 216.2, 0.0,59.4, 122.7, 1.5,right,False,still
48,17,19,04,118,33.9, 19.8, 142.3,0.0, 216.2, 0.0,59.4, 122.7, 1.5,up,True,up
49,17,19,05,692,30.0, 19.5, 135.7,0.0, 242.0, 0.0,67.0, 149.0, 2.0,left,True,up-left
50,17,19,05,692,30.0, 19.5, 135.7,0.0, 242.0, 0.0,67.0, 149.0, 2.0,up,False,left
51,17,19,06,65,29.9, 19.3, 133.9,0.0, 251.5, 0.0,67.6, 158.6, 2.0,up,True,up-left
52,17,19,06,206,29.9, 19.3, 133.2,0.0, 254.4, 0.0,66.7, 161.4, 1.9,left,False,up
53,17,19,06,570,28.4, 19.5, 132.4,0.0, 256.5, 0.0,63.3, 163.2, 1.7,right,True,up-right
54,17,19,06,732,27.6, 19.6, 132.4,0.0, 256.5, 0.0,63.3, 163.2, 1.7,right,False,up
55,17,19,06,923,26.7, 19.7, 132.3,0.0, 262.4, 0.0,63.1, 169.1, 1.7,left,True,up-left
56,17,19,07,11,26.3, 19.8, 132.2,0.0, 271.9, 0.0,64.5, 178.7, 1.8,up,False,left
57,17,19,07,483,25.2, 20.1, 130.2,0.0, 294.7, 0.0,69.2, 201.9, 2.2,down,True,down-left
58,17,19,07,558,25.1, 20.1, 129.9,0.0, 298.0, 0.0,69.6, 205.3, 2.2,left,False,down
59,17,19,07,658,25.2, 20.1, 129.4,0.0, 302.0, 0.0,71.1, 209.4, 2.4,left,True,down-left
60,17,19,07,947,25.3, 20.1, 127.9,0.0, 321.9, 0.0,76.2, 230.2, 3.2,down,False,left
61,17,19,08,992,20.9, 21.1, 126.1,0.0, 3.4, 0.0,75.8, 271.6, 3.1,up,True,up-left
62,17,19,09,198,20.0, 21.3, 126.5,0.0, 4.3, 0.0,75.9, 272.5, 3.1,left,False,up
63,17,19,09,600,19.6, 21.4, 128.5,0.0, 4.2, 0.0,76.2, 272.5, 3.2,left,True,up-left
64,17,19,09,652,19.6, 21.4, 128.7,0.0, 2.4, 0.0,76.4, 270.8, 3.3,up,False,left
65,17,19,09,920,18.5, 21.7, 129.1,0.0, 322.1, 0.0,66.8, 229.1, 1.9,up,True,up-left
66,17,19,09,921,18.5, 21.7, 129.1,0.0, 322.1, 0.0,66.8, 229.1, 1.9,left,False,up
67,17,19,10,212,17.3, 22.0, 129.6,0.0, 321.5, 0.0,62.2, 228.2, 1.6,up,False,still
68,17,19,10,239,17.3, 22.1, 129.7,0.0, 321.7, 0.0,62.0, 228.3, 1.6,right,True,right
69,17,19,10,481,17.3, 22.0, 130.8,0.0, 320.3, 0.0,55.6, 226.6, 1.4,up,True,up-right
70,17,19,10,640,17.5, 22.0, 131.6,0.0, 314.3, 0.0,49.1, 220.4, 1.2,up,False,right
71,17,19,10,773,17.8, 21.9, 132.2,0.0, 313.4, 0.0,48.4, 219.5, 1.2,right,False,still
72,17,19,10,801,17.9, 21.8, 132.3,0.0, 312.6, 0.0,48.1, 218.7, 1.1,right,True,right
73,17,19,11,69,18.6, 21.4, 133.3,0.0, 304.0, 0.0,47.9, 210.0, 1.1,up,True,up-right
74,17,19,11,229,18.7, 21.3, 134.1,0.0, 302.4, 0.0,48.0, 208.5, 1.1,up,False,right
75,17,19,11,445,19.1, 21.0, 135.1,0.0, 301.7, 0.0,48.0, 207.8, 1.1,up,True,up-right
76,17,19,11,469,19.1, 21.0, 135.2,0.0, 302.0, 0.0,48.0, 208.1, 1.1,right,False,up
77,17,19,11,789,18.5, 21.2, 136.6,0.0, 302.3, 0.0,47.9, 208.3, 1.1,right,True,up-right
78,17,19,11,951,18.1, 21.3, 137.2,0.0, 300.7, 0.0,49.0, 206.8, 1.2,up,False,right
79,17,19,12,828,17.6, 21.7, 141.4,0.0, 233.4, 0.0,72.8, 141.1, 2.6,down,True,down-right
80,17,19,12,934,17.4, 21.8, 141.8,0.0, 231.9, 0.0,73.4, 139.7, 2.7,right,False,down
81,17,19,14,331,18.0, 22.8, 148.3,0.0, 153.5, 0.0,75.7, 192.3, 141.2,right,True,down-right
82,17,19,14,503,17.4, 23.0, 148.8,0.0, 156.7, 0.0,75.9, 194.7, 140.5,down,False,right
83,17,19,15,831,14.4, 24.3, 153.0,0.0, 286.1, 0.0,81.1, 267.3, 84.6,left,True,right
84,17,19,15,831,14.4, 24.3, 153.0,0.0, 286.1, 0.0,81.1, 267.3, 84.6,right,False,still
85,17,19,16,315,12.9, 24.3, 151.2,0.0, 326.0, 0.0,74.7, 257.5, 35.8,up,True,up
86,17,19,16,571,11.7, 24.5, 151.0,0.0, 326.5, 0.0,73.7, 255.5, 33.4,left,False,up-left
87,17,19,16,787,10.7, 24.8, 151.4,0.0, 326.7, 0.0,72.8, 253.8, 31.6,left,True,up
88,17,19,16,973,9.9, 25.0, 151.7,0.0, 318.5, 0.0,72.8, 245.6, 31.6,left,False,up-left
89,17,19,17,667,6.8, 25.9, 153.0,0.0, 286.4, 0.0,77.7, 229.3, 46.8,right,True,up-left
90,17,19,17,881,5.9, 26.2, 153.4,0.0, 256.4, 0.0,80.9, 230.7, 77.8,up,False,left
91,17,19,18,406,4.5, 27.0, 155.4,0.0, 237.0, 0.0,80.7, 240.3, 106.4,up,True,up-left
92,17,19,18,794,2.8, 27.5, 155.9,0.0, 243.2, 0.0,80.8, 244.1, 104.1,right,False,up-left
93,17,19,19,387,0.0, 28.4, 156.4,0.0, 281.7, 0.0,79.6, 299.5, 120.7,right,True,up-left
94,17,19,19,652,-0.9, 28.8, 157.2,0.0, 281.7, 0.0,79.6, 299.5, 120.7,right,False,up-left
95,17,19,20,82,-2.4, 29.6, 158.6,0.0, 317.6, 0.0,78.8, 266.9, 53.1,left,True,up
96,17,19,20,325,-3.4, 29.9, 159.1,0.0, 326.4, 0.0,76.0, 262.0, 39.8,left,False,up-left
97,17,19,20,565,-4.2, 30.3, 159.9,0.0, 324.9, 0.0,75.7, 259.5, 38.8,left,True,up
98,17,19,20,699,-4.6, 30.5, 160.2,0.0, 324.5, 0.0,75.6, 258.8, 38.5,left,False,up-left
99,17,19,21,58,-5.9, 31.1, 161.2,0.0, 281.3, 0.0,78.5, 228.6, 51.2,right,True,up-left
100,17,19,21,378,-7.1, 31.7, 162.0,0.0, 250.4, 0.0,81.1, 240.0, 92.9,right,False,up-left
101,17,19,21,534,-7.8, 32.1, 162.1,0.0, 247.0, 0.0,80.5, 254.9, 111.0,right,True,up-left
102,17,19,21,710,-8.6, 32.4, 162.2,0.0, 237.8, 0.0,77.9, 267.6, 132.5,up,False,left
103,17,19,22,135,-10.2, 33.2, 163.3,0.0, 216.7, 0.0,72.6, 254.7, 142.0,up,True,up-left
104,17,19,22,526,-12.0, 33.8, 162.8,0.0, 190.5, 0.0,65.1, 226.9, 143.6,up,False,left
105,17,19,23,32,-14.1, 34.8, 162.4,0.0, 176.7, 0.0,59.2, 212.0, 144.7,down,True,down-left
106,17,19,23,567,-16.3, 35.9, 163.4,0.0, 178.0, 0.0,58.6, 210.7, 143.2,down,False,left
107,17,19,23,764,-16.7, 36.4, 163.9,0.0, 216.8, 0.0,61.2, 245.4, 139.7,up,True,up-left
108,17,19,23,956,-17.5, 36.7, 164.3,0.0, 237.6, 0.0,62.6, 263.5, 137.3,right,False,up-left
109,17,19,24,692,-20.6, 37.9, 163.0,0.0, 264.1, 0.0,67.0, 278.9, 127.2,left,True,up
110,17,19,25,415,-23.3, 38.9, 161.1,0.0, 286.0, 0.0,71.3, 275.2, 103.2,left,False,up-left
111,17,19,25,711,-24.5, 39.6, 161.2,0.0, 300.1, 0.0,71.8, 278.0, 92.5,up,False,left
112,17,19,25,847,-25.1, 39.8, 161.5,0.0, 299.5, 0.0,71.8, 278.7, 93.7,up,True,up-left
113,17,19,25,916,-25.4, 39.9, 161.6,0.0, 274.1, 0.0,71.3, 263.6, 103.5,left,True,up
114,17,19,25,993,-25.7, 40.0, 161.6,0.0, 251.7, 0.0,69.6, 255.0, 116.5,left,False,up-left
115,17,19,26,21,-25.9, 40.1, 161.5,0.0, 248.9, 0.0,69.1, 255.2, 119.3,up,False,left
116,17,19,26,257,-26.8, 40.5, 161.0,0.0, 248.1, 0.0,68.8, 255.8, 120.7,up,True,up-left
117,17,19,26,551,-28.1, 40.8, 160.3,0.0, 245.4, 0.0,65.4, 264.8, 131.4,up,False,left
118,17,19,26,709,-28.7, 41.1, 159.9,0.0, 248.1, 0.0,57.4, 282.5, 144.6,up,True,up-left
119,17,19,26,845,-29.4, 41.2, 159.7,0.0, 251.8, 0.0,56.5, 286.6, 145.2,up,False,left
120,17,19,27,26,-30.2, 41.4, 159.4,0.0, 260.0, 0.0,52.2, 294.1, 145.8,left,True,still
121,17,19,27,349,-30.2, 41.4, 157.8,0.0, 268.9, 0.0,51.6, 303.0, 145.9,up,True,up
122,17,19,27,483,-30.4, 41.5, 157.2,0.0, 281.3, 0.0,50.5, 315.2, 146.1,left,False,up-left
123,17,19,27,724,-31.5, 41.7, 157.0,0.0, 299.9, 0.0,50.2, 333.7, 146.1,left,True,up
124,17,19,27,731,-31.5, 41.7, 157.0,0.0, 299.9, 0.0,50.2, 333.7, 146.1,up,False,still
125,17,19,27,886,-32.2, 41.9, 156.7,0.0, 274.3, 0.0,49.8, 308.1, 146.2,up,True,up
126,17,19,27,912,-32.3, 41.9, 156.6,0.0, 265.7, 0.0,50.7, 298.5, 145.4,left,False,up-left
127,17,19,28,18,-32.6, 41.9, 156.2,0.0, 233.6, 0.0,51.5, 265.6, 144.8,up,False,left
128,17,19,28,47,-32.8, 42.0, 156.1,0.0, 228.2, 0.0,51.5, 260.2, 144.8,right,True,left
129,17,19,28,328,-34.0, 42.3, 156.3,0.0, 221.7, 0.0,52.1, 253.1, 144.3,up,True,up-left
130,17,19,28,572,-35.0, 42.7, 156.4,0.0, 198.3, 0.0,50.4, 231.5, 145.7,up,False,left
131,17,19,28,572,-35.0, 42.7, 156.4,0.0, 198.3, 0.0,50.4, 231.5, 145.7,right,False,left
132,17,19,28,825,-36.2, 43.3, 156.3,0.0, 180.6, 0.0,46.8, 214.0, 146.6,up,True,up-left
133,17,19,28,826,-36.2, 43.3, 156.3,0.0, 180.6, 0.0,46.8, 214.0, 146.6,right,True,up-left
134,17,19,29,31,-36.8, 43.6, 155.6,0.0, 169.5, 0.0,49.1, 200.5, 144.8,up,False,left
135,17,19,29,84,-37.1, 43.6, 155.4,0.0, 169.4, 0.0,49.1, 200.4, 144.8,right,False,left
136,17,19,29,248,-37.7, 43.9, 155.0,0.0, 169.4, 0.0,49.1, 200.4, 144.8,up,True,up-left
137,17,19,29,605,-37.6, 43.5, 153.3,0.0, 161.4, 0.0,47.3, 194.2, 146.2,right,True,up-left
138,17,19,29,711,-37.7, 43.6, 152.8,0.0, 156.8, 0.0,47.0, 189.9, 146.4,up,False,left
139,17,19,30,201,-39.5, 44.0, 151.3,0.0, 151.7, 0.0,46.8, 185.1, 146.6,down,True,down-left
140,17,19,30,413,-40.5, 44.2, 151.2,0.0, 149.6, 0.0,46.2, 182.9, 146.7,down,False,left
141,17,19,31,766,-45.6, 45.3, 147.0,0.0, 146.8, 0.0,45.5, 178.6, 146.0,right,False,left
142,17,19,31,844,-45.9, 45.4, 146.8,0.0, 149.9, 0.0,45.5, 181.8, 146.1,up,True,up-left
143,17,19,32,486,-45.1, 45.5, 143.8,0.0, 167.6, 0.0,47.4, 196.7, 144.3,right,True,up-left
144,17,19,32,636,-45.3, 45.7, 143.2,0.0, 189.5, 0.0,49.3, 216.6, 142.7,right,False,up-left
145,17,19,33,129,-46.4, 46.3, 141.0,0.0, 220.1, 0.0,52.9, 242.4, 139.0,right,True,up-left
146,17,19,33,178,-46.5, 46.3, 140.9,0.0, 220.3, 0.0,52.9, 242.6, 139.0,up,False,left
147,17,19,33,457,-47.8, 46.3, 141.0,0.0, 225.0, 0.0,50.1, 251.1, 142.0,up,True,up-left
148,17,19,33,643,-48.8, 46.3, 141.2,0.0, 200.2, 0.0,46.7, 230.1, 144.8,up,False,left
149,17,19,33,939,-50.1, 46.5, 140.9,0.0, 162.7, 0.0,39.3, 195.2, 147.5,up,True,up-left
150,17,19,34,94,-50.7, 46.7, 140.4,0.0, 154.4, 0.0,37.1, 186.7, 147.7,right,False,up-left
151,17,19,34,777,-49.2, 47.4, 137.6,0.0, 138.8, 0.0,28.4, 170.4, 148.4,right,True,up-left
152,17,19,35,365,-48.3, 48.5, 135.0,0.0, 116.5, 0.0,23.2, 147.7, 148.8,right,False,up-left
153,17,19,35,619,-47.5, 48.7, 134.1,0.0, 116.5, 0.0,23.2, 147.7, 148.8,right,True,up-left
154,17,19,35,674,-47.4, 48.7, 133.9,0.0, 117.2, 0.0,23.3, 148.4, 148.7,up,False,left
155,17,19,35,928,-47.4, 49.0, 132.7,0.0, 118.6, 0.0,19.9, 149.7, 148.9,right,False,left
156,17,19,36,108,-47.9, 49.2, 132.0,0.0, 118.6, 0.0,19.9, 149.7, 148.9,down,True,down-left
157,17,19,36,601,-49.9, 49.2, 133.4,0.0, 134.0, 0.0,27.9, 159.6, 146.7,left,True,down
158,17,19,36,755,-50.2, 48.9, 133.9,0.0, 145.3, 0.0,33.8, 166.1, 144.2,right,True,down-right
159,17,19,36,755,-50.2, 48.9, 133.9,0.0, 145.3, 0.0,33.8, 166.1, 144.2,left,False,down-right
160,17,19,36,885,-50.7, 48.7, 134.3,0.0, 149.5, 0.0,34.7, 169.6, 143.8,down,False,right
161,17,19,37,72,-51.6, 48.6, 134.3,0.0, 136.4, 0.0,31.6, 159.2, 145.3,right,False,still
162,17,19,37,159,-52.0, 48.6, 134.2,0.0, 120.2, 0.0,27.5, 146.1, 146.8,down,True,down
163,17,19,37,257,-52.5, 48.5, 134.2,0.0, 113.5, 0.0,25.5, 140.9, 147.5,left,True,down-left
164,17,19,37,296,-52.6, 48.4, 134.3,0.0, 113.2, 0.0,25.3, 140.7, 147.5,down,False,left
165,17,19,37,576,-52.4, 47.9, 135.4,0.0, 104.6, 0.0,22.7, 133.9, 148.3,left,False,still
166,17,19,38,20,-52.4, 47.5, 136.4,0.0, 97.7, 0.0,22.2, 127.3, 148.4,down,True,down
167,17,19,38,227,-53.4, 47.4, 136.7,0.0, 136.2, 0.0,26.4, 162.9, 147.2,right,True,down-right
168,17,19,38,321,-53.8, 47.3, 137.0,0.0, 158.2, 0.0,28.3, 183.5, 146.5,down,False,right
169,17,19,38,856,-56.2, 47.3, 137.7,0.0, 229.1, 0.0,39.6, 244.5, 141.0,up,True,up-right
170,17,19,38,931,-56.6, 47.3, 137.9,0.0, 233.9, 0.0,40.5, 248.3, 140.3,right,False,up
171,17,19,40,121,-62.0, 48.2, 136.3,0.0, 262.9, 0.0,57.8, 243.7, 114.3,left,True,up-left
172,17,19,40,283,-62.7, 48.3, 136.0,0.0, 270.5, 0.0,58.9, 246.4, 110.1,left,False,up
173,17,19,40,646,-64.5, 48.7, 135.9,0.0, 273.8, 0.0,59.7, 244.6, 105.8,left,True,up-left
174,17,19,40,728,-64.9, 48.8, 135.8,0.0, 264.9, 0.0,58.9, 240.6, 110.0,left,False,up
175,17,19,41,831,-69.6, 49.2, 133.1,0.0, 230.5, 0.0,49.8, 232.1, 131.3,right,True,up-right
176,17,19,42,142,-71.0, 49.3, 132.5,0.0, 205.5, 0.0,31.1, 228.7, 145.5,up,False,right
177,17,19,42,483,-72.7, 49.4, 132.7,0.0, 211.6, 0.0,31.4, 234.5, 145.3,up,True,up-right
178,17,19,42,611,-73.2, 49.5, 132.9,0.0, 216.8, 0.0,33.1, 238.3, 144.6,right,False,up
179,17,19,43,561,-76.7, 49.3, 129.9,0.0, 247.2, 0.0,40.2, 261.9, 140.6,left,True,up-left
180,17,19,44,43,-78.1, 49.4, 127.9,0.0, 253.9, 0.0,43.6, 264.7, 137.9,left,False,up
181,17,19,44,942,-81.9, 49.9, 125.8,0.0, 219.9, 0.0,32.5, 241.9, 144.8,right,True,up-right
182,17,19,45,923,-85.8, 50.3, 123.0,0.0, 182.8, 0.0,6.9, 213.6, 149.2,up,False,right
183,17,19,46,245,-87.2, 50.5, 122.3,0.0, 165.0, 0.0,356.8, 196.0, 149.0,up,True,up-right
184,17,19,46,887,-88.8, 50.4, 119.6,0.0, 160.0, 0.0,349.5, 190.9, 148.5,up,False,right
185,17,19,47,68,-89.4, 50.4, 119.0,0.0, 173.8, 0.0,351.3, 203.6, 148.7,up,True,up-right
186,17,19,47,201,-89.9, 50.3, 118.5,0.0, 174.7, 0.0,351.3, 204.5, 148.7,right,False,up
187,17,19,47,616,-90.2, 50.2, 116.6,0.0, 182.8, 0.0,352.4, 212.0, 148.8,left,True,up-left
188,17,19,47,748,-90.1, 50.2, 115.9,0.0, 201.7, 0.0,354.9, 229.3, 148.9,up,False,left
189,17,19,48,10,-89.4, 50.2, 114.8,0.0, 212.9, 0.0,358.5, 238.3, 149.1,up,True,up-left
190,17,19,48,198,-89.0, 50.1, 114.0,0.0, 205.6, 0.0,357.2, 231.8, 149.0,left,False,up
191,17,19,48,282,-89.0, 50.0, 113.5,0.0, 175.1, 0.0,352.2, 204.4, 148.7,right,True,up-right
192,17,19,48,376,-88.9, 50.0, 113.1,0.0, 147.1, 0.0,348.4, 178.7, 148.3,up,False,right
193,17,19,48,896,-90.0, 50.0, 110.9,0.0, 110.9, 0.0,343.7, 143.1, 147.8,up,True,up-right
194,17,19,48,989,-90.0, 50.0, 110.4,0.0, 104.4, 0.0,342.5, 136.7, 147.7,right,False,up
195,17,19,49,563,-87.5, 49.7, 109.3,0.0, 89.6, 0.0,340.4, 122.3, 147.3,right,True,up-right
196,17,19,49,783,-86.5, 49.5, 108.9,0.0, 75.3, 0.0,338.6, 108.2, 147.0,up,False,right
197,17,19,50,46,-85.6, 49.4, 108.0,0.0, 61.7, 0.0,338.0, 94.7, 146.9,up,True,up-right
198,17,19,50,274,-84.6, 49.4, 107.6,0.0, 48.8, 0.0,337.7, 81.9, 146.9,up,False,right
199,17,19,50,445,-83.7, 49.4, 107.3,0.0, 37.4, 0.0,336.0, 70.8, 146.6,up,True,up-right
200,17,19,50,521,-83.3, 49.4, 107.3,0.0, 29.8, 0.0,334.9, 63.5, 146.3,right,False,up
201,17,19,50,571,-83.2, 49.4, 107.4,0.0, 25.0, 0.0,333.4, 59.0, 146.0,left,True,up-left
202,17,19,50,674,-83.1, 49.4, 107.9,0.0, 25.0, 0.0,333.4, 59.0, 146.0,up,False,left
203,17,19,50,755,-83.1, 49.4, 108.3,0.0, 25.0, 0.0,333.4, 59.0, 146.0,left,False,still
204,17,19,51,50,-82.9, 49.4, 109.4,0.0, 24.3, 0.0,333.1, 58.4, 145.9,left,True,left
205,17,19,51,367,-84.3, 49.4, 109.1,0.0, 317.0, 0.0,323.7, 353.8, 143.2,left,False,still
206,17,19,51,475,-84.7, 49.4, 108.7,0.0, 311.2, 0.0,324.2, 347.6, 143.4,up,True,up
207,17,19,51,664,-85.6, 49.4, 108.8,0.0, 304.5, 0.0,330.7, 335.4, 146.4,right,True,up-right
208,17,19,52,92,-87.3, 49.8, 110.1,0.0, 245.9, 0.0,326.6, 280.1, 144.7,right,False,up
209,17,19,52,280,-88.2, 49.9, 110.1,0.0, 236.0, 0.0,325.5, 271.2, 144.1,right,True,up-right
210,17,19,52,466,-89.1, 50.0, 110.2,0.0, 236.0, 0.0,325.4, 271.3, 144.1,right,False,up
211,17,19,52,601,-89.8, 50.0, 110.2,0.0, 235.1, 0.0,325.3, 270.5, 144.0,right,True,up-right
212,17,19,52,707,-90.3, 50.0, 110.2,0.0, 223.5, 0.0,324.3, 259.7, 143.5,right,False,up
213,17,19,52,872,-91.0, 50.0, 109.8,0.0, 199.1, 0.0,320.2, 237.3, 141.8,right,True,up-right
214,17,19,53,389,-93.2, 50.1, 108.4,0.0, 172.1, 0.0,317.1, 211.8, 140.3,up,False,right
215,17,19,53,969,-95.8, 50.3, 107.2,0.0, 164.8, 0.0,316.4, 204.9, 139.9,up,True,up-right
216,17,19,54,18,-95.9, 50.3, 107.1,0.0, 168.7, 0.0,316.4, 208.8, 139.9,right,False,up
217,17,19,54,59,-96.1, 50.4, 107.0,0.0, 179.1, 0.0,316.4, 219.2, 139.9,right,True,up-right
218,17,19,54,435,-97.7, 50.3, 106.0,0.0, 192.3, 0.0,316.1, 232.6, 139.7,right,False,up
219,17,19,55,176,-98.6, 49.8, 102.6,0.0, 206.1, 0.0,316.8, 243.8, 141.0,left,True,up-left
220,17,19,56,413,-100.0, 49.1, 96.7,0.0, 227.0, 0.0,333.7, 250.6, 149.2,left,False,up
221,17,19,56,733,-100.2, 49.0, 95.1,0.0, 197.5, 0.0,321.2, 230.8, 143.9,right,True,up-right
222,17,19,58,108,-102.2, 48.6, 89.0,0.0, 100.6, 0.0,309.4, 142.3, 136.8,right,False,up
223,17,19,58,807,-99.0, 48.5, 88.3,0.0, 97.1, 0.0,306.6, 143.3, 133.2,left,True,up-left
224,17,19,59,818,-94.5, 47.0, 88.6,0.0, 136.0, 0.0,299.1, 194.2, 121.8,left,False,up
225,17,20,00,989,-89.0, 46.6, 86.8,0.0, 105.6, 0.0,296.5, 170.0, 115.6,right,True,up-right
226,17,20,01,81,-88.6, 46.5, 86.5,0.0, 105.6, 0.0,296.5, 170.0, 115.6,up,False,right
227,17,20,01,300,-88.4, 46.2, 85.7,0.0, 104.9, 0.0,296.5, 169.3, 115.6,down,True,down-right
228,17,20,01,300,-88.4, 46.2, 85.7,0.0, 104.9, 0.0,296.5, 169.3, 115.6,right,False,down
229,17,20,01,659,-89.9, 45.9, 85.4,0.0, 106.6, 0.0,296.6, 170.6, 115.9,left,True,down-left
230,17,20,01,815,-90.6, 46.1, 85.8,0.0, 108.4, 0.0,296.7, 171.8, 116.5,left,False,down
231,17,20,01,952,-91.2, 46.2, 86.0,0.0, 106.1, 0.0,296.9, 168.5, 117.3,down,False,still
232,17,20,02,39,-91.4, 46.2, 86.1,0.0, 105.8, 0.0,297.0, 168.0, 117.5,up,True,up
233,17,20,02,320,-90.1, 46.1, 85.7,0.0, 105.8, 0.0,297.0, 168.0, 117.5,up,False,still
234,17,20,02,916,-89.3, 46.0, 85.4,0.0, 105.8, 0.0,297.0, 167.8, 117.7,right,True,right
235,17,20,02,974,-89.6, 45.9, 85.2,0.0, 110.6, 0.0,297.4, 171.3, 118.9,down,True,down-right
236,17,20,02,975,-89.6, 45.9, 85.2,0.0, 110.6, 0.0,297.4, 171.3, 118.9,down,False,right
237,17,20,03,215,-90.3, 45.4, 84.3,0.0, 134.6, 0.0,296.9, 197.2, 117.2,down,True,down-right
238,17,20,03,592,-92.1, 45.2, 84.0,0.0, 127.7, 0.0,295.8, 194.1, 113.6,right,False,down
239,17,20,03,875,-93.4, 45.3, 84.3,0.0, 126.7, 0.0,296.0, 192.4, 114.2,right,True,down-right
240,17,20,03,977,-93.9, 45.4, 84.4,0.0, 126.7, 0.0,296.0, 192.4, 114.2,down,False,right
241,17,20,04,393,-95.5, 45.2, 83.2,0.0, 126.0, 0.0,296.0, 191.7, 114.2,right,False,still
242,17,20,05,659,-96.6, 45.0, 81.8,0.0, 123.8, 0.0,296.1, 188.9, 114.7,right,True,right
243,17,20,05,711,-96.7, 44.9, 81.6,0.0, 124.1, 0.0,296.1, 189.2, 114.7,up,True,up-right
244,17,20,05,837,-96.7, 44.7, 81.0,0.0, 129.4, 0.0,295.2, 198.0, 111.4,right,False,up
245,17,20,06,377,-95.0, 43.6, 79.3,0.0, 138.4, 0.0,294.1, 211.2, 107.2,right,True,up-right
246,17,20,06,574,-94.8, 43.2, 78.4,0.0, 158.2, 0.0,292.5, 239.8, 98.3,right,False,up
247,17,20,07,678,-93.8, 41.4, 73.6,0.0, 162.8, 0.0,294.8, 225.3, 115.9,right,True,up-right
248,17,20,08,268,-93.8, 40.1, 71.0,0.0, 135.6, 0.0,291.3, 242.3, 73.3,right,False,up
249,17,20,08,804,-92.3, 39.0, 69.2,0.0, 128.2, 0.0,292.6, 248.2, 60.0,right,True,up-right
250,17,20,09,146,-91.6, 38.0, 68.0,0.0, 108.2, 0.0,300.4, 253.2, 35.0,up,False,right
251,17,20,09,807,-92.2, 36.4, 65.2,0.0, 77.6, 0.0,304.0, 228.1, 29.4,up,True,up-right
252,17,20,10,714,-88.9, 34.2, 63.8,0.0, 67.7, 0.0,291.9, 198.0, 47.4,right,False,up
253,17,20,11,13,-87.6, 33.6, 63.4,0.0, 93.5, 0.0,291.5, 222.6, 48.5,left,True,up-left
254,17,20,11,344,-86.2, 32.9, 64.0,0.0, 94.4, 0.0,291.5, 223.5, 48.5,left,False,up
255,17,20,11,535,-85.5, 32.6, 64.3,0.0, 94.4, 0.0,291.5, 223.5, 48.5,left,True,up-left
256,17,20,11,974,-83.7, 31.7, 65.1,0.0, 128.0, 0.0,290.4, 253.4, 51.9,up,False,left
257,17,20,12,348,-82.4, 31.0, 66.2,0.0, 128.8, 0.0,290.2, 253.3, 52.8,up,True,up-left
258,17,20,12,572,-81.6, 30.5, 66.7,0.0, 133.5, 0.0,288.1, 248.2, 62.0,up,False,left
259,17,20,12,983,-80.2, 29.8, 68.0,0.0, 108.5, 0.0,290.3, 233.5, 52.4,up,True,up-left
260,17,20,13,136,-79.9, 29.5, 68.6,0.0, 91.6, 0.0,292.9, 224.5, 45.0,left,False,up
261,17,20,13,999,-76.4, 27.6, 69.4,0.0, 74.9, 0.0,304.6, 226.0, 28.9,left,True,up-left
262,17,20,14,50,-76.1, 27.6, 69.5,0.0, 75.5, 0.0,306.6, 228.8, 26.6,up,False,left
263,17,20,15,259,-73.8, 26.9, 74.7,0.0, 122.0, 0.0,309.9, 279.2, 22.3,up,True,up-left
264,17,20,15,808,-71.6, 26.4, 76.3,0.0, 109.6, 0.0,294.0, 249.9, 36.7,left,False,up
265,17,20,16,188,-69.8, 26.0, 76.7,0.0, 78.5, 0.0,288.0, 202.7, 51.8,right,True,up-right
266,17,20,16,265,-69.4, 25.9, 76.7,0.0, 76.1, 0.0,287.0, 195.4, 56.5,up,False,right
267,17,20,16,596,-68.5, 25.2, 75.8,0.0, 68.5, 0.0,285.8, 125.2, 117.0,up,True,up-right
268,17,20,16,754,-68.0, 24.8, 75.3,0.0, 72.7, 0.0,294.9, 100.0, 144.7,right,False,up
269,17,20,17,160,-66.1, 24.1, 75.5,0.0, 75.8, 0.0,299.3, 97.0, 150.2,left,True,up-left
270,17,20,17,239,-65.8, 24.1, 75.7,0.0, 78.4, 0.0,298.6, 100.4, 149.4,left,False,up
271,17,20,17,430,-64.9, 23.7, 75.9,0.0, 100.4, 0.0,294.2, 129.0, 143.5,left,True,up-left
272,17,20,17,569,-64.3, 23.5, 76.0,0.0, 106.3, 0.0,297.0, 130.3, 147.7,left,False,up
273,17,20,18,383,-61.4, 22.2, 73.9,0.0, 151.1, 0.0,284.4, 224.2, 101.1,left,True,up-left
274,17,20,18,575,-60.8, 21.9, 73.4,0.0, 151.5, 0.0,284.1, 238.8, 87.3,left,False,up
275,17,20,18,725,-60.2, 21.8, 72.8,0.0, 154.4, 0.0,284.1, 243.4, 85.7,left,True,up-left
276,17,20,19,250,-58.1, 21.6, 71.4,0.0, 167.3, 0.0,284.5, 237.3, 104.2,left,False,up
277,17,20,19,733,-57.3, 21.2, 69.4,0.0, 168.1, 0.0,284.4, 240.8, 101.5,right,True,up-right
278,17,20,20,759,-58.0, 19.9, 64.6,0.0, 132.3, 0.0,285.7, 243.6, 64.2,up,False,right
279,17,20,22,571,-61.7, 17.7, 57.1,0.0, 153.7, 0.0,284.5, 251.9, 76.8,up,True,up-right
280,17,20,22,758,-62.3, 17.6, 56.6,0.0, 155.0, 0.0,284.4, 251.6, 78.3,right,False,up
281,17,20,23,484,-61.7, 16.6, 53.2,0.0, 164.8, 0.0,284.1, 246.8, 92.5,right,True,up-right
282,17,20,23,742,-62.0, 16.2, 52.0,0.0, 172.6, 0.0,284.4, 245.3, 101.5,right,False,up
283,17,20,24,367,-61.9, 15.5, 49.0,0.0, 168.9, 0.0,284.7, 237.0, 106.0,right,True,up-right
284,17,20,24,547,-62.0, 15.3, 48.2,0.0, 167.3, 0.0,284.7, 235.4, 106.0,right,False,up
285,17,20,24,693,-61.9, 15.1, 47.5,0.0, 166.6, 0.0,284.6, 235.4, 105.3,right,True,up-right
286,17,20,25,375,-61.7, 14.3, 44.3,0.0, 106.2, 0.0,285.2, 213.7, 67.8,up,False,right
287,17,20,26,442,-60.4, 13.3, 39.3,0.0, 62.0, 0.0,287.0, 181.3, 56.5,up,True,up-right
288,17,20,26,635,-59.7, 13.2, 38.7,0.0, 59.9, 0.0,286.6, 177.5, 58.1,up,False,right
289,17,20,26,967,-58.7, 12.9, 37.4,0.0, 59.1, 0.0,286.5, 175.8, 59.0,up,True,up-right
290,17,20,27,70,-58.4, 12.8, 37.0,0.0, 57.6, 0.0,286.4, 173.7, 59.6,up,False,right
291,17,20,27,183,-58.0, 12.7, 36.5,0.0, 55.4, 0.0,286.3, 171.1, 59.9,up,True,up-right
292,17,20,27,509,-56.5, 12.5, 36.1,0.0, 50.6, 0.0,286.0, 164.5, 61.7,right,False,up
293,17,20,27,725,-55.5, 12.5, 36.2,0.0, 51.3, 0.0,285.8, 163.6, 63.2,right,True,up-right
294,17,20,27,725,-55.5, 12.5, 36.2,0.0, 51.3, 0.0,285.8, 163.6, 63.2,up,False,right
295,17,20,27,898,-54.7, 12.5, 36.0,0.0, 52.8, 0.0,285.5, 162.4, 65.8,down,True,down-right
296,17,20,27,963,-54.5, 12.4, 35.7,0.0, 53.8, 0.0,285.3, 162.0, 67.1,right,False,down
297,17,20,28,303,-55.3, 12.1, 34.3,0.0, 59.2, 0.0,284.8, 162.0, 72.4,right,True,down-right
298,17,20,28,570,-55.9, 12.0, 33.2,0.0, 55.4, 0.0,284.8, 158.2, 72.4,right,False,down
299,17,20,28,790,-56.5, 12.0, 32.3,0.0, 58.1, 0.0,284.4, 155.9, 77.2,right,True,down-right
300,17,20,28,818,-56.6, 12.0, 32.3,0.0, 62.6, 0.0,284.3, 157.2, 80.3,down,False,right
301,17,20,29,37,-56.8, 12.0, 31.2,0.0, 73.3, 0.0,284.2, 165.1, 83.0,up,True,up-right
302,17,20,29,84,-56.7, 12.0, 31.0,0.0, 74.8, 0.0,284.2, 165.8, 83.8,right,False,up
303,17,20,29,773,-53.6, 11.6, 30.0,0.0, 135.9, 0.0,284.1, 225.7, 85.0,left,True,up-left
304,17,20,30,267,-51.5, 11.4, 28.7,0.0, 166.6, 0.0,284.1, 249.8, 91.3,left,False,up
305,17,20,30,734,-50.7, 11.5, 26.7,0.0, 192.2, 0.0,284.5, 263.3, 103.0,left,True,up-left
306,17,20,31,527,-50.0, 12.1, 22.8,0.0, 226.0, 0.0,288.6, 268.7, 130.4,left,False,up
307,17,20,31,823,-50.5, 12.5, 21.5,0.0, 226.0, 0.0,288.6, 268.7, 130.4,left,True,up-left
308,17,20,31,956,-50.7, 12.6, 21.0,0.0, 213.2, 0.0,284.7, 280.5, 106.8,left,False,up
309,17,20,32,277,-51.4, 13.1, 19.6,0.0, 212.7, 0.0,284.7, 280.8, 106.0,right,True,up-right
310,17,20,32,386,-51.8, 13.2, 19.2,0.0, 212.5, 0.0,284.6, 280.9, 105.7,right,False,up
311,17,20,33,426,-54.4, 13.3, 14.8,0.0, 223.0, 0.0,285.7, 281.0, 115.7,up,False,still
312,17,20,33,506,-54.7, 13.3, 14.5,0.0, 229.7, 0.0,285.9, 285.8, 117.6,left,True,left
313,17,20,33,612,-54.8, 13.2, 14.1,0.0, 242.7, 0.0,286.2, 297.2, 119.1,down,True,down-left
314,17,20,33,927,-53.8, 12.9, 12.8,0.0, 262.1, 0.0,288.8, 304.3, 130.9,down,False,left
315,17,20,34,674,-52.1, 12.0, 10.0,0.0, 277.1, 0.0,294.3, 305.4, 143.8,down,True,down-left
316,17,20,34,968,-51.6, 11.8, 8.6,0.0, 276.8, 0.0,294.4, 305.0, 143.9,down,False,left
317,17,20,35,77,-51.4, 11.6, 8.2,0.0, 271.5, 0.0,293.3, 301.7, 142.0,left,False,still
318,17,20,35,908,-51.4, 11.3, 6.8,0.0, 304.2, 0.0,291.3, 338.9, 137.9,up,True,up
319,17,20,36,325,-52.9, 11.9, 8.1,0.0, 316.6, 0.0,291.6, 350.5, 138.6,up,False,still
320,17,20,36,429,-53.2, 11.9, 8.5,0.0, 314.6, 0.0,291.6, 348.5, 138.6,right,True,right
321,17,20,36,577,-53.4, 12.0, 9.2,0.0, 265.6, 0.0,287.1, 315.0, 124.0,right,False,still
322,17,20,37,35,-53.7, 12.1, 9.9,0.0, 230.6, 0.0,292.2, 263.1, 139.9,right,True,right
323,17,20,37,489,-55.1, 12.7, 11.6,0.0, 226.7, 0.0,292.0, 259.7, 139.4,right,False,still
324,17,20,37,624,-55.5, 12.8, 11.9,0.0, 208.1, 0.0,290.6, 244.5, 136.3,left,True,left
325,17,20,37,835,-54.5, 12.7, 12.0,0.0, 158.0, 0.0,284.3, 231.9, 100.4,left,False,still
326,17,20,38,333,-53.9, 12.7, 12.0,0.0, 148.9, 0.0,299.9, 297.6, 29.2,up,True,up
327,17,20,38,696,-52.9, 12.2, 10.6,0.0, 148.4, 0.0,299.9, 297.1, 29.2,left,True,up-left
328,17,20,39,15,-51.5, 12.1, 10.4,0.0, 101.4, 0.0,297.7, 247.4, 31.6,left,False,up
329,17,20,39,730,-48.0, 12.0, 10.9,0.0, 71.0, 0.0,301.4, 221.3, 27.8,left,True,up-left
330,17,20,39,832,-47.5, 12.0, 11.1,0.0, 71.0, 0.0,301.4, 221.3, 27.8,left,False,up
331,17,20,41,68,-42.1, 12.2, 14.0,0.0, 63.1, 0.0,301.8, 213.8, 27.5,left,True,up-left
332,17,20,41,231,-41.5, 12.2, 14.6,0.0, 66.7, 0.0,301.8, 217.4, 27.5,left,False,up
333,17,20,41,514,-40.2, 12.1, 15.0,0.0, 96.1, 0.0,301.5, 246.5, 27.8,left,True,up-left
334,17,20,41,933,-38.2, 11.8, 15.0,0.0, 148.7, 0.0,303.3, 300.8, 26.3,up,False,left
335,17,20,42,476,-35.6, 11.2, 15.4,0.0, 162.7, 0.0,304.3, 315.7, 25.6,up,True,up-left
336,17,20,42,998,-33.3, 10.7, 14.6,0.0, 169.4, 0.0,303.7, 321.9, 26.0,up,False,left
337,17,20,43,549,-30.6, 10.6, 14.5,0.0, 157.1, 0.0,304.9, 310.6, 25.2,up,True,up-left
338,17,20,44,95,-27.9, 10.6, 14.3,0.0, 102.0, 0.0,305.0, 255.6, 25.1,left,False,up
339,17,20,44,123,-27.7, 10.6, 14.2,0.0, 102.0, 0.0,305.0, 255.6, 25.1,right,True,up-right
340,17,20,44,511,-26.3, 10.4, 13.1,0.0, 83.7, 0.0,307.0, 238.8, 23.8,up,False,right
341,17,20,44,734,-25.5, 10.4, 12.3,0.0, 69.2, 0.0,306.7, 224.1, 24.0,up,True,up-right
342,17,20,45,78,-24.1, 10.5, 11.4,0.0, 107.7, 0.0,306.2, 262.2, 24.3,right,False,up
343,17,20,45,117,-23.9, 10.5, 11.4,0.0, 118.2, 0.0,307.4, 273.6, 23.6,left,True,up-left
344,17,20,45,236,-23.3, 10.6, 11.1,0.0, 132.2, 0.0,309.2, 288.9, 22.6,up,False,left
345,17,20,45,872,-20.4, 10.8, 12.2,0.0, 144.6, 0.0,311.7, 302.8, 21.5,up,True,up-left
346,17,20,46,168,-19.1, 10.8, 12.9,0.0, 106.7, 0.0,308.6, 262.9, 23.0,left,False,up
347,17,20,46,294,-18.5, 10.9, 13.0,0.0, 92.6, 0.0,307.7, 248.3, 23.4,right,True,up-right
348,17,20,46,562,-17.2, 11.1, 12.6,0.0, 67.4, 0.0,310.6, 225.0, 22.0,up,False,right
349,17,20,46,985,-15.8, 11.2, 11.1,0.0, 48.8, 0.0,312.5, 207.5, 21.1,up,True,up-right
350,17,20,47,413,-13.8, 11.3, 10.9,0.0, 38.7, 0.0,311.7, 196.9, 21.5,up,False,right
351,17,20,47,666,-12.5, 11.3, 10.6,0.0, 44.7, 0.0,309.8, 201.7, 22.4,up,True,up-right
352,17,20,47,826,-11.7, 11.3, 10.4,0.0, 53.9, 0.0,306.4, 208.6, 24.2,up,False,right
353,17,20,48,533,-9.5, 11.5, 7.8,0.0, 54.1, 0.0,305.1, 207.8, 25.0,up,True,up-right
354,17,20,48,881,-7.9, 11.7, 7.1,0.0, 71.0, 0.0,305.1, 224.7, 25.0,right,False,up
355,17,20,49,138,-6.7, 11.6, 7.0,0.0, 53.6, 0.0,306.8, 208.6, 24.0,right,True,up-right
356,17,20,49,438,-5.3, 11.2, 6.8,0.0, 85.7, 0.0,305.8, 239.9, 24.6,up,False,right
357,17,20,49,814,-4.9, 11.8, 5.2,0.0, 117.0, 0.0,305.5, 271.0, 24.7,down,True,down-right
358,17,20,49,945,-5.3, 12.2, 4.8,0.0, 133.4, 0.0,305.5, 287.4, 24.7,down,False,right
359,17,20,50,126,-5.9, 12.0, 4.3,0.0, 140.0, 0.0,303.5, 292.3, 26.2,up,True,up-right
360,17,20,50,262,-6.1, 12.0, 3.7,0.0, 155.3, 0.0,302.1, 306.3, 27.2,left,True,up-right
361,17,20,50,262,-6.1, 12.0, 3.7,0.0, 155.3, 0.0,302.1, 306.3, 27.2,right,False,up
362,17,20,50,500,-5.3, 12.0, 2.9,0.0, 164.9, 0.0,301.3, 315.1, 27.9,left,False,up-left
363,17,20,51,88,-5.3, 11.9, 0.1,0.0, 197.3, 0.0,304.0, 350.1, 25.8,left,True,up
364,17,20,52,72,-3.5, 12.8, -4.3,0.0, 166.6, 0.0,304.4, 319.7, 25.5,left,False,up-left
365,17,20,52,249,-2.8, 12.9, -4.8,0.0, 153.3, 0.0,305.1, 307.0, 25.0,right,True,up-left
366,17,20,52,487,-2.7, 13.1, -6.0,0.0, 136.3, 0.0,304.5, 289.5, 25.4,right,False,up-left
367,17,20,52,646,-2.2, 13.2, -6.6,0.0, 98.7, 0.0,304.5, 251.9, 25.4,right,True,up-left
368,17,20,52,773,-1.7, 13.2, -6.9,0.0, 97.7, 0.0,304.4, 250.8, 25.5,up,False,left
369,17,20,54,452,3.4, 15.0, -13.0,0.0, 36.3, 0.0,307.0, 191.4, 23.8,down,True,down-left
370,17,20,54,726,3.7, 15.3, -14.3,0.0, 67.4, 0.0,305.0, 221.0, 25.1,down,False,left
371,17,20,54,875,3.7, 15.5, -15.0,0.0, 68.0, 0.0,305.0, 221.6, 25.1,up,True,up-left
372,17,20,55,254,5.0, 16.1, -16.1,0.0, 91.5, 0.0,304.2, 244.4, 25.7,right,False,up-left
373,17,20,55,651,6.7, 16.7, -17.0,0.0, 102.1, 0.0,304.3, 255.1, 25.6,left,True,up
374,17,20,56,82,8.7, 17.1, -16.8,0.0, 163.3, 0.0,307.1, 318.5, 23.8,up,False,still
375,17,20,56,624,11.3, 17.0, -17.5,0.0, 197.8, 0.0,307.1, 353.0, 23.8,down,True,down
376,17,20,56,937,12.7, 17.3, -17.4,0.0, 205.0, 0.0,307.1, 0.2, 23.8,down,False,still
377,17,20,57,608,16.0, 17.4, -18.1,0.0, 198.4, 0.0,308.9, 354.9, 22.8,up,True,up
378,17,20,58,202,17.9, 17.0, -20.3,0.0, 192.6, 0.0,309.7, 349.6, 22.4,left,False,up-left
379,17,20,58,253,17.9, 17.0, -20.5,0.0, 201.2, 0.0,308.0, 357.1, 23.3,right,True,up-left
380,17,20,58,728,16.0, 17.0, -21.8,0.0, 203.5, 0.0,307.5, 359.0, 23.5,right,False,up-left
381,17,20,58,834,15.6, 17.0, -22.0,0.0, 203.5, 0.0,307.5, 359.0, 23.5,right,True,up-left
382,17,20,59,48,14.6, 17.0, -22.5,0.0, 160.7, 0.0,308.9, 317.2, 22.8,right,False,up-left
383,17,20,59,985,18.4, 16.7, -23.8,0.0, 96.1, 0.0,306.8, 251.5, 23.3,left,True,up
384,17,20,59,985,18.4, 16.7, -23.8,0.0, 96.1, 0.0,306.8, 251.5, 23.3,up,False,still
385,17,21,00,225,19.4, 16.6, -23.3,0.0, 110.4, 0.0,294.2, 252.0, 35.2,left,False,left
386,17,21,00,304,19.6, 16.6, -22.9,0.0, 110.9, 0.0,292.1, 248.4, 39.0,down,True,down-left
387,17,21,00,998,16.6, 17.0, -21.6,0.0, 108.4, 0.0,291.8, 245.4, 39.5,right,True,down-left
388,17,21,01,158,15.9, 17.0, -21.7,0.0, 104.9, 0.0,295.0, 247.8, 34.1,down,False,left
389,17,21,02,334,14.3, 16.7, -27.1,0.0, 90.4, 0.0,299.5, 239.3, 28.7,up,True,up-left
390,17,21,02,335,14.3, 16.7, -27.1,0.0, 90.4, 0.0,299.5, 239.3, 28.7,right,False,up-left
391,17,21,02,361,14.5, 16.7, -27.1,0.0, 85.7, 0.0,300.1, 235.3, 28.1,left,True,up
392,17,21,02,563,15.1, 16.7, -26.3,0.0, 44.4, 0.0,305.9, 199.1, 23.8,left,False,up-left
393,17,21,03,314,17.3, 16.8, -23.4,0.0, 26.4, 0.0,309.1, 183.4, 22.0,right,True,up-left
394,17,21,03,498,18.0, 16.8, -22.8,0.0, 30.2, 0.0,309.1, 187.2, 22.0,right,False,up-left
395,17,21,04,133,20.7, 16.6, -21.1,0.0, 64.7, 0.0,311.1, 222.9, 21.1,left,True,up
396,17,21,04,488,22.0, 16.4, -19.9,0.0, 86.3, 0.0,311.1, 244.5, 21.1,left,False,up-left
397,17,21,04,648,22.7, 16.3, -19.5,0.0, 86.3, 0.0,311.1, 244.5, 21.1,left,True,up
398,17,21,05,503,26.3, 17.0, -17.4,0.0, 109.4, 0.0,317.4, 271.0, 18.4,left,False,up-left
399,17,21,05,770,27.6, 17.0, -17.3,0.0, 108.0, 0.0,320.9, 271.4, 16.6,left,True,up
400,17,21,05,982,28.5, 16.9, -16.8,0.0, 74.2, 0.0,326.7, 240.0, 14.1,left,False,up-left
401,17,21,06,436,30.4, 16.6, -15.8,0.0, 70.8, 0.0,330.4, 237.9, 12.9,up,False,left
402,17,21,06,463,30.6, 16.6, -15.7,0.0, 70.8, 0.0,330.4, 237.9, 12.9,left,True,still
403,17,21,07,682,27.9, 16.1, -11.1,0.0, 32.8, 0.0,340.5, 202.6, 10.2,up,True,up
404,17,21,07,762,27.7, 16.1, -10.8,0.0, 32.8, 0.0,340.5, 202.6, 10.2,left,False,up-left
405,17,21,08,547,29.6, 14.7, -8.2,0.0, 60.1, 0.0,336.8, 229.2, 10.5,right,True,up-left
406,17,21,08,638,30.0, 14.6, -8.2,0.0, 60.2, 0.0,336.8, 229.3, 10.5,right,False,up-left
407,17,21,09,168,32.3, 13.5, -7.4,0.0, 85.7, 0.0,329.3, 253.1, 11.2,left,True,up
408,17,21,09,528,33.6, 12.6, -6.6,0.0, 86.3, 0.0,328.9, 253.6, 11.3,up,False,still
409,17,21,09,656,33.8, 12.3, -6.1,0.0, 86.3, 0.0,328.9, 253.6, 11.3,left,False,left
410,17,21,09,822,34.1, 12.3, -5.3,0.0, 86.0, 0.0,328.8, 253.3, 11.3,up,True,up-left
411,17,21,10,288,35.4, 11.0, -4.0,0.0, 69.2, 0.0,331.7, 237.2, 10.9,up,False,left
412,17,21,10,351,35.6, 10.6, -3.8,0.0, 71.8, 0.0,331.2, 239.7, 11.0,right,True,left
413,17,21,10,791,36.5, 10.9, -5.5,0.0, 90.4, 0.0,327.7, 257.5, 11.4,up,True,up-left
414,17,21,10,996,36.9, 11.2, -6.3,0.0, 100.2, 0.0,325.9, 266.8, 11.6,right,False,up-left
415,17,21,11,116,37.2, 11.4, -6.6,0.0, 140.0, 0.0,320.3, 305.1, 12.6,right,True,up-left
416,17,21,11,268,37.0, 11.9, -7.3,0.0, 162.1, 0.0,317.4, 326.4, 13.1,up,False,left
417,17,21,11,473,36.2, 12.2, -7.6,0.0, 177.9, 0.0,314.3, 341.1, 13.8,up,True,up-left
418,17,21,12,651,32.9, 13.7, -8.6,0.0, 165.3, 0.0,313.7, 328.3, 14.0,up,False,left
419,17,21,13,48,32.4, 14.6, -10.4,0.0, 106.7, 0.0,328.5, 273.9, 11.3,down,True,down-left
420,17,21,13,340,31.7, 15.0, -10.8,0.0, 101.8, 0.0,330.4, 269.5, 11.1,down,False,left
421,17,21,13,824,31.2, 15.8, -12.9,0.0, 92.9, 0.0,336.7, 261.9, 10.5,up,True,up-left
422,17,21,14,169,31.8, 16.0, -14.4,0.0, 103.7, 0.0,333.9, 272.1, 10.7,right,False,up-left
423,17,21,14,410,32.8, 16.0, -15.2,0.0, 103.1, 0.0,334.3, 271.6, 10.7,right,True,up-left
424,17,21,14,597,33.3, 16.1, -15.8,0.0, 108.2, 0.0,334.7, 276.8, 10.7,up,False,left
425,17,21,14,998,32.6, 16.5, -17.2,0.0, 113.6, 0.0,338.8, 283.0, 10.3,up,True,up-left
426,17,21,15,51,32.6, 16.5, -17.5,0.0, 104.1, 0.0,341.7, 274.1, 9.9,right,False,up-left
427,17,21,15,294,33.5, 16.5, -18.0,0.0, 66.9, 0.0,350.8, 238.6, 8.3,left,True,up
428,17,21,15,295,33.5, 16.5, -18.0,0.0, 66.9, 0.0,350.8, 238.6, 8.3,up,False,still
429,17,21,15,763,32.5, 16.3, -16.5,0.0, 0.8, 0.0,357.5, 173.5, 7.3,up,True,up
430,17,21,16,365,29.7, 16.7, -15.4,0.0, 341.5, 0.0,1.2, 154.7, 6.8,up,False,still
431,17,21,16,717,28.1, 16.8, -15.1,0.0, 359.5, 0.0,358.3, 172.3, 6.8,down,True,down
432,17,21,16,987,26.8, 17.0, -15.7,0.0, 8.3, 0.0,358.3, 181.1, 6.8,down,False,still
433,17,21,17,662,23.6, 16.5, -15.6,0.0, 338.0, 0.0,359.6, 151.0, 6.8,up,True,up
434,17,21,18,64,21.7, 16.3, -16.0,0.0, 290.3, 0.0,1.3, 103.5, 6.8,left,False,up-left
435,17,21,19,54,16.9, 17.0, -15.9,0.0, 265.7, 0.0,0.5, 78.8, 6.8,left,True,up
436,17,21,19,556,16.1, 17.4, -18.1,0.0, 233.9, 0.0,2.1, 47.2, 6.7,left,False,up-left
437,17,21,20,88,14.5, 17.4, -20.2,0.0, 235.0, 0.0,351.9, 47.1, 6.8,left,True,up
438,17,21,20,188,14.1, 17.4, -20.5,0.0, 240.7, 0.0,353.9, 53.0, 6.7,left,False,up-left
439,17,21,22,465,4.1, 16.4, -25.1,0.0, 273.8, 0.0,352.4, 85.9, 6.8,left,True,up
440,17,21,22,642,3.3, 16.3, -25.4,0.0, 280.4, 0.0,352.4, 92.5, 6.8,left,False,up-left
441,17,21,22,778,2.7, 16.3, -25.4,0.0, 291.8, 0.0,352.5, 103.9, 6.8,left,True,up
442,17,21,23,478,-0.6, 16.4, -26.5,0.0, 280.2, 0.0,357.1, 92.9, 6.7,left,False,up-left
443,17,21,24,138,-3.7, 16.7, -27.1,0.0, 251.9, 0.0,359.3, 64.8, 6.7,right,True,up-left
444,17,21,24,783,-6.8, 17.4, -26.3,0.0, 245.4, 0.0,358.9, 58.3, 6.7,right,False,up-left
445,17,21,25,412,-9.7, 17.7, -27.1,0.0, 245.3, 0.0,358.8, 58.2, 6.7,right,True,up-left
446,17,21,25,790,-11.0, 17.8, -26.4,0.0, 232.1, 0.0,359.5, 45.1, 6.7,right,False,up-left
447,17,21,25,844,-11.2, 18.0, -26.2,0.0, 231.8, 0.0,359.4, 44.7, 6.7,right,True,up-left
448,17,21,26,30,-12.1, 18.0, -26.1,0.0, 231.8, 0.0,359.4, 44.7, 6.7,up,False,left
449,17,21,26,110,-12.5, 18.0, -26.0,0.0, 234.5, 0.0,358.5, 47.3, 6.7,right,False,left
450,17,21,26,401,-13.7, 17.8, -25.3,0.0, 242.6, 0.0,359.7, 55.6, 6.7,up,True,up-left
451,17,21,26,565,-14.5, 17.9, -25.7,0.0, 241.9, 0.0,2.1, 55.2, 6.7,left,True,up
452,17,21,26,627,-14.7, 17.7, -25.8,0.0, 239.4, 0.0,3.4, 52.8, 6.6,left,False,up-left
453,17,21,27,606,-18.6, 16.6, -27.3,0.0, 261.7, 0.0,37.3, 77.6, 3.5,up,False,left
454,17,21,27,798,-19.0, 16.1, -27.3,0.0, 282.3, 0.0,39.4, 98.4, 3.6,left,True,still
455,17,21,28,747,-20.3, 16.8, -29.0,0.0, 285.6, 0.0,46.0, 102.1, 3.5,up,True,up
456,17,21,28,861,-20.3, 16.8, -29.0,0.0, 252.7, 0.0,43.2, 68.9, 3.3,up,False,still
457,17,21,29,496,-18.6, 17.9, -29.7,0.0, 208.7, 0.0,26.7, 23.9, 2.7,up,True,up
458,17,21,29,683,-18.2, 18.0, -29.6,0.0, 208.6, 0.0,26.6, 23.8, 2.7,left,False,up-left
459,17,21,30,154,-19.5, 17.7, -29.9,0.0, 221.8, 0.0,26.0, 36.9, 2.7,right,True,up-left
460,17,21,30,532,-20.7, 17.8, -29.2,0.0, 270.6, 0.0,48.0, 87.2, 3.4,right,False,up-left
461,17,21,30,720,-21.6, 17.9, -28.8,0.0, 268.9, 0.0,57.0, 85.8, 3.1,left,True,up
462,17,21,30,902,-22.4, 17.7, -29.2,0.0, 271.9, 0.0,67.6, 89.2, 2.7,up,False,still
463,17,21,30,978,-22.6, 17.6, -29.4,0.0, 273.7, 0.0,69.0, 91.0, 2.7,left,False,left
464,17,21,31,242,-23.5, 17.3, -29.8,0.0, 287.0, 0.0,72.0, 104.4, 2.6,down,True,down-left
465,17,21,31,294,-23.5, 17.4, -29.9,0.0, 289.9, 0.0,72.0, 107.3, 2.6,left,True,down
466,17,21,31,369,-23.4, 17.5, -30.3,0.0, 295.1, 0.0,72.0, 112.5, 2.6,down,False,still
467,17,21,31,592,-24.0, 17.5, -31.0,0.0, 311.6, 0.0,72.4, 129.0, 2.6,down,True,down
468,17,21,31,593,-24.0, 17.5, -31.0,0.0, 311.6, 0.0,72.4, 129.0, 2.6,left,False,down-left
469,17,21,31,875,-23.7, 17.5, -30.9,0.0, 325.5, 0.0,66.5, 142.2, 1.9,left,True,down
470,17,21,32,7,-23.8, 17.5, -31.0,0.0, 335.6, 0.0,63.5, 152.1, 1.7,left,False,down-left
471,17,21,32,211,-23.8, 17.5, -31.0,0.0, 336.3, 0.0,62.9, 152.7, 1.7,left,True,down
472,17,21,32,315,-23.9, 17.5, -31.0,0.0, 301.6, 0.0,68.1, 118.4, 2.1,down,False,still
473,17,21,33,147,-24.2, 17.4, -31.1,0.0, 238.2, 0.0,55.7, 54.3, 1.4,up,True,up
474,17,21,33,197,-24.2, 17.4, -31.1,0.0, 237.8, 0.0,55.2, 53.8, 1.4,left,False,up-left
475,17,21,33,666,-25.7, 16.7, -31.5,0.0, 231.4, 0.0,43.2, 47.0, 1.1,left,True,up
476,17,21,33,918,-26.7, 16.2, -31.7,0.0, 267.9, 0.0,54.2, 83.9, 1.3,up,False,still
477,17,21,35,8,-28.1, 15.0, -32.1,0.0, 237.7, 0.0,40.2, 53.3, 1.0,up,True,up
478,17,21,35,8,-28.1, 15.0, -32.1,0.0, 237.7, 0.0,40.2, 53.3, 1.0,left,False,up-left
479,17,21,35,404,-28.9, 15.2, -32.1,0.0, 230.6, 0.0,32.5, 46.0, 0.9,left,True,up
480,17,21,35,753,-29.7, 15.3, -32.5,0.0, 220.4, 0.0,23.5, 35.7, 0.8,left,False,up-left
481,17,21,36,208,-31.3, 15.4, -32.9,0.0, 238.7, 0.0,28.0, 54.0, 0.9,left,True,up
482,17,21,36,589,-32.9, 15.7, -33.3,0.0, 285.8, 0.0,56.2, 101.9, 1.4,up,False,still
483,17,21,37,739,-36.7, 15.3, -34.3,0.0, 250.2, 0.0,46.1, 65.9, 1.1,up,True,up
484,17,21,37,897,-36.7, 15.2, -34.3,0.0, 237.8, 0.0,33.2, 53.2, 0.9,left,False,up-left
485,17,21,38,249,-36.7, 15.1, -34.3,0.0, 225.8, 0.0,14.0, 40.9, 0.8,right,True,up-left
486,17,21,38,647,-37.2, 14.2, -34.2,0.0, 212.3, 0.0,7.8, 27.3, 0.8,up,False,left
487,17,21,39,22,-38.6, 12.5, -33.4,0.0, 274.4, 0.0,36.3, 89.9, 1.0,right,False,left
488,17,21,39,364,-38.4, 12.0, -32.1,0.0, 305.4, 0.0,49.9, 121.2, 1.2,up,True,up-left
489,17,21,39,657,-39.5, 11.8, -31.3,0.0, 317.9, 0.0,53.5, 133.9, 1.3,left,True,up
490,17,21,39,749,-40.0, 11.6, -31.1,0.0, 320.0, 0.0,53.7, 136.0, 1.3,left,False,up-left
491,17,21,41,798,-44.0, 7.9, -24.0,0.0, 351.0, 0.0,31.8, 166.4, 0.9,right,True,up-left
492,17,21,42,108,-44.5, 7.4, -22.7,0.0, 314.9, 0.0,25.5, 130.2, 0.9,right,False,up-left
493,17,21,42,231,-44.7, 7.3, -22.1,0.0, 312.9, 0.0,25.2, 128.2, 0.9,right,True,up-left
494,17,21,43,157,-45.1, 6.2, -17.8,0.0, 346.1, 0.0,18.0, 161.3, 0.8,right,False,up-left
495,17,21,43,555,-45.0, 5.9, -15.8,0.0, 350.6, 0.0,18.3, 165.8, 0.8,right,True,up-left
496,17,21,43,714,-44.8, 5.8, -15.1,0.0, 3.3, 0.0,19.3, 178.5, 0.8,right,False,up-left
497,17,21,44,16,-44.4, 5.5, -13.7,0.0, 35.6, 0.0,24.1, 210.9, 0.8,left,True,up
498,17,21,44,209,-44.3, 5.5, -12.7,0.0, 37.0, 0.0,24.6, 212.3, 0.9,up,False,still
499,17,21,44,466,-44.8, 5.6, -11.6,0.0, 38.5, 0.0,24.9, 213.8, 0.9,up,True,up
500,17,21,44,742,-45.1, 5.7, -10.2,0.0, 38.5, 0.0,24.9, 213.8, 0.9,left,False,up-left
501,17,21,46,315,-39.7, 5.5, -5.0,0.0, 52.6, 0.0,25.0, 227.9, 0.9,right,True,up-left
502,17,21,47,48,-36.1, 6.1, -4.4,0.0, 39.1, 0.0,23.0, 214.3, 0.8,right,False,up-left
503,17,21,47,313,-35.0, 6.4, -3.8,0.0, 39.2, 0.0,22.6, 214.4, 0.8,right,True,up-left
504,17,21,48,835,-27.8, 8.0, -2.3,0.0, 27.6, 0.0,22.4, 202.8, 0.8,up,False,left
505,17,21,48,911,-27.4, 8.1, -2.3,0.0, 27.6, 0.0,22.4, 202.8, 0.8,up,True,up-left
506,17,21,52,37,-12.4, 11.2, 0.0,0.0, 31.1, 0.0,24.6, 206.4, 0.9,up,False,left
507,17,21,52,868,-8.7, 11.8, -1.6,0.0, 41.2, 0.0,24.7, 216.5, 0.9,up,True,up-left
508,17,21,53,564,-5.8, 12.4, -3.3,0.0, 88.4, 0.0,29.1, 263.7, 0.9,right,False,up-left
509,17,21,54,113,-3.3, 12.8, -4.3,0.0, 106.2, 0.0,25.4, 281.5, 0.9,right,True,up-left
510,17,21,54,702,-2.0, 13.2, -6.7,0.0, 129.0, 0.0,25.7, 304.3, 0.9,right,False,up-left
511,17,21,55,637,1.2, 14.2, -9.7,0.0, 104.3, 0.0,27.7, 279.6, 0.9,right,True,up-left
512,17,21,55,929,2.3, 14.5, -10.6,0.0, 101.3, 0.0,28.0, 276.6, 0.9,right,False,up-left
513,17,21,56,226,3.5, 14.9, -11.3,0.0, 100.0, 0.0,28.9, 275.3, 0.9,right,True,up-left
514,17,21,57,578,8.5, 17.2, -14.9,0.0, 74.0, 0.0,35.6, 249.5, 1.0,right,False,up-left
515,17,21,57,868,10.0, 17.1, -15.1,0.0, 70.1, 0.0,36.3, 245.6, 1.0,right,True,up-left
516,17,21,58,80,11.0, 17.1, -15.0,0.0, 36.8, 0.0,37.5, 212.3, 1.0,up,False,left
517,17,21,58,906,15.1, 17.4, -15.4,0.0, 0.2, 0.0,37.1, 175.7, 1.0,up,True,up-left
518,17,21,59,508,17.4, 17.0, -13.6,0.0, 35.6, 0.0,38.0, 211.1, 1.0,right,False,up-left
519,17,21,59,975,18.9, 16.6, -12.1,0.0, 36.8, 0.0,39.2, 212.3, 1.0,left,True,up
520,17,22,00,239,19.2, 16.5, -10.8,0.0, 39.1, 0.0,41.3, 214.7, 1.0,left,False,up-left
521,17,22,00,518,19.9, 16.2, -9.7,0.0, 58.5, 0.0,42.2, 234.1, 1.0,left,True,up
522,17,22,00,882,20.7, 16.6, -8.1,0.0, 59.0, 0.0,43.5, 234.7, 1.1,up,False,still
523,17,22,01,207,20.4, 16.9, -6.6,0.0, 58.7, 0.0,44.5, 234.4, 1.1,up,True,up
524,17,22,01,425,20.1, 17.1, -5.5,0.0, 21.3, 0.0,50.0, 197.1, 1.2,left,False,up-left
525,17,22,01,708,20.0, 17.4, -4.2,0.0, 6.9, 0.0,50.3, 182.8, 1.2,right,True,up-left
526,17,22,01,982,20.5, 17.7, -2.9,0.0, 350.6, 0.0,50.3, 166.5, 1.2,right,False,up-left
527,17,22,02,192,20.4, 17.9, -2.0,0.0, 332.6, 0.0,49.9, 148.4, 1.2,right,True,up-left
528,17,22,02,706,20.4, 18.5, 0.6,0.0, 309.6, 0.0,50.1, 125.4, 1.2,up,False,left
529,17,22,03,29,21.0, 18.7, 2.0,0.0, 302.1, 0.0,50.3, 118.0, 1.2,up,True,up-left
530,17,22,03,871,20.2, 18.7, 6.1,0.0, 300.2, 0.0,50.3, 116.1, 1.2,up,False,left
531,17,22,04,347,20.9, 18.7, 8.3,0.0, 302.6, 0.0,53.3, 118.6, 1.3,up,True,up-left
532,17,22,04,486,21.1, 18.7, 9.0,0.0, 335.7, 0.0,54.2, 151.7, 1.3,right,False,up-left
533,17,22,04,529,21.0, 18.7, 9.2,0.0, 351.9, 0.0,56.6, 168.0, 1.4,left,True,up
534,17,22,04,827,20.5, 18.7, 10.6,0.0, 20.9, 0.0,60.6, 197.2, 1.6,up,False,still
535,17,22,05,166,19.5, 18.7, 11.9,0.0, 45.5, 0.0,64.2, 222.0, 1.8,up,True,up
536,17,22,05,745,19.8, 18.7, 14.7,0.0, 69.2, 0.0,65.6, 245.8, 1.9,up,False,still
537,17,22,06,87,19.9, 18.7, 16.4,0.0, 88.6, 0.0,63.8, 265.1, 1.8,down,True,down
538,17,22,07,62,18.8, 18.7, 21.1,0.0, 130.1, 0.0,56.0, 306.2, 1.4,down,False,still
539,17,22,07,241,19.0, 18.7, 22.0,0.0, 133.6, 0.0,55.7, 309.7, 1.4,down,True,down
540,17,22,07,750,19.5, 18.7, 24.4,0.0, 158.2, 0.0,51.7, 334.1, 1.3,left,False,down-left
541,17,22,08,511,19.3, 18.7, 28.1,0.0, 176.5, 0.0,53.4, 352.5, 1.3,right,True,down-left
542,17,22,08,779,18.7, 18.7, 29.3,0.0, 189.3, 0.0,58.4, 5.5, 1.5,right,False,down-left
543,17,22,09,190,19.4, 18.7, 31.2,0.0, 229.0, 0.0,71.6, 46.2, 2.5,right,True,down-left
544,17,22,09,408,19.9, 18.7, 32.2,0.0, 245.3, 0.0,73.8, 62.7, 2.6,down,False,left
545,17,22,09,523,19.9, 18.7, 32.7,0.0, 252.5, 0.0,73.8, 69.9, 2.6,up,True,up-left
546,17,22,10,680,17.9, 18.8, 37.9,0.0, 314.2, 0.0,81.4, 131.8, 2.3,right,False,up-left
547,17,22,10,924,17.7, 18.8, 39.1,0.0, 312.1, 0.0,81.4, 129.7, 2.3,right,True,up-left
548,17,22,11,218,17.7, 18.8, 40.4,0.0, 290.6, 0.0,86.7, 288.4, 182.1,up,False,left
549,17,22,12,44,18.4, 18.7, 44.5,0.0, 271.2, 0.0,68.1, 269.3, 181.8,up,True,up-left
550,17,22,12,291,17.6, 18.8, 45.4,0.0, 246.3, 0.0,70.7, 244.7, 182.1,up,False,left
551,17,22,12,414,17.6, 18.8, 45.9,0.0, 244.8, 0.0,72.5, 243.4, 182.3,down,True,down-left
552,17,22,12,513,17.5, 18.8, 46.4,0.0, 243.2, 0.0,73.4, 242.0, 182.4,right,False,down-left
553,17,22,12,858,18.6, 18.7, 47.5,0.0, 249.5, 0.0,77.3, 249.0, 183.2,right,True,down-left
554,17,22,13,87,19.3, 18.7, 48.4,0.0, 254.2, 0.0,77.6, 253.8, 183.2,down,False,left
555,17,22,13,269,19.6, 18.7, 49.3,0.0, 275.2, 0.0,77.6, 274.8, 183.2,up,True,up-left
556,17,22,13,494,19.4, 18.7, 50.4,0.0, 286.4, 0.0,76.9, 285.8, 183.1,right,False,up-left
557,17,22,13,864,17.9, 18.7, 51.4,0.0, 289.2, 0.0,77.0, 288.7, 183.1,right,True,up-left
558,17,22,14,108,17.4, 18.8, 52.4,0.0, 291.2, 0.0,77.6, 290.8, 183.2,up,False,left
559,17,22,14,285,17.4, 19.0, 53.3,0.0, 290.7, 0.0,77.9, 290.4, 183.3,down,True,down-left
560,17,22,14,498,17.3, 19.0, 54.3,0.0, 276.7, 0.0,78.7, 276.6, 183.6,down,False,left
561,17,22,14,687,17.3, 19.0, 55.2,0.0, 285.7, 0.0,83.0, 287.8, 185.7,up,True,up-left
562,17,22,14,978,17.3, 18.8, 56.6,0.0, 291.0, 0.0,87.9, 306.8, 199.4,up,False,left
563,17,22,15,663,17.7, 18.7, 60.0,0.0, 292.8, 0.0,83.8, 102.8, 353.5,down,True,down-left
564,17,22,15,992,19.0, 18.7, 61.0,0.0, 288.2, 0.0,83.2, 98.8, 354.1,down,False,left
565,17,22,16,183,19.6, 18.7, 61.7,0.0, 287.1, 0.0,82.5, 98.2, 354.6,up,True,up-left
566,17,22,16,641,19.1, 18.7, 63.9,0.0, 300.5, 0.0,80.9, 112.6, 355.6,right,False,up-left
567,17,22,16,764,18.9, 18.7, 64.5,0.0, 311.6, 0.0,81.9, 123.2, 355.1,right,True,up-left
568,17,22,16,953,19.0, 18.7, 65.4,0.0, 326.7, 0.0,85.0, 135.1, 351.9,right,False,up-left
569,17,22,17,430,18.2, 18.9, 67.5,0.0, 315.6, 0.0,88.2, 334.5, 202.5,right,True,up-left
570,17,22,17,677,17.8, 18.8, 68.6,0.0, 317.6, 0.0,78.5, 130.6, 356.5,up,False,left
571,17,22,17,893,18.2, 18.5, 69.6,0.0, 327.6, 0.0,85.3, 135.5, 351.4,up,True,up-left
572,17,22,18,22,18.6, 18.4, 70.2,0.0, 354.0, 0.0,76.8, 353.4, 183.0,right,False,up-left
573,17,22,18,311,19.5, 18.3, 71.2,0.0, 33.5, 0.0,67.5, 31.6, 181.8,left,True,up
574,17,22,18,954,20.3, 17.9, 74.2,0.0, 61.9, 0.0,69.7, 60.7, 182.4,left,False,up-left
575,17,22,19,138,20.7, 17.8, 75.1,0.0, 23.1, 0.0,71.5, 22.2, 182.6,right,True,up-left
576,17,22,19,219,20.9, 17.8, 75.5,0.0, 0.8, 0.0,76.3, 0.8, 183.4,up,False,left
577,17,22,19,405,21.4, 17.7, 76.2,0.0, 330.7, 0.0,88.3, 119.2, 331.8,down,True,down-left
578,17,22,19,697,22.8, 17.8, 76.5,0.0, 307.3, 0.0,74.4, 121.0, 357.0,down,False,left
579,17,22,20,175,23.7, 17.8, 78.5,0.0, 277.3, 0.0,67.0, 92.0, 357.9,up,True,up-left
580,17,22,20,401,23.4, 17.7, 79.7,0.0, 277.3, 0.0,67.0, 92.0, 357.9,up,False,left
581,17,22,21,70,23.3, 17.6, 83.0,0.0, 270.1, 0.0,69.4, 84.6, 357.7,up,True,up-left
582,17,22,21,402,22.6, 17.5, 84.5,0.0, 292.9, 0.0,85.3, 99.5, 350.0,right,False,up-left
583,17,22,22,965,22.5, 17.3, 91.7,0.0, 21.2, 0.0,72.1, 20.4, 182.7,left,True,up
584,17,22,23,127,22.5, 17.2, 92.5,0.0, 20.1, 0.0,72.1, 19.3, 182.7,left,False,up-left
585,17,22,23,365,22.6, 17.1, 93.6,0.0, 354.5, 0.0,71.6, 353.6, 182.6,right,True,up-left
586,17,22,23,391,22.6, 17.1, 93.7,0.0, 351.9, 0.0,72.1, 351.1, 182.7,up,False,left
587,17,22,23,658,23.2, 17.0, 94.8,0.0, 316.4, 0.0,74.5, 316.0, 183.1,up,True,up-left
588,17,22,23,939,23.2, 16.9, 96.2,0.0, 302.3, 0.0,75.2, 302.0, 183.2,up,False,left
589,17,22,23,939,23.2, 16.9, 96.2,0.0, 302.3, 0.0,75.2, 302.0, 183.2,right,False,left
