id,hour,min,sec,ms,xpos,ypos,zpos,uMousePos,vMousePos,wMousePos,uGazePos,vGazePos,wGazePos
48,18,09,20,561,81.6, 17.6, 133.0,0.0, 137.7, 0.0,29.5, 186.7, 130.8
49,18,09,21,64,83.4, 17.2, 131.3,0.0, 137.7, 0.0,30.7, 185.1, 130.0
50,18,09,21,570,85.4, 16.7, 132.4,0.0, 137.8, 0.0,32.1, 183.3, 129.0
51,18,09,22,89,85.2, 16.8, 134.0,0.0, 137.8, 0.0,32.1, 183.3, 129.0
52,18,09,22,609,83.7, 17.2, 135.8,0.0, 137.8, 0.0,32.1, 183.3, 129.0
53,18,09,23,121,82.7, 17.3, 136.9,0.0, 134.3, 0.0,33.2, 178.1, 128.1
54,18,09,23,628,83.6, 17.3, 137.8,0.0, 135.9, 0.0,33.4, 179.3, 127.9
55,18,09,24,137,84.9, 17.2, 139.0,0.0, 140.0, 0.0,33.1, 184.0, 128.2
56,18,09,24,642,84.9, 17.2, 139.0,0.0, 144.1, 0.0,33.1, 188.0, 128.2
57,18,09,25,150,85.8, 16.9, 139.8,0.0, 144.2, 0.0,32.5, 189.0, 128.7
58,18,09,25,657,85.8, 16.9, 139.8,0.0, 145.3, 0.0,32.6, 189.9, 128.6
59,18,09,26,177,85.8, 16.9, 139.8,0.0, 158.2, 0.0,34.2, 200.4, 127.2
60,18,09,26,681,85.8, 16.9, 139.8,0.0, 154.1, 0.0,36.5, 192.5, 125.0
61,18,09,27,189,85.7, 17.0, 139.6,0.0, 128.5, 0.0,34.3, 170.6, 127.2
62,18,09,27,714,84.1, 17.2, 137.5,0.0, 128.2, 0.0,32.1, 173.6, 129.0
63,18,09,28,235,83.6, 17.2, 136.8,0.0, 182.8, 0.0,35.1, 223.5, 126.4
64,18,09,28,736,83.6, 17.2, 136.8,0.0, 197.1, 0.0,37.4, 233.7, 124.0
65,18,09,29,238,83.6, 17.2, 136.8,0.0, 237.1, 0.0,43.9, 258.5, 114.0
66,18,09,29,747,83.6, 17.2, 136.8,0.0, 261.1, 0.0,48.1, 237.1, 80.5
67,18,09,30,259,83.6, 17.2, 136.8,0.0, 269.3, 0.0,47.3, 239.6, 76.3
68,18,09,30,774,83.6, 17.2, 136.8,0.0, 244.4, 0.0,48.3, 222.6, 82.1
69,18,09,31,277,83.6, 17.2, 136.8,0.0, 243.4, 0.0,48.4, 222.6, 82.9
70,18,09,31,808,83.6, 17.2, 136.8,0.0, 179.0, 0.0,45.8, 193.6, 109.2
71,18,09,32,326,83.6, 17.2, 136.8,0.0, 135.8, 0.0,38.0, 171.3, 123.3
72,18,09,32,835,83.2, 17.2, 136.4,0.0, 136.1, 0.0,37.2, 173.2, 124.2
73,18,09,33,341,81.4, 17.5, 134.7,0.0, 129.5, 0.0,37.1, 166.7, 124.3
74,18,09,33,854,81.1, 17.6, 134.3,0.0, 125.3, 0.0,35.7, 165.0, 125.8
75,18,09,34,370,80.3, 17.7, 133.1,0.0, 125.5, 0.0,34.8, 166.8, 126.7
76,18,09,34,888,80.1, 17.7, 131.3,0.0, 116.8, 0.0,33.3, 160.4, 128.0
77,18,09,35,409,80.1, 17.7, 131.2,0.0, 111.1, 0.0,34.0, 153.6, 127.4
78,18,09,35,934,79.8, 17.7, 130.3,0.0, 106.2, 0.0,36.9, 143.9, 124.6
79,18,09,36,441,79.8, 17.7, 130.3,0.0, 106.2, 0.0,36.9, 143.9, 124.6
80,18,09,36,946,79.8, 17.7, 130.3,0.0, 107.7, 0.0,36.3, 146.3, 125.2
81,18,09,37,459,79.8, 17.7, 130.3,0.0, 105.9, 0.0,35.7, 145.6, 125.8
82,18,09,37,963,79.8, 17.7, 130.3,0.0, 65.9, 0.0,28.9, 115.0, 130.9
83,18,09,38,473,79.8, 17.7, 130.3,0.0, 62.1, 0.0,24.0, 111.1, 131.0
84,18,09,38,978,79.8, 17.7, 130.3,0.0, 60.7, 0.0,21.8, 109.7, 131.0
85,18,09,39,484,80.0, 17.7, 130.5,0.0, 60.4, 0.0,21.8, 109.4, 131.0
86,18,09,39,989,82.2, 17.5, 131.6,0.0, 63.0, 0.0,20.7, 112.0, 131.0
87,18,09,40,505,82.8, 17.3, 130.9,0.0, 64.8, 0.0,20.4, 113.8, 130.9
88,18,09,41,7,82.8, 17.3, 130.9,0.0, 80.7, 0.0,20.7, 129.3, 130.8
89,18,09,41,530,82.8, 17.3, 130.9,0.0, 82.3, 0.0,19.6, 131.4, 130.9
90,18,09,42,36,82.8, 17.3, 130.9,0.0, 82.3, 0.0,18.9, 131.4, 130.9
91,18,09,42,554,82.8, 17.3, 130.9,0.0, 81.4, 0.0,18.1, 130.5, 130.9
92,18,09,43,75,82.8, 17.3, 130.9,0.0, 76.4, 0.0,15.5, 125.6, 130.8
93,18,09,43,585,82.7, 17.4, 131.1,0.0, 65.4, 0.0,14.2, 114.6, 130.7
94,18,09,44,92,81.8, 17.5, 133.5,0.0, 83.5, 0.0,10.4, 133.0, 130.5
95,18,09,44,608,82.1, 17.3, 136.0,0.0, 97.3, 0.0,10.0, 146.8, 130.5
96,18,09,45,135,82.3, 17.5, 138.0,0.0, 95.0, 0.0,10.2, 144.3, 130.5
97,18,09,45,640,82.3, 17.5, 138.0,0.0, 94.2, 0.0,10.6, 143.1, 130.4
98,18,09,46,148,82.3, 17.5, 138.0,0.0, 94.3, 0.0,10.6, 143.1, 130.4
99,18,09,46,656,82.7, 17.5, 138.3,0.0, 94.0, 0.0,10.3, 143.2, 130.4
100,18,09,47,163,85.2, 17.0, 138.4,0.0, 94.6, 0.0,11.2, 142.7, 130.2
101,18,09,47,682,87.4, 16.4, 139.2,0.0, 108.3, 0.0,9.8, 157.8, 130.5
102,18,09,48,202,89.5, 15.3, 139.3,0.0, 110.7, 0.0,9.5, 160.0, 130.4
103,18,09,48,765,91.2, 14.9, 139.1,0.0, 149.9, 0.0,9.3, 199.4, 130.4
104,18,09,49,298,93.2, 14.8, 138.4,0.0, 150.4, 0.0,10.2, 198.8, 130.2
105,18,09,49,802,93.3, 14.8, 137.8,0.0, 175.9, 0.0,10.7, 223.7, 130.1
106,18,09,50,323,94.0, 14.8, 137.6,0.0, 176.6, 0.0,12.4, 222.4, 129.7
107,18,09,50,844,94.4, 14.8, 136.5,0.0, 179.3, 0.0,11.4, 226.2, 129.9
108,18,09,51,379,94.5, 14.7, 137.7,0.0, 178.6, 0.0,11.3, 225.7, 130.0
109,18,09,51,902,94.4, 14.7, 140.2,0.0, 178.6, 0.0,11.3, 225.7, 130.0
110,18,09,52,432,94.4, 14.8, 139.2,0.0, 178.3, 0.0,11.1, 225.5, 130.0
111,18,09,52,967,93.5, 14.8, 137.7,0.0, 177.4, 0.0,10.9, 225.0, 130.1
112,18,09,53,501,92.4, 14.8, 137.9,0.0, 177.2, 0.0,10.8, 224.9, 130.1
113,18,09,54,4,92.4, 14.8, 137.9,0.0, 178.0, 0.0,11.7, 224.5, 129.9
114,18,09,54,521,93.7, 14.7, 137.9,0.0, 178.2, 0.0,11.8, 224.7, 129.9
115,18,09,55,54,93.9, 14.8, 137.7,0.0, 178.2, 0.0,11.8, 224.7, 129.9
116,18,09,55,557,93.1, 14.8, 137.8,0.0, 187.1, 0.0,10.4, 235.2, 130.2
117,18,09,56,100,93.2, 14.8, 137.8,0.0, 184.8, 0.0,10.0, 233.4, 130.3
118,18,09,56,633,94.0, 14.8, 137.6,0.0, 184.8, 0.0,10.2, 233.2, 130.2
119,18,09,57,170,94.5, 14.8, 136.8,0.0, 184.8, 0.0,10.2, 233.1, 130.2
120,18,09,57,684,94.6, 14.8, 138.7,0.0, 184.6, 0.0,10.2, 232.9, 130.2
121,18,09,58,229,94.6, 14.8, 140.4,0.0, 166.0, 0.0,359.1, 216.7, 129.2
122,18,09,58,765,93.6, 14.8, 141.4,0.0, 139.9, 0.0,355.5, 191.3, 128.6
123,18,09,59,273,93.6, 14.8, 141.4,0.0, 37.1, 0.0,353.5, 88.9, 128.2
124,18,09,59,776,93.6, 14.8, 141.4,0.0, 358.0, 0.0,353.6, 49.3, 128.2
125,18,10,00,289,92.8, 14.8, 142.0,0.0, 300.5, 0.0,349.7, 353.1, 127.3
126,18,10,00,825,90.6, 16.0, 142.9,0.0, 291.1, 0.0,348.3, 344.1, 127.0
127,18,10,01,334,88.3, 16.5, 142.3,0.0, 239.3, 0.0,342.3, 294.2, 125.1
128,18,10,01,853,86.1, 17.0, 140.9,0.0, 227.3, 0.0,341.5, 282.4, 124.8
129,18,10,02,357,83.7, 17.6, 140.7,0.0, 219.6, 0.0,340.3, 275.1, 124.3
130,18,10,02,871,81.5, 18.0, 139.7,0.0, 229.2, 0.0,337.8, 285.9, 123.3
131,18,10,03,386,80.5, 17.7, 137.8,0.0, 222.4, 0.0,337.8, 279.0, 123.3
132,18,10,03,892,80.3, 17.6, 135.7,0.0, 226.8, 0.0,339.1, 281.3, 124.1
133,18,10,04,422,78.0, 17.8, 134.5,0.0, 266.7, 0.0,338.9, 321.6, 123.9
134,18,10,04,927,75.5, 17.6, 134.7,0.0, 279.5, 0.0,339.4, 333.6, 124.2
135,18,10,05,438,74.3, 17.5, 133.9,0.0, 307.6, 0.0,338.7, 2.7, 123.8
136,18,10,05,965,74.3, 17.5, 133.9,0.0, 304.6, 0.0,338.7, 359.7, 123.8
137,18,10,06,480,74.3, 17.5, 133.9,0.0, 231.2, 0.0,336.9, 288.3, 122.8
138,18,10,06,982,72.3, 17.2, 132.5,0.0, 239.8, 0.0,335.2, 297.7, 122.0
139,18,10,07,485,69.8, 17.1, 132.7,0.0, 235.9, 0.0,333.9, 294.6, 121.3
140,18,10,08,33,67.1, 17.0, 133.2,0.0, 234.4, 0.0,333.9, 293.0, 121.4
141,18,10,08,553,64.5, 16.7, 133.6,0.0, 233.8, 0.0,333.9, 292.5, 121.3
142,18,10,09,56,62.0, 16.7, 134.0,0.0, 233.4, 0.0,333.8, 292.1, 121.3
143,18,10,09,580,59.5, 16.8, 134.3,0.0, 233.4, 0.0,333.8, 292.1, 121.3
144,18,10,10,121,56.8, 17.3, 134.6,0.0, 232.3, 0.0,333.7, 291.1, 121.2
145,18,10,10,659,54.4, 17.3, 133.6,0.0, 230.0, 0.0,333.8, 288.6, 121.3
146,18,10,11,194,52.3, 17.1, 131.9,0.0, 236.3, 0.0,334.1, 294.1, 121.6
147,18,10,11,724,50.2, 17.1, 130.5,0.0, 236.3, 0.0,334.1, 294.1, 121.6
148,18,10,12,234,48.1, 17.1, 128.9,0.0, 196.3, 0.0,326.9, 259.5, 116.8
149,18,10,12,748,48.3, 16.8, 127.5,0.0, 128.1, 0.0,324.0, 193.8, 114.3
150,18,10,13,269,48.2, 16.9, 127.6,0.0, 127.6, 0.0,323.6, 193.7, 113.9
151,18,10,13,776,46.1, 17.4, 129.1,0.0, 127.7, 0.0,322.9, 194.5, 113.2
152,18,10,14,284,43.6, 17.6, 128.9,0.0, 130.8, 0.0,322.6, 197.7, 113.0
153,18,10,14,839,41.3, 17.5, 127.5,0.0, 189.7, 0.0,322.9, 255.9, 113.4
154,18,10,15,364,40.2, 17.4, 125.2,0.0, 199.0, 0.0,322.4, 266.3, 112.7
155,18,10,15,886,39.4, 17.5, 122.8,0.0, 198.6, 0.0,322.2, 266.0, 112.6
156,18,10,16,428,38.5, 17.5, 120.2,0.0, 198.5, 0.0,322.2, 265.9, 112.6
157,18,10,16,962,37.3, 17.5, 117.9,0.0, 203.5, 0.0,321.6, 271.6, 111.9
158,18,10,17,473,36.1, 17.6, 115.5,0.0, 203.5, 0.0,321.6, 271.6, 111.9
159,18,10,18,7,34.7, 17.7, 113.4,0.0, 203.6, 0.0,321.6, 271.6, 111.9
160,18,10,18,519,33.7, 17.8, 111.0,0.0, 203.2, 0.0,321.2, 271.8, 111.4
161,18,10,19,20,31.9, 17.5, 109.5,0.0, 203.0, 0.0,320.9, 271.9, 111.1
162,18,10,19,558,30.3, 17.3, 107.4,0.0, 202.5, 0.0,320.7, 271.7, 110.8
163,18,10,20,77,29.2, 17.1, 105.1,0.0, 202.5, 0.0,320.7, 271.7, 110.8
164,18,10,20,583,28.0, 16.9, 102.9,0.0, 201.7, 0.0,320.5, 271.0, 110.6
165,18,10,21,96,27.1, 16.6, 100.5,0.0, 200.8, 0.0,320.4, 270.1, 110.6
166,18,10,21,610,26.2, 16.7, 98.2,0.0, 200.8, 0.0,320.4, 270.1, 110.6
167,18,10,22,141,25.2, 16.9, 95.7,0.0, 200.8, 0.0,320.4, 270.1, 110.6
168,18,10,22,657,24.3, 17.1, 93.3,0.0, 200.8, 0.0,320.4, 270.1, 110.6
169,18,10,23,163,23.4, 17.3, 90.9,0.0, 200.8, 0.0,320.4, 270.1, 110.6
170,18,10,23,699,22.4, 17.4, 88.4,0.0, 200.8, 0.0,320.4, 270.1, 110.6
171,18,10,24,229,22.3, 17.4, 85.9,0.0, 200.8, 0.0,320.4, 270.1, 110.6
172,18,10,24,735,21.5, 17.4, 83.4,0.0, 200.8, 0.0,320.4, 270.1, 110.6
173,18,10,25,236,21.2, 17.4, 81.0,0.0, 200.8, 0.0,320.4, 270.1, 110.6
174,18,10,25,743,20.9, 17.5, 78.5,0.0, 200.8, 0.0,320.4, 270.1, 110.6
175,18,10,26,276,20.3, 17.7, 76.0,0.0, 200.8, 0.0,320.4, 270.1, 110.6
176,18,10,26,807,18.8, 17.9, 73.9,0.0, 200.8, 0.0,320.4, 270.1, 110.6
177,18,10,27,341,17.9, 18.1, 71.4,0.0, 200.8, 0.0,320.4, 270.1, 110.6
178,18,10,27,868,18.6, 18.7, 69.0,0.0, 200.8, 0.0,320.9, 268.6, 111.5
179,18,10,28,405,17.8, 18.7, 66.5,0.0, 195.7, 0.0,320.7, 264.0, 111.2
180,18,10,28,910,17.3, 18.7, 64.5,0.0, 195.7, 0.0,320.7, 264.0, 111.2
181,18,10,29,440,17.3, 18.7, 64.5,0.0, 196.4, 0.0,320.8, 264.4, 111.4
182,18,10,29,972,17.3, 18.7, 64.5,0.0, 196.5, 0.0,320.8, 264.5, 111.4
183,18,10,30,499,17.3, 18.7, 64.5,0.0, 197.5, 0.0,321.4, 263.6, 112.6
184,18,10,31,5,17.3, 18.7, 64.5,0.0, 198.9, 0.0,321.8, 263.8, 113.3
185,18,10,31,537,17.3, 18.7, 64.5,0.0, 195.7, 0.0,321.5, 261.5, 112.8
186,18,10,32,51,17.3, 18.7, 64.5,0.0, 195.2, 0.0,321.4, 261.2, 112.7
187,18,10,32,559,17.3, 18.7, 64.5,0.0, 180.7, 0.0,322.1, 244.8, 113.8
188,18,10,33,73,17.3, 18.7, 64.5,0.0, 124.4, 0.0,322.4, 187.6, 114.4
189,18,10,33,600,17.3, 18.7, 64.5,0.0, 134.0, 0.0,322.2, 197.7, 114.1
190,18,10,34,106,17.3, 18.7, 64.5,0.0, 133.5, 0.0,322.2, 197.4, 114.0
191,18,10,34,614,17.3, 18.7, 64.5,0.0, 119.3, 0.0,321.0, 186.7, 111.8
192,18,10,35,118,17.3, 18.7, 64.5,0.0, 85.1, 0.0,320.1, 154.9, 110.1
193,18,10,35,625,17.3, 18.7, 64.5,0.0, 70.7, 0.0,319.9, 139.5, 110.5
194,18,10,36,134,17.3, 18.7, 64.5,0.0, 83.9, 0.0,321.0, 149.2, 112.7
195,18,10,36,645,17.3, 18.7, 64.5,0.0, 151.2, 0.0,320.8, 216.9, 112.4
196,18,10,37,156,17.3, 18.7, 64.5,0.0, 151.5, 0.0,320.8, 217.2, 112.4
197,18,10,37,664,17.3, 18.7, 64.5,0.0, 106.9, 0.0,319.7, 176.3, 110.1
198,18,10,38,184,17.4, 18.7, 64.6,0.0, 60.3, 0.0,319.3, 130.6, 109.3
199,18,10,38,693,19.5, 18.7, 66.0,0.0, 53.2, 0.0,319.2, 123.9, 109.1
200,18,10,39,200,19.0, 18.9, 67.9,0.0, 53.5, 0.0,319.4, 123.4, 109.7
201,18,10,39,708,19.5, 18.7, 69.3,0.0, 56.5, 0.0,319.7, 125.4, 110.3
202,18,10,40,217,21.3, 18.6, 71.1,0.0, 57.8, 0.0,319.9, 125.9, 110.8
203,18,10,40,725,22.1, 18.2, 73.4,0.0, 62.8, 0.0,320.2, 129.8, 111.5
204,18,10,41,234,22.0, 17.9, 75.8,0.0, 63.1, 0.0,320.2, 130.1, 111.5
205,18,10,41,738,21.4, 17.5, 78.1,0.0, 63.4, 0.0,320.2, 130.4, 111.5
206,18,10,42,246,22.1, 17.5, 80.5,0.0, 63.8, 0.0,320.2, 130.8, 111.5
207,18,10,42,754,23.0, 17.6, 83.0,0.0, 64.8, 0.0,320.3, 131.7, 111.6
208,18,10,43,261,23.8, 17.7, 85.3,0.0, 65.6, 0.0,320.9, 130.5, 112.8
209,18,10,43,776,24.7, 17.7, 87.8,0.0, 65.7, 0.0,320.9, 130.5, 112.9
210,18,10,44,283,25.6, 17.7, 90.1,0.0, 65.8, 0.0,321.0, 130.3, 113.1
211,18,10,44,792,26.5, 17.5, 92.5,0.0, 65.8, 0.0,321.0, 130.3, 113.1
212,18,10,45,300,27.4, 17.2, 94.8,0.0, 65.8, 0.0,320.8, 131.0, 112.6
213,18,10,45,808,28.4, 17.0, 97.1,0.0, 66.2, 0.0,320.5, 132.4, 112.0
214,18,10,46,316,29.3, 17.0, 99.6,0.0, 67.2, 0.0,320.5, 133.5, 111.9
215,18,10,46,823,30.4, 17.2, 101.8,0.0, 78.0, 0.0,320.5, 144.2, 112.0
216,18,10,47,329,31.9, 17.4, 103.8,0.0, 91.2, 0.0,320.6, 157.1, 112.2
217,18,10,47,855,34.2, 17.5, 104.7,0.0, 129.8, 0.0,320.3, 196.5, 111.7
218,18,10,48,363,36.4, 17.6, 105.2,0.0, 131.9, 0.0,321.1, 196.3, 113.1
219,18,10,48,891,38.0, 17.8, 104.3,0.0, 147.4, 0.0,320.3, 214.3, 111.6
220,18,10,49,403,38.0, 18.4, 102.3,0.0, 132.0, 0.0,319.0, 203.0, 108.8
221,18,10,49,910,39.2, 18.8, 100.3,0.0, 121.0, 0.0,319.0, 192.0, 108.8
222,18,10,50,433,40.3, 19.6, 98.0,0.0, 106.3, 0.0,319.0, 177.3, 108.8
223,18,10,50,953,41.3, 19.7, 98.6,0.0, 106.4, 0.0,319.2, 176.6, 109.3
224,18,10,51,481,41.7, 19.6, 99.1,0.0, 147.8, 0.0,320.1, 215.0, 111.3
225,18,10,51,989,41.8, 19.6, 99.2,0.0, 122.3, 0.0,319.6, 191.2, 110.2
226,18,10,52,497,41.8, 19.6, 99.2,0.0, 122.1, 0.0,319.6, 190.8, 110.3
227,18,10,53,3,41.3, 19.5, 99.1,0.0, 72.5, 0.0,319.5, 141.6, 110.0
228,18,10,53,510,40.0, 19.4, 98.5,0.0, 43.9, 0.0,318.0, 116.7, 107.2
229,18,10,54,23,40.6, 18.9, 100.5,0.0, 12.6, 0.0,312.3, 96.6, 96.0
230,18,10,54,541,39.6, 18.7, 102.5,0.0, 26.2, 0.0,312.7, 105.4, 99.5
231,18,10,55,53,41.1, 18.8, 104.5,0.0, 61.0, 0.0,313.1, 137.1, 101.8
232,18,10,55,560,43.2, 18.4, 105.5,0.0, 57.5, 0.0,313.1, 133.6, 101.8
233,18,10,56,68,44.6, 17.7, 107.2,0.0, 59.2, 0.0,313.4, 133.6, 103.0
234,18,10,56,578,47.0, 17.8, 108.0,0.0, 89.1, 0.0,314.0, 159.8, 105.7
235,18,10,57,106,49.2, 19.2, 107.7,0.0, 140.8, 0.0,316.3, 202.2, 112.2
236,18,10,57,625,49.5, 19.4, 107.4,0.0, 139.0, 0.0,316.1, 201.1, 111.8
237,18,10,58,163,49.7, 18.6, 107.6,0.0, 160.6, 0.0,316.1, 222.7, 111.8
238,18,10,58,679,49.7, 18.6, 107.6,0.0, 158.9, 0.0,315.9, 221.8, 111.3
239,18,10,59,185,48.0, 18.1, 108.2,0.0, 108.5, 0.0,313.8, 180.3, 104.9
240,18,10,59,706,47.4, 17.3, 110.3,0.0, 61.4, 0.0,313.5, 135.1, 103.5
241,18,11,00,217,49.5, 17.2, 111.7,0.0, 62.1, 0.0,313.6, 135.0, 104.1
242,18,11,00,722,51.0, 16.9, 113.6,0.0, 64.2, 0.0,313.8, 136.1, 104.8
243,18,11,01,230,50.5, 16.6, 116.0,0.0, 64.4, 0.0,313.9, 135.6, 105.3
244,18,11,01,737,51.3, 16.3, 118.5,0.0, 66.2, 0.0,314.5, 134.5, 107.4
245,18,11,02,240,52.1, 16.1, 120.8,0.0, 61.1, 0.0,314.4, 129.8, 107.1
246,18,11,02,753,53.1, 16.0, 123.2,0.0, 59.0, 0.0,314.5, 127.3, 107.4
247,18,11,03,257,53.5, 16.3, 125.6,0.0, 354.5, 0.0,315.3, 59.5, 109.8
248,18,11,03,760,53.1, 16.5, 128.0,0.0, 336.5, 0.0,315.6, 40.4, 110.5
249,18,11,04,266,52.1, 16.8, 130.3,0.0, 341.1, 0.0,315.3, 46.2, 109.7
250,18,11,04,773,51.4, 17.3, 132.7,0.0, 343.8, 0.0,314.7, 51.6, 107.8
251,18,11,05,285,49.9, 17.6, 134.5,0.0, 320.2, 0.0,313.4, 34.8, 102.9
252,18,11,05,790,47.5, 18.0, 134.2,0.0, 303.3, 0.0,313.4, 17.5, 103.2
253,18,11,06,319,45.2, 18.4, 135.4,0.0, 307.8, 0.0,313.7, 20.1, 104.5
254,18,11,06,824,44.2, 19.1, 136.2,0.0, 354.2, 0.0,314.2, 64.2, 106.2
255,18,11,07,344,44.2, 19.1, 136.2,0.0, 28.8, 0.0,314.8, 95.9, 108.3
256,18,11,07,863,44.2, 19.1, 136.2,0.0, 40.9, 0.0,313.7, 113.5, 104.3
257,18,11,08,375,44.2, 19.1, 136.2,0.0, 91.0, 0.0,312.6, 171.2, 98.8
258,18,11,08,880,44.2, 19.1, 136.2,0.0, 134.1, 0.0,312.4, 217.1, 96.7
259,18,11,09,385,44.2, 19.1, 136.2,0.0, 136.1, 0.0,312.3, 219.5, 96.4
260,18,11,09,932,44.2, 19.1, 136.2,0.0, 136.1, 0.0,312.3, 219.5, 96.4
261,18,11,10,439,44.2, 19.1, 136.2,0.0, 118.2, 0.0,312.0, 203.1, 95.1
262,18,11,10,957,44.2, 19.1, 136.2,0.0, 76.2, 0.0,311.7, 162.0, 94.2
263,18,11,11,463,44.2, 19.1, 136.2,0.0, 48.5, 0.0,311.6, 134.5, 93.9
264,18,11,11,968,44.2, 19.1, 136.2,0.0, 339.9, 0.0,311.3, 67.1, 92.8
265,18,11,12,469,43.6, 19.0, 136.5,0.0, 296.3, 0.0,311.1, 24.0, 92.3
266,18,11,12,989,41.5, 18.7, 137.6,0.0, 296.3, 0.0,311.1, 24.0, 92.3
267,18,11,13,490,39.1, 18.8, 137.0,0.0, 298.1, 0.0,311.2, 22.6, 94.7
268,18,11,14,26,36.6, 18.9, 137.8,0.0, 297.1, 0.0,311.4, 19.2, 96.5
269,18,11,14,534,34.3, 19.2, 138.9,0.0, 286.6, 0.0,311.4, 8.4, 96.7
270,18,11,15,48,32.0, 19.6, 139.8,0.0, 236.9, 0.0,310.2, 328.1, 88.8
271,18,11,15,550,30.6, 20.1, 141.6,0.0, 231.0, 0.0,309.6, 325.7, 85.3
272,18,11,16,59,30.3, 20.2, 143.7,0.0, 230.5, 0.0,309.5, 325.5, 85.0
273,18,11,16,570,28.7, 20.6, 143.5,0.0, 230.0, 0.0,309.5, 324.8, 85.1
274,18,11,17,78,27.6, 20.6, 142.4,0.0, 227.9, 0.0,309.5, 322.7, 85.1
275,18,11,17,588,27.5, 20.6, 142.2,0.0, 226.2, 0.0,309.5, 320.7, 85.3
276,18,11,18,107,25.6, 20.4, 140.5,0.0, 225.4, 0.0,309.4, 318.4, 86.6
277,18,11,18,629,24.5, 20.2, 138.2,0.0, 221.2, 0.0,309.4, 312.6, 87.8
278,18,11,19,153,23.0, 20.1, 136.5,0.0, 277.4, 0.0,309.4, 3.4, 91.9
279,18,11,19,677,23.0, 20.1, 136.5,0.0, 336.5, 0.0,309.5, 58.3, 95.2
280,18,11,20,185,23.2, 20.5, 138.6,0.0, 325.8, 0.0,309.6, 46.6, 95.9
281,18,11,20,693,21.5, 21.0, 140.5,0.0, 315.0, 0.0,309.4, 39.1, 93.4
282,18,11,21,200,19.8, 21.4, 142.2,0.0, 315.0, 0.0,309.4, 39.1, 93.4
283,18,11,21,708,18.2, 22.1, 143.9,0.0, 315.0, 0.0,309.4, 39.1, 93.4
284,18,11,22,216,16.4, 22.7, 145.7,0.0, 314.6, 0.0,309.4, 38.7, 93.4
285,18,11,22,722,14.6, 23.3, 147.3,0.0, 311.0, 0.0,309.4, 36.2, 92.5
286,18,11,23,230,12.8, 23.8, 148.9,0.0, 311.0, 0.0,309.4, 36.2, 92.5
287,18,11,23,738,10.8, 24.5, 150.5,0.0, 309.7, 0.0,309.4, 35.3, 92.3
288,18,11,24,244,9.0, 25.3, 152.0,0.0, 308.9, 0.0,309.4, 34.6, 92.2
289,18,11,24,750,7.1, 26.0, 153.5,0.0, 308.7, 0.0,309.4, 34.4, 92.2
290,18,11,25,260,5.2, 26.7, 155.1,0.0, 308.7, 0.0,309.4, 34.4, 92.2
291,18,11,25,768,3.2, 27.5, 156.4,0.0, 307.0, 0.0,309.3, 33.5, 91.6
292,18,11,26,275,1.2, 28.3, 157.8,0.0, 306.8, 0.0,309.3, 33.3, 91.6
293,18,11,26,778,-0.8, 29.0, 159.2,0.0, 299.0, 0.0,309.3, 29.4, 88.5
294,18,11,27,283,-2.8, 29.9, 160.1,0.0, 294.3, 0.0,309.4, 25.7, 87.8
295,18,11,27,792,-5.0, 30.7, 161.0,0.0, 293.4, 0.0,309.4, 24.6, 87.9
296,18,11,28,298,-7.1, 31.7, 161.8,0.0, 288.8, 0.0,309.3, 19.1, 88.6
297,18,11,28,805,-9.3, 32.5, 162.3,0.0, 285.6, 0.0,309.4, 16.5, 88.1
298,18,11,29,313,-11.6, 33.7, 162.8,0.0, 282.6, 0.0,309.4, 14.0, 87.8
299,18,11,29,816,-13.8, 34.8, 163.1,0.0, 278.0, 0.0,309.4, 10.8, 86.7
300,18,11,30,321,-16.1, 35.8, 163.2,0.0, 276.9, 0.0,309.4, 9.7, 86.7
301,18,11,30,828,-18.3, 37.1, 163.3,0.0, 272.2, 0.0,309.4, 5.3, 86.4
302,18,11,31,337,-20.6, 37.9, 163.4,0.0, 269.3, 0.0,309.4, 1.9, 86.8
303,18,11,31,841,-22.8, 38.8, 163.1,0.0, 260.0, 0.0,309.4, 351.2, 87.9
304,18,11,32,361,-25.1, 39.8, 162.4,0.0, 253.8, 0.0,309.4, 345.2, 87.8
305,18,11,32,899,-27.3, 40.8, 161.4,0.0, 252.4, 0.0,309.4, 343.3, 88.1
306,18,11,33,403,-29.5, 41.4, 160.5,0.0, 252.4, 0.0,309.4, 343.3, 88.1
307,18,11,33,926,-31.8, 42.2, 159.4,0.0, 251.5, 0.0,309.3, 341.3, 89.0
308,18,11,34,435,-34.0, 42.6, 158.0,0.0, 239.1, 0.0,309.3, 328.4, 89.4
309,18,11,34,953,-35.9, 43.2, 156.5,0.0, 239.1, 0.0,309.3, 328.4, 89.4
310,18,11,35,462,-37.8, 43.9, 155.0,0.0, 239.1, 0.0,309.3, 328.4, 89.4
311,18,11,35,984,-39.8, 44.4, 153.4,0.0, 239.1, 0.0,309.3, 328.4, 89.4
312,18,11,36,504,-42.0, 44.8, 152.0,0.0, 238.4, 0.0,309.3, 328.4, 88.9
313,18,11,37,21,-43.8, 44.9, 150.2,0.0, 221.3, 0.0,309.4, 313.0, 87.5
314,18,11,37,539,-45.4, 45.3, 148.2,0.0, 220.7, 0.0,309.4, 311.6, 88.1
315,18,11,38,53,-47.0, 45.6, 146.2,0.0, 220.7, 0.0,309.3, 311.1, 88.5
316,18,11,38,557,-48.6, 45.9, 144.2,0.0, 220.7, 0.0,309.3, 311.1, 88.5
317,18,11,39,67,-50.2, 46.3, 142.4,0.0, 228.4, 0.0,309.3, 317.1, 89.8
318,18,11,39,576,-52.2, 46.8, 140.7,0.0, 229.9, 0.0,309.3, 318.8, 89.7
319,18,11,40,83,-54.1, 47.0, 139.1,0.0, 231.2, 0.0,309.3, 320.7, 89.2
320,18,11,40,590,-56.1, 47.3, 137.6,0.0, 233.5, 0.0,309.4, 324.4, 88.1
321,18,11,41,99,-58.3, 47.6, 136.4,0.0, 234.3, 0.0,309.4, 326.3, 87.3
322,18,11,41,604,-60.6, 47.9, 135.7,0.0, 234.1, 0.0,309.4, 326.9, 86.7
323,18,11,42,112,-62.7, 48.2, 134.3,0.0, 243.4, 0.0,309.3, 332.7, 89.4
324,18,11,42,618,-64.9, 48.5, 133.2,0.0, 243.9, 0.0,309.3, 333.1, 89.5
325,18,11,43,125,-67.2, 48.7, 132.1,0.0, 249.5, 0.0,309.3, 337.4, 90.5
326,18,11,43,633,-69.6, 48.9, 131.3,0.0, 241.8, 0.0,309.4, 333.2, 87.8
327,18,11,44,152,-71.2, 49.4, 133.2,0.0, 224.7, 0.0,309.5, 319.2, 85.3
328,18,11,44,654,-73.3, 49.5, 132.9,0.0, 224.7, 0.0,309.5, 319.2, 85.3
329,18,11,45,162,-75.1, 49.4, 131.1,0.0, 228.2, 0.0,309.4, 321.3, 86.4
330,18,11,45,669,-76.9, 49.3, 129.5,0.0, 228.2, 0.0,309.4, 321.5, 86.3
331,18,11,46,176,-78.9, 49.6, 127.8,0.0, 228.8, 0.0,309.4, 322.1, 86.3
332,18,11,46,683,-80.8, 49.8, 126.3,0.0, 234.6, 0.0,309.4, 326.0, 87.8
333,18,11,47,209,-82.9, 50.0, 124.7,0.0, 234.3, 0.0,309.4, 325.5, 87.9
334,18,11,47,719,-85.0, 50.2, 123.1,0.0, 229.1, 0.0,309.4, 320.5, 87.8
335,18,11,48,220,-85.6, 50.2, 122.6,0.0, 227.7, 0.0,309.4, 319.6, 87.4
336,18,11,48,748,-87.4, 50.4, 120.8,0.0, 221.6, 0.0,309.4, 315.2, 86.1
337,18,11,49,270,-88.9, 50.3, 118.7,0.0, 209.0, 0.0,309.4, 304.6, 84.4
338,18,11,49,774,-89.5, 50.2, 117.4,0.0, 184.7, 0.0,309.4, 280.3, 84.4
339,18,11,50,303,-89.5, 50.2, 117.4,0.0, 184.7, 0.0,309.4, 280.3, 84.4
340,18,11,50,813,-89.5, 50.2, 116.8,0.0, 182.0, 0.0,309.4, 277.3, 84.7
341,18,11,51,350,-89.6, 50.2, 114.2,0.0, 182.0, 0.0,309.4, 277.3, 84.7
342,18,11,51,866,-89.3, 50.0, 111.7,0.0, 156.3, 0.0,309.2, 253.5, 82.8
343,18,11,52,372,-89.3, 50.0, 111.7,0.0, 136.2, 0.0,309.1, 234.2, 81.9
344,18,11,52,879,-87.6, 49.8, 109.9,0.0, 135.4, 0.0,309.1, 233.3, 82.1
345,18,11,53,395,-86.2, 49.5, 108.9,0.0, 101.0, 0.0,308.6, 210.1, 70.8
346,18,11,53,919,-86.2, 49.5, 108.9,0.0, 94.4, 0.0,307.7, 199.2, 74.2
347,18,11,54,423,-86.2, 49.5, 108.9,0.0, 95.1, 0.0,309.6, 152.1, 112.4
348,18,11,54,924,-86.2, 49.5, 108.9,0.0, 109.6, 0.0,318.9, 144.2, 128.6
349,18,11,55,444,-86.2, 49.5, 108.9,0.0, 97.1, 0.0,315.3, 138.4, 124.1
350,18,11,55,958,-86.2, 49.5, 108.9,0.0, 41.9, 0.0,309.6, 98.7, 112.6
351,18,11,56,465,-86.2, 49.5, 108.9,0.0, 41.9, 0.0,310.4, 96.0, 114.6
352,18,11,57,22,-86.2, 49.5, 108.9,0.0, 108.3, 0.0,310.6, 161.8, 115.1
353,18,11,57,529,-86.2, 49.5, 108.9,0.0, 156.6, 0.0,309.3, 214.9, 111.4
354,18,11,58,54,-86.2, 49.5, 108.9,0.0, 161.4, 0.0,309.5, 218.6, 112.2
355,18,11,58,568,-86.2, 49.5, 108.9,0.0, 198.8, 0.0,310.2, 253.5, 114.2
356,18,11,59,88,-86.2, 49.5, 108.9,0.0, 252.2, 0.0,310.9, 304.6, 115.9
357,18,11,59,598,-86.2, 49.5, 108.9,0.0, 251.9, 0.0,310.9, 304.3, 115.9
358,18,12,00,107,-86.2, 49.5, 108.9,0.0, 248.5, 0.0,309.9, 304.4, 113.2
359,18,12,00,614,-87.5, 49.5, 108.5,0.0, 252.9, 0.0,307.7, 318.6, 105.6
360,18,12,01,125,-89.3, 50.0, 109.9,0.0, 269.5, 0.0,307.0, 339.7, 102.0
361,18,12,01,646,-89.3, 50.0, 110.6,0.0, 253.4, 0.0,307.0, 323.6, 102.0
362,18,12,02,150,-89.6, 50.0, 111.0,0.0, 228.6, 0.0,306.4, 304.9, 97.1
363,18,12,02,652,-91.8, 50.1, 112.1,0.0, 193.1, 0.0,306.1, 280.9, 87.8
364,18,12,03,170,-92.7, 50.1, 109.8,0.0, 214.7, 0.0,306.5, 309.1, 82.5
365,18,12,03,677,-94.3, 50.2, 107.8,0.0, 218.1, 0.0,306.5, 313.7, 81.6
366,18,12,04,187,-95.8, 50.3, 105.8,0.0, 217.8, 0.0,306.5, 313.4, 81.6
367,18,12,04,695,-96.5, 50.3, 104.8,0.0, 199.3, 0.0,308.8, 312.3, 67.0
368,18,12,05,229,-96.8, 50.3, 103.9,0.0, 187.0, 0.0,310.1, 309.0, 58.0
369,18,12,05,729,-98.6, 49.8, 102.2,0.0, 187.0, 0.0,310.1, 309.0, 58.0
370,18,12,06,277,-100.7, 49.7, 100.5,0.0, 184.0, 0.0,309.8, 305.2, 58.6
371,18,12,06,782,-101.2, 49.4, 98.1,0.0, 178.7, 0.0,309.6, 299.5, 58.9
372,18,12,07,303,-101.2, 49.2, 96.3,0.0, 177.2, 0.0,309.8, 298.5, 58.5
373,18,12,07,804,-101.7, 49.2, 96.3,0.0, 176.1, 0.0,310.2, 298.2, 57.9
374,18,12,08,317,-104.3, 49.4, 96.0,0.0, 164.2, 0.0,310.4, 287.5, 56.6
375,18,12,08,828,-105.0, 49.4, 95.7,0.0, 148.1, 0.0,311.1, 273.9, 54.2
376,18,12,09,363,-103.6, 49.1, 93.5,0.0, 148.0, 0.0,311.0, 273.6, 54.3
377,18,12,09,903,-102.2, 48.7, 91.2,0.0, 145.5, 0.0,312.4, 275.4, 50.1
378,18,12,10,426,-102.0, 48.7, 91.0,0.0, 145.7, 0.0,313.0, 277.4, 48.3
379,18,12,10,949,-102.0, 48.7, 91.0,0.0, 144.7, 0.0,313.0, 276.3, 48.4
380,18,12,11,458,-102.0, 48.7, 91.0,0.0, 141.0, 0.0,313.7, 274.2, 46.8
381,18,12,11,974,-102.0, 48.7, 91.0,0.0, 139.7, 0.0,313.8, 273.1, 46.5
382,18,12,12,483,-102.0, 48.7, 91.0,0.0, 59.6, 0.0,315.4, 196.4, 43.2
383,18,12,12,997,-102.0, 48.8, 91.7,0.0, 354.9, 0.0,312.1, 127.2, 46.2
384,18,12,13,522,-102.8, 49.1, 94.1,0.0, 327.4, 0.0,310.3, 96.8, 48.4
385,18,12,14,28,-104.6, 49.4, 95.8,0.0, 311.2, 0.0,310.0, 80.1, 48.8
386,18,12,14,537,-106.6, 49.8, 97.4,0.0, 308.8, 0.0,310.0, 77.6, 48.9
387,18,12,15,57,-108.6, 50.6, 98.9,0.0, 305.3, 0.0,311.5, 76.7, 46.9
388,18,12,15,577,-110.9, 51.6, 99.2,0.0, 276.5, 0.0,312.1, 48.9, 46.2
389,18,12,16,86,-113.0, 52.9, 99.0,0.0, 261.8, 0.0,312.0, 34.0, 46.3
390,18,12,16,592,-114.6, 54.0, 98.0,0.0, 268.0, 0.0,310.2, 37.3, 48.5
391,18,12,17,115,-114.9, 54.0, 97.2,0.0, 272.1, 0.0,310.2, 41.2, 48.6
392,18,12,17,633,-114.6, 54.0, 98.0,0.0, 8.2, 0.0,309.4, 136.1, 49.6
393,18,12,18,157,-114.4, 54.0, 98.6,0.0, 32.8, 0.0,318.7, 175.1, 37.7
394,18,12,18,665,-113.2, 53.7, 100.8,0.0, 35.5, 0.0,323.3, 183.3, 32.2
395,18,12,19,186,-111.5, 53.2, 102.5,0.0, 74.1, 0.0,325.4, 224.0, 30.1
396,18,12,19,707,-109.2, 52.4, 103.4,0.0, 88.6, 0.0,331.9, 243.5, 25.1
397,18,12,20,248,-106.6, 51.9, 103.6,0.0, 89.3, 0.0,331.9, 244.2, 25.1
398,18,12,20,766,-104.1, 51.4, 103.8,0.0, 89.3, 0.0,331.9, 244.2, 25.1
399,18,12,21,288,-103.0, 51.0, 104.0,0.0, 89.9, 0.0,329.9, 243.7, 25.6
400,18,12,21,801,-100.8, 50.1, 103.3,0.0, 131.0, 0.0,335.4, 288.1, 22.9
401,18,12,22,322,-98.9, 49.6, 101.6,0.0, 142.4, 0.0,340.2, 301.9, 20.4
402,18,12,22,858,-97.6, 49.6, 99.2,0.0, 138.5, 0.0,344.1, 299.8, 18.7
403,18,12,23,362,-95.7, 49.4, 97.6,0.0, 133.3, 0.0,343.7, 294.4, 18.8
404,18,12,23,869,-93.9, 48.7, 96.0,0.0, 133.3, 0.0,343.7, 294.4, 18.8
405,18,12,24,370,-92.0, 48.4, 94.4,0.0, 117.8, 0.0,342.1, 278.4, 18.8
406,18,12,24,878,-89.6, 48.1, 93.5,0.0, 112.6, 0.0,341.7, 273.0, 18.9
407,18,12,25,407,-87.3, 48.3, 92.5,0.0, 113.3, 0.0,341.7, 273.7, 18.9
408,18,12,25,909,-85.0, 48.6, 91.4,0.0, 113.3, 0.0,341.7, 273.7, 18.9
409,18,12,26,433,-83.3, 48.6, 90.7,0.0, 109.0, 0.0,344.1, 270.3, 18.6
410,18,12,26,939,-83.3, 48.6, 90.7,0.0, 108.2, 0.0,345.4, 270.0, 18.2
411,18,12,27,480,-83.3, 48.6, 90.7,0.0, 112.3, 0.0,347.1, 274.7, 17.5
412,18,12,28,12,-83.3, 48.6, 90.7,0.0, 112.3, 0.0,347.1, 274.7, 17.5
413,18,12,28,545,-83.3, 48.6, 90.7,0.0, 112.5, 0.0,346.8, 274.8, 17.6
414,18,12,29,45,-83.3, 48.6, 90.7,0.0, 112.5, 0.0,345.9, 274.5, 17.6
415,18,12,29,547,-83.3, 48.6, 90.7,0.0, 112.5, 0.0,345.9, 274.5, 17.6
416,18,12,30,84,-83.3, 48.6, 90.7,0.0, 113.2, 0.0,345.5, 275.1, 17.7
417,18,12,30,599,-83.3, 48.6, 90.7,0.0, 113.4, 0.0,345.8, 275.4, 17.6
418,18,12,31,102,-83.3, 48.6, 90.7,0.0, 113.4, 0.0,346.1, 275.5, 17.6
419,18,12,31,632,-83.3, 48.6, 90.7,0.0, 113.7, 0.0,346.1, 275.8, 17.6
420,18,12,32,151,-83.3, 48.6, 90.7,0.0, 113.7, 0.0,346.1, 275.8, 17.6
421,18,12,32,654,-83.3, 48.6, 90.7,0.0, 131.3, 0.0,347.1, 293.7, 17.5
422,18,12,33,170,-83.3, 48.6, 90.7,0.0, 174.1, 0.0,352.6, 338.4, 15.7
423,18,12,33,672,-84.5, 48.5, 90.8,0.0, 183.1, 0.0,355.9, 348.3, 14.7
424,18,12,34,179,-86.5, 47.8, 89.7,0.0, 181.5, 0.0,356.3, 346.9, 14.6
425,18,12,34,687,-88.3, 47.2, 88.1,0.0, 177.0, 0.0,357.1, 342.6, 14.4
426,18,12,35,195,-89.1, 46.3, 86.0,0.0, 174.2, 0.0,357.2, 339.8, 14.4
427,18,12,35,698,-89.3, 45.3, 83.8,0.0, 172.3, 0.0,357.9, 338.1, 14.2
428,18,12,36,225,-90.7, 44.3, 81.9,0.0, 167.3, 0.0,359.0, 333.4, 13.9
429,18,12,36,755,-90.4, 43.5, 79.6,0.0, 162.6, 0.0,359.3, 328.7, 13.8
430,18,12,37,284,-90.2, 42.6, 77.3,0.0, 160.9, 0.0,358.7, 326.9, 13.8
431,18,12,37,800,-91.4, 41.8, 75.1,0.0, 158.9, 0.0,359.7, 325.1, 13.7
432,18,12,38,311,-92.9, 41.1, 73.3,0.0, 158.4, 0.0,359.9, 324.7, 13.7
433,18,12,38,832,-94.4, 40.7, 71.9,0.0, 131.9, 0.0,359.5, 298.1, 13.6
434,18,12,39,365,-94.4, 39.5, 69.6,0.0, 130.9, 0.0,359.0, 297.0, 13.6
435,18,12,39,917,-94.1, 38.2, 67.2,0.0, 117.9, 0.0,357.1, 283.5, 13.6
436,18,12,40,440,-93.4, 36.9, 65.1,0.0, 99.2, 0.0,355.9, 264.5, 13.7
437,18,12,40,979,-92.0, 35.8, 63.2,0.0, 91.4, 0.0,355.1, 256.5, 13.7
438,18,12,41,525,-90.8, 34.9, 61.2,0.0, 78.4, 0.0,352.7, 243.0, 13.7
439,18,12,42,26,-88.8, 34.5, 59.8,0.0, 73.1, 0.0,351.6, 237.4, 13.8
440,18,12,42,529,-86.5, 33.9, 59.9,0.0, 72.4, 0.0,351.1, 236.5, 13.8
441,18,12,43,56,-84.1, 33.0, 60.9,0.0, 72.1, 0.0,350.8, 236.2, 13.8
442,18,12,43,559,-81.8, 32.4, 61.4,0.0, 64.1, 0.0,349.9, 228.0, 13.8
443,18,12,44,61,-79.6, 31.5, 62.3,0.0, 61.0, 0.0,348.2, 224.4, 13.9
444,18,12,44,574,-77.6, 30.4, 63.5,0.0, 49.8, 0.0,345.8, 212.6, 14.1
445,18,12,45,83,-75.9, 29.2, 64.9,0.0, 49.8, 0.0,345.8, 212.6, 14.1
446,18,12,45,598,-74.0, 28.1, 66.3,0.0, 49.8, 0.0,345.8, 212.6, 14.1
447,18,12,46,106,-72.3, 27.1, 67.8,0.0, 46.7, 0.0,344.7, 209.2, 14.1
448,18,12,46,613,-70.6, 26.1, 69.3,0.0, 47.8, 0.0,345.1, 210.4, 14.1
449,18,12,47,168,-68.7, 25.0, 70.8,0.0, 68.2, 0.0,345.2, 230.8, 14.1
450,18,12,47,700,-66.3, 23.8, 71.1,0.0, 84.5, 0.0,346.2, 247.4, 14.0
451,18,12,48,240,-63.9, 22.7, 71.2,0.0, 92.0, 0.0,347.7, 255.3, 14.0
452,18,12,48,775,-62.3, 22.0, 71.2,0.0, 121.3, 0.0,346.7, 284.3, 14.0
453,18,12,49,280,-62.3, 22.0, 71.2,0.0, 137.8, 0.0,346.6, 300.8, 14.0
454,18,12,49,831,-60.7, 21.1, 69.3,0.0, 145.3, 0.0,346.4, 308.3, 14.0
455,18,12,50,343,-59.9, 20.4, 67.0,0.0, 180.1, 0.0,350.3, 344.1, 13.8
456,18,12,50,872,-59.9, 19.8, 64.4,0.0, 185.6, 0.0,351.1, 349.7, 13.8
457,18,12,51,393,-60.3, 18.9, 62.1,0.0, 189.7, 0.0,351.1, 353.8, 13.8
458,18,12,51,894,-60.8, 18.3, 59.8,0.0, 189.7, 0.0,351.1, 353.8, 13.8
459,18,12,52,402,-61.2, 17.7, 57.4,0.0, 189.7, 0.0,351.1, 353.8, 13.8
460,18,12,52,904,-61.6, 17.1, 55.1,0.0, 189.8, 0.0,351.0, 353.9, 13.8
461,18,12,53,449,-62.1, 16.4, 52.6,0.0, 189.8, 0.0,350.9, 353.9, 13.8
462,18,12,53,994,-62.5, 15.6, 49.9,0.0, 187.7, 0.0,350.2, 351.6, 13.8
463,18,12,54,524,-62.7, 15.1, 47.4,0.0, 183.9, 0.0,350.1, 347.8, 13.8
464,18,12,55,44,-62.9, 14.5, 44.9,0.0, 178.7, 0.0,350.7, 342.7, 13.8
465,18,12,55,572,-62.7, 14.0, 42.2,0.0, 173.6, 0.0,350.8, 337.7, 13.8
466,18,12,56,80,-62.6, 13.7, 39.8,0.0, 173.6, 0.0,350.8, 337.7, 13.8
467,18,12,56,593,-62.4, 13.3, 37.3,0.0, 170.1, 0.0,351.2, 334.3, 13.8
468,18,12,57,99,-61.8, 13.0, 35.0,0.0, 161.5, 0.0,350.8, 325.6, 13.8
469,18,12,57,646,-61.0, 12.6, 32.5,0.0, 154.6, 0.0,349.9, 318.5, 13.8
470,18,12,58,165,-59.9, 12.5, 30.1,0.0, 150.1, 0.0,351.4, 314.3, 13.8
471,18,12,58,689,-59.7, 12.5, 29.9,0.0, 114.6, 0.0,351.8, 278.9, 13.8
472,18,12,59,209,-57.7, 12.1, 29.0,0.0, 110.7, 0.0,351.8, 275.0, 13.8
473,18,12,59,740,-55.1, 11.7, 28.6,0.0, 90.3, 0.0,351.7, 254.6, 13.8
474,18,13,00,250,-52.6, 11.5, 28.6,0.0, 85.7, 0.0,351.6, 250.0, 13.8
475,18,13,00,759,-51.3, 11.4, 28.7,0.0, 85.4, 0.0,351.6, 249.7, 13.8
476,18,13,01,268,-51.3, 11.4, 28.7,0.0, 85.4, 0.0,351.4, 249.6, 13.8
477,18,13,01,783,-51.3, 11.4, 28.7,0.0, 195.7, 0.0,347.6, 359.0, 14.0
478,18,13,02,297,-51.3, 11.4, 28.7,0.0, 222.3, 0.0,343.5, 24.5, 14.2
479,18,13,02,799,-51.8, 11.5, 27.7,0.0, 205.8, 0.0,342.8, 7.8, 14.3
480,18,13,03,323,-52.9, 12.0, 25.4,0.0, 205.0, 0.0,343.4, 7.2, 14.2
481,18,13,03,846,-54.0, 12.5, 23.1,0.0, 205.5, 0.0,345.8, 8.3, 14.1
482,18,13,04,353,-55.1, 13.2, 20.8,0.0, 205.5, 0.0,345.8, 8.3, 14.1
483,18,13,04,858,-56.1, 13.8, 18.6,0.0, 205.5, 0.0,345.8, 8.3, 14.1
484,18,13,05,361,-57.1, 13.6, 16.4,0.0, 206.5, 0.0,346.0, 9.3, 14.1
485,18,13,05,865,-58.3, 13.2, 14.2,0.0, 209.3, 0.0,345.8, 12.1, 14.1
486,18,13,06,372,-59.6, 12.9, 12.0,0.0, 213.2, 0.0,345.8, 16.0, 14.1
487,18,13,06,898,-61.5, 12.7, 10.8,0.0, 211.6, 0.0,346.3, 14.5, 14.0
488,18,13,07,405,-63.7, 12.7, 12.0,0.0, 203.7, 0.0,346.7, 6.7, 14.0
489,18,13,07,916,-65.8, 13.7, 12.7,0.0, 203.0, 0.0,346.6, 6.0, 14.0
490,18,13,08,422,-66.0, 13.7, 12.4,0.0, 200.7, 0.0,347.0, 3.8, 14.0
491,18,13,08,922,-65.3, 13.1, 12.3,0.0, 200.7, 0.0,347.0, 3.8, 14.0
492,18,13,09,429,-63.0, 12.7, 11.5,0.0, 200.7, 0.0,347.0, 3.8, 14.0
493,18,13,09,937,-60.7, 12.7, 10.4,0.0, 205.4, 0.0,347.9, 8.7, 13.9
494,18,13,10,463,-61.3, 12.9, 8.0,0.0, 204.6, 0.0,348.2, 8.0, 13.9
495,18,13,10,973,-60.0, 13.0, 6.1,0.0, 204.3, 0.0,348.1, 7.7, 13.9
496,18,13,11,495,-60.6, 12.9, 3.7,0.0, 205.3, 0.0,347.5, 8.5, 14.0
497,18,13,12,8,-60.4, 12.6, 1.5,0.0, 207.4, 0.0,345.2, 10.0, 14.1
498,18,13,12,514,-60.6, 12.4, -0.7,0.0, 232.3, 0.0,343.3, 34.5, 14.2
499,18,13,13,22,-62.2, 12.6, -2.5,0.0, 229.3, 0.0,344.1, 31.7, 14.2
500,18,13,13,529,-62.3, 12.8, -4.9,0.0, 249.2, 0.0,343.1, 51.3, 14.3
501,18,13,14,34,-62.1, 13.0, -6.7,0.0, 264.7, 0.0,344.5, 67.2, 14.2
502,18,13,14,544,-62.1, 13.0, -6.7,0.0, 195.2, 0.0,343.7, 357.5, 14.2
503,18,13,15,68,-62.1, 13.0, -6.7,0.0, 151.2, 0.0,346.5, 314.2, 14.0
504,18,13,15,583,-62.4, 13.2, -7.0,0.0, 137.5, 0.0,353.1, 302.1, 13.7
505,18,13,16,104,-61.6, 13.4, -8.8,0.0, 94.9, 0.0,3.5, 262.1, 12.8
506,18,13,16,630,-59.1, 12.7, -9.1,0.0, 97.3, 0.0,4.1, 264.6, 12.4
507,18,13,17,143,-56.7, 11.7, -9.7,0.0, 98.9, 0.0,4.1, 266.2, 12.4
508,18,13,17,680,-55.7, 11.2, -10.0,0.0, 98.9, 0.0,4.1, 266.2, 12.4
509,18,13,18,229,-53.9, 10.3, -10.5,0.0, 95.7, 0.0,4.1, 263.0, 12.4
510,18,13,18,763,-52.1, 9.1, -8.9,0.0, 91.6, 0.0,3.1, 258.7, 12.4
511,18,13,19,292,-49.8, 7.8, -9.3,0.0, 106.4, 0.0,2.2, 273.3, 12.4
512,18,13,19,813,-47.7, 6.6, -9.0,0.0, 106.5, 0.0,1.7, 273.3, 12.4
513,18,13,20,334,-45.3, 5.9, -8.8,0.0, 106.5, 0.0,1.7, 273.3, 12.4
514,18,13,20,857,-42.9, 5.4, -8.9,0.0, 107.1, 0.0,1.0, 273.7, 12.4
515,18,13,21,366,-40.7, 5.2, -7.7,0.0, 107.7, 0.0,0.3, 274.1, 12.4
516,18,13,21,868,-38.5, 5.4, -6.6,0.0, 107.7, 0.0,0.3, 274.1, 12.4
517,18,13,22,376,-36.2, 5.9, -5.4,0.0, 107.7, 0.0,0.3, 274.1, 12.4
518,18,13,22,893,-33.9, 6.5, -4.3,0.0, 107.7, 0.0,0.3, 274.1, 12.4
519,18,13,23,417,-31.4, 6.8, -4.6,0.0, 107.6, 0.0,0.4, 274.1, 12.4
520,18,13,23,923,-29.1, 7.4, -3.9,0.0, 107.6, 0.0,0.4, 274.1, 12.4
521,18,13,24,466,-26.8, 8.1, -2.7,0.0, 106.4, 0.0,0.5, 272.9, 12.4
522,18,13,24,989,-24.5, 8.9, -1.8,0.0, 106.4, 0.0,359.8, 272.7, 12.4
523,18,13,25,498,-22.1, 9.2, -2.5,0.0, 105.6, 0.0,0.3, 272.0, 12.4
524,18,13,26,20,-19.6, 9.4, -3.2,0.0, 105.6, 0.0,0.3, 272.0, 12.4
525,18,13,26,533,-17.1, 9.9, -4.0,0.0, 105.6, 0.0,0.3, 272.0, 12.4
526,18,13,27,42,-14.8, 10.4, -4.7,0.0, 98.3, 0.0,1.5, 265.0, 12.4
527,18,13,27,583,-12.4, 11.2, -4.0,0.0, 47.3, 0.0,4.2, 214.6, 12.4
528,18,13,28,113,-10.6, 11.6, -2.0,0.0, 42.8, 0.0,4.7, 210.2, 12.4
529,18,13,28,652,-8.8, 11.9, -0.1,0.0, 42.9, 0.0,4.6, 210.3, 12.4
530,18,13,29,187,-8.0, 11.9, 0.8,0.0, 43.5, 0.0,3.6, 210.7, 12.4
531,18,13,29,695,-8.0, 11.9, 0.8,0.0, 45.7, 0.0,2.3, 212.6, 12.4
532,18,13,30,218,-8.0, 11.9, 0.8,0.0, 45.8, 0.0,2.5, 212.7, 12.4
533,18,13,30,736,-8.0, 11.9, 0.8,0.0, 45.8, 0.0,2.6, 212.8, 12.4
534,18,13,31,255,-8.0, 11.9, 0.8,0.0, 45.8, 0.0,2.6, 212.8, 12.4
535,18,13,31,761,-8.0, 11.9, 0.8,0.0, 45.8, 0.0,2.6, 212.8, 12.4
536,18,13,32,275,-8.0, 11.9, 0.8,0.0, 45.8, 0.0,2.6, 212.8, 12.4
537,18,13,32,783,-8.0, 11.9, 0.8,0.0, 45.8, 0.0,2.6, 212.8, 12.4
538,18,13,33,294,-8.0, 11.9, 0.8,0.0, 45.8, 0.0,2.6, 212.8, 12.4
539,18,13,33,801,-8.0, 11.9, 0.8,0.0, 45.8, 0.0,2.6, 212.8, 12.4
540,18,13,34,319,-8.0, 11.9, 0.8,0.0, 45.8, 0.0,2.6, 212.8, 12.4
541,18,13,34,854,-8.0, 11.9, 0.8,0.0, 45.8, 0.0,2.6, 212.8, 12.4
542,18,13,35,354,-8.0, 11.9, 0.8,0.0, 46.1, 0.0,2.4, 213.0, 12.4
543,18,13,35,880,-8.0, 11.9, 0.8,0.0, 46.4, 0.0,2.2, 213.3, 12.4
544,18,13,36,413,-8.0, 11.9, 0.8,0.0, 46.4, 0.0,2.2, 213.3, 12.4
545,18,13,36,936,-8.0, 11.9, 0.8,0.0, 46.8, 0.0,1.7, 213.6, 12.4
546,18,13,37,460,-8.0, 11.9, 0.8,0.0, 46.8, 0.0,1.7, 213.6, 12.4
547,18,13,37,967,-6.3, 12.1, -1.0,0.0, 46.9, 0.0,1.6, 213.6, 12.4
548,18,13,38,472,-4.7, 12.3, -2.8,0.0, 47.2, 0.0,1.6, 213.9, 12.4
549,18,13,38,975,-4.7, 12.3, -2.8,0.0, 72.8, 0.0,2.0, 239.6, 12.4
550,18,13,39,476,-4.7, 12.3, -2.8,0.0, 74.8, 0.0,2.4, 241.7, 12.4
551,18,13,40,13,-4.7, 12.3, -2.8,0.0, 68.0, 0.0,2.9, 235.0, 12.4
552,18,13,40,517,-4.7, 12.3, -2.8,0.0, 93.4, 0.0,1.4, 260.1, 12.4
553,18,13,41,42,-4.7, 12.3, -2.8,0.0, 128.0, 0.0,5.6, 295.6, 12.4
554,18,13,41,566,-3.0, 12.8, -4.6,0.0, 144.5, 0.0,7.8, 312.6, 11.9
555,18,13,42,70,-2.0, 13.2, -6.7,0.0, 170.6, 0.0,9.6, 339.0, 11.6
556,18,13,42,579,-1.6, 13.7, -9.3,0.0, 170.6, 0.0,9.7, 339.0, 11.6
557,18,13,43,89,-1.2, 13.9, -11.7,0.0, 170.6, 0.0,9.7, 339.0, 11.6
558,18,13,43,597,-0.8, 14.3, -14.3,0.0, 170.6, 0.0,9.7, 339.0, 11.6
559,18,13,44,119,-0.4, 14.9, -16.8,0.0, 169.4, 0.0,9.6, 337.8, 11.6
560,18,13,44,622,0.1, 15.4, -19.2,0.0, 156.2, 0.0,13.7, 325.4, 10.8
561,18,13,45,126,1.4, 15.8, -21.2,0.0, 140.2, 0.0,20.5, 310.4, 9.8
562,18,13,45,651,3.2, 16.1, -23.2,0.0, 134.7, 0.0,23.8, 305.4, 9.3
563,18,13,46,183,5.2, 16.5, -24.8,0.0, 119.5, 0.0,28.5, 290.8, 8.7
564,18,13,46,706,7.6, 16.9, -25.6,0.0, 91.6, 0.0,36.1, 263.8, 7.8
565,18,13,47,227,10.2, 17.0, -25.5,0.0, 87.4, 0.0,37.9, 259.8, 7.6
566,18,13,47,756,12.9, 17.0, -25.2,0.0, 79.7, 0.0,38.9, 252.2, 7.5
567,18,13,48,274,15.4, 16.8, -24.7,0.0, 79.7, 0.0,38.9, 252.2, 7.5
568,18,13,48,792,16.3, 16.8, -24.5,0.0, 79.7, 0.0,38.9, 252.2, 7.5
569,18,13,49,325,16.3, 16.8, -24.5,0.0, 64.8, 0.0,40.2, 237.4, 7.4
570,18,13,49,846,16.3, 16.8, -24.5,0.0, 56.6, 0.0,39.7, 229.1, 7.3
571,18,13,50,381,16.3, 16.8, -24.5,0.0, 56.6, 0.0,39.7, 229.1, 7.3
572,18,13,50,887,16.3, 16.8, -24.5,0.0, 56.6, 0.0,39.7, 229.1, 7.3
573,18,13,51,396,16.3, 16.8, -24.5,0.0, 56.6, 0.0,39.6, 229.1, 7.3
574,18,13,51,905,16.3, 16.8, -24.5,0.0, 57.8, 0.0,39.4, 230.2, 7.3
575,18,13,52,415,17.9, 16.6, -26.2,0.0, 58.4, 0.0,39.4, 230.8, 7.3
576,18,13,52,917,19.9, 16.6, -24.9,0.0, 65.0, 0.0,39.6, 237.5, 7.3
577,18,13,53,418,21.2, 16.4, -22.9,0.0, 84.7, 0.0,40.6, 257.3, 7.4
578,18,13,53,926,23.7, 16.5, -22.9,0.0, 105.1, 0.0,40.3, 277.7, 7.3
579,18,13,54,433,26.1, 16.5, -22.5,0.0, 128.2, 0.0,42.7, 301.0, 7.2
580,18,13,54,941,28.1, 16.8, -24.0,0.0, 126.6, 0.0,44.9, 299.6, 7.0
581,18,13,55,450,30.0, 17.1, -25.5,0.0, 124.3, 0.0,47.8, 297.5, 6.7
582,18,13,55,957,29.3, 17.0, -27.2,0.0, 117.9, 0.0,49.1, 291.3, 6.6
583,18,13,56,464,29.8, 17.0, -27.7,0.0, 122.5, 0.0,49.9, 295.9, 6.5
584,18,13,56,974,31.5, 17.0, -28.7,0.0, 121.3, 0.0,50.0, 294.7, 6.5
585,18,13,57,478,31.5, 17.0, -28.7,0.0, 93.2, 0.0,53.7, 266.9, 6.3
586,18,13,57,981,31.5, 17.0, -28.7,0.0, 65.4, 0.0,54.5, 239.1, 6.2
587,18,13,58,529,31.5, 17.0, -28.7,0.0, 359.9, 0.0,54.8, 173.7, 6.2
588,18,13,59,41,31.5, 17.0, -28.7,0.0, 344.9, 0.0,54.7, 158.6, 6.1
589,18,13,59,567,31.5, 17.0, -28.7,0.0, 337.8, 0.0,56.6, 151.7, 6.1
590,18,14,00,87,31.5, 17.0, -28.7,0.0, 280.1, 0.0,56.7, 94.0, 6.1
591,18,14,00,603,31.5, 17.0, -28.7,0.0, 244.7, 0.0,56.7, 58.6, 6.1
592,18,14,01,113,31.5, 17.0, -28.7,0.0, 227.2, 0.0,56.3, 41.0, 6.0
593,18,14,01,628,31.5, 17.0, -28.7,0.0, 298.1, 0.0,56.7, 112.0, 6.1
594,18,14,02,156,31.3, 17.0, -28.4,0.0, 332.8, 0.0,60.4, 147.0, 5.8
595,18,14,02,667,29.8, 17.0, -26.4,0.0, 321.5, 0.0,61.2, 135.7, 5.7
596,18,14,03,202,28.2, 16.9, -24.3,0.0, 323.6, 0.0,61.1, 137.8, 5.7
597,18,14,03,723,27.7, 16.7, -22.4,0.0, 55.5, 0.0,54.5, 228.5, 4.7
598,18,14,04,229,27.7, 16.7, -22.4,0.0, 103.9, 0.0,49.5, 276.3, 4.2
599,18,14,04,738,26.0, 16.5, -22.0,0.0, 94.3, 0.0,51.2, 266.9, 4.4
600,18,14,05,245,25.1, 16.4, -20.7,0.0, 62.8, 0.0,51.4, 235.4, 4.4
601,18,14,05,753,27.5, 16.9, -19.9,0.0, 73.5, 0.0,54.2, 246.5, 4.7
602,18,14,06,260,29.9, 16.9, -19.2,0.0, 76.7, 0.0,58.0, 250.3, 5.2
603,18,14,06,766,31.7, 16.8, -19.0,0.0, 89.2, 0.0,59.2, 263.0, 5.4
604,18,14,07,275,34.3, 16.7, -19.0,0.0, 88.6, 0.0,59.0, 262.4, 5.4
605,18,14,07,782,36.3, 17.1, -19.1,0.0, 88.5, 0.0,59.6, 262.4, 5.5
606,18,14,08,288,36.3, 17.1, -19.1,0.0, 113.0, 0.0,58.5, 286.7, 5.3
607,18,14,08,796,36.3, 17.1, -19.1,0.0, 127.6, 0.0,58.6, 301.3, 5.3
608,18,14,09,306,36.3, 17.1, -19.1,0.0, 126.2, 0.0,57.8, 299.8, 5.2
609,18,14,09,812,36.3, 17.1, -19.1,0.0, 125.7, 0.0,57.8, 299.3, 5.2
610,18,14,10,318,36.3, 17.1, -19.1,0.0, 112.7, 0.0,57.5, 286.2, 5.1
611,18,14,10,842,36.3, 17.1, -19.1,0.0, 35.2, 0.0,57.4, 208.7, 5.1
612,18,14,11,390,36.3, 17.1, -19.1,0.0, 27.2, 0.0,60.5, 201.3, 5.6
613,18,14,11,941,36.3, 17.1, -19.1,0.0, 317.7, 0.0,65.2, 132.2, 5.5
614,18,14,12,479,35.4, 17.1, -18.4,0.0, 304.1, 0.0,67.7, 118.7, 5.4
615,18,14,13,29,33.4, 16.9, -16.6,0.0, 317.7, 0.0,70.3, 132.5, 5.2
616,18,14,13,542,32.7, 15.8, -14.3,0.0, 349.0, 0.0,78.7, 164.2, 4.8
617,18,14,14,43,32.3, 15.4, -12.0,0.0, 353.3, 0.0,78.7, 168.5, 4.8
618,18,14,14,557,32.3, 15.1, -11.0,0.0, 13.8, 0.0,82.0, 189.1, 4.7
619,18,14,15,88,32.7, 14.5, -10.2,0.0, 13.9, 0.0,82.0, 189.2, 4.7
620,18,14,15,606,33.8, 13.6, -8.3,0.0, 15.5, 0.0,81.2, 190.4, 4.2
621,18,14,16,141,33.8, 13.6, -8.3,0.0, 5.0, 0.0,80.9, 179.8, 4.1
622,18,14,16,643,33.8, 13.6, -8.3,0.0, 4.2, 0.0,80.4, 178.7, 3.9
623,18,14,17,178,33.8, 13.6, -8.3,0.0, 3.6, 0.0,80.4, 178.1, 3.9
624,18,14,17,678,33.8, 13.6, -8.3,0.0, 2.8, 0.0,78.9, 176.8, 3.4
625,18,14,18,180,33.8, 13.6, -8.3,0.0, 2.6, 0.0,78.9, 176.6, 3.4
626,18,14,18,708,33.8, 13.6, -8.3,0.0, 2.6, 0.0,78.9, 176.6, 3.4
627,18,14,19,228,33.8, 13.6, -8.3,0.0, 1.7, 0.0,78.5, 175.6, 3.2
628,18,14,19,740,33.8, 13.6, -8.3,0.0, 0.5, 0.0,78.5, 174.4, 3.2
629,18,14,20,264,33.8, 13.6, -8.3,0.0, 0.1, 0.0,77.9, 173.8, 3.1
630,18,14,20,772,33.8, 13.6, -8.3,0.0, 0.1, 0.0,77.9, 173.8, 3.1
631,18,14,21,307,33.8, 13.6, -8.3,0.0, 359.2, 0.0,79.5, 173.4, 3.6
632,18,14,21,817,33.8, 13.6, -8.3,0.0, 359.2, 0.0,79.5, 173.4, 3.6
633,18,14,22,352,33.8, 13.6, -8.3,0.0, 359.2, 0.0,79.5, 173.4, 3.6
634,18,14,22,861,33.8, 13.6, -8.3,0.0, 359.2, 0.0,79.3, 173.3, 3.5
635,18,14,23,388,33.8, 13.6, -8.3,0.0, 358.9, 0.0,79.8, 173.2, 3.7
636,18,14,23,908,34.5, 13.1, -7.6,0.0, 359.0, 0.0,80.9, 173.8, 4.1
637,18,14,24,412,34.6, 11.6, -5.5,0.0, 359.0, 0.0,80.9, 173.8, 4.1
638,18,14,24,929,34.5, 11.2, -3.2,0.0, 358.5, 0.0,81.9, 173.8, 4.6
639,18,14,25,461,33.4, 10.1, -1.1,0.0, 357.3, 0.0,83.1, 172.7, 4.6
640,18,14,25,993,32.8, 9.0, 1.4,0.0, 354.4, 0.0,83.8, 169.8, 4.6
641,18,14,26,524,32.1, 8.1, 3.5,0.0, 350.9, 0.0,84.7, 166.3, 4.5
642,18,14,27,25,31.4, 7.2, 5.7,0.0, 350.9, 0.0,84.7, 166.3, 4.5
643,18,14,27,558,30.7, 6.4, 8.2,0.0, 349.2, 0.0,84.5, 164.5, 4.4
644,18,14,28,94,30.0, 5.8, 10.7,0.0, 348.6, 0.0,84.3, 163.7, 4.2
645,18,14,28,602,29.4, 5.5, 13.1,0.0, 347.9, 0.0,84.3, 163.0, 4.2
646,18,14,29,135,28.4, 5.4, 15.6,0.0, 347.9, 0.0,84.3, 163.0, 4.2
647,18,14,29,670,27.8, 5.4, 18.0,0.0, 346.7, 0.0,84.9, 162.1, 4.5
648,18,14,30,174,27.2, 5.5, 20.6,0.0, 346.7, 0.0,84.9, 162.1, 4.5
649,18,14,30,703,27.1, 5.6, 21.1,0.0, 352.3, 0.0,84.8, 348.1, 184.1
650,18,14,31,217,26.8, 5.6, 23.6,0.0, 353.3, 0.0,84.5, 349.2, 184.1
651,18,14,31,755,26.7, 5.3, 25.3,0.0, 351.9, 0.0,83.9, 347.8, 184.1
652,18,14,32,286,26.7, 5.3, 25.3,0.0, 262.5, 0.0,74.2, 258.7, 183.8
653,18,14,32,794,26.7, 5.3, 25.3,0.0, 260.8, 0.0,75.6, 257.4, 184.2
654,18,14,33,318,26.7, 5.3, 25.3,0.0, 261.3, 0.0,76.5, 258.2, 184.5
655,18,14,33,845,25.0, 5.2, 25.0,0.0, 261.5, 0.0,77.6, 258.8, 184.9
656,18,14,34,355,22.4, 5.4, 24.6,0.0, 261.6, 0.0,77.7, 258.9, 184.9
657,18,14,34,859,19.9, 5.6, 24.3,0.0, 259.0, 0.0,76.8, 256.0, 184.6
658,18,14,35,391,17.5, 6.0, 23.6,0.0, 251.6, 0.0,77.5, 248.8, 184.8
659,18,14,35,896,15.1, 6.4, 22.8,0.0, 250.9, 0.0,78.5, 248.5, 185.2
660,18,14,36,433,12.6, 6.7, 21.8,0.0, 247.4, 0.0,80.0, 245.8, 186.0
661,18,14,36,960,10.2, 6.8, 20.8,0.0, 247.3, 0.0,80.4, 246.0, 186.2
662,18,14,37,475,7.8, 6.8, 19.8,0.0, 247.2, 0.0,80.5, 246.0, 186.3
663,18,14,38,7,5.4, 6.9, 18.8,0.0, 247.2, 0.0,80.5, 246.0, 186.3
664,18,14,38,524,3.0, 6.9, 17.8,0.0, 247.2, 0.0,80.5, 246.0, 186.3
665,18,14,39,31,0.6, 7.0, 16.8,0.0, 247.2, 0.0,80.5, 246.0, 186.3
666,18,14,39,537,-1.7, 7.7, 16.1,0.0, 247.6, 0.0,80.7, 246.5, 186.4
667,18,14,40,65,-4.1, 8.4, 15.3,0.0, 248.0, 0.0,81.8, 247.8, 187.3
668,18,14,40,586,-6.5, 8.9, 14.5,0.0, 249.2, 0.0,82.8, 250.0, 188.3
669,18,14,41,104,-8.7, 9.6, 13.4,0.0, 235.2, 0.0,86.4, 244.6, 196.9
670,18,14,41,633,-10.1, 10.9, 11.5,0.0, 212.9, 0.0,85.5, 218.6, 193.2
671,18,14,42,156,-11.3, 11.4, 9.3,0.0, 209.6, 0.0,83.9, 211.9, 189.8
672,18,14,42,687,-12.0, 11.3, 8.2,0.0, 217.7, 0.0,83.8, 219.8, 189.6
673,18,14,43,188,-12.0, 11.3, 8.2,0.0, 231.0, 0.0,85.8, 238.0, 194.5
674,18,14,43,704,-12.0, 11.3, 8.2,0.0, 234.6, 0.0,88.0, 15.3, 328.1
675,18,14,44,209,-12.0, 11.3, 8.2,0.0, 187.6, 0.0,88.8, 243.1, 243.0
676,18,14,44,717,-11.7, 11.3, 7.2,0.0, 164.6, 0.0,87.1, 177.9, 200.8
677,18,14,45,240,-10.9, 11.5, 4.8,0.0, 154.2, 0.0,86.8, 165.6, 198.9
678,18,14,45,761,-9.7, 11.6, 2.5,0.0, 154.6, 0.0,86.9, 166.6, 199.5
679,18,14,46,271,-8.7, 11.9, 0.1,0.0, 154.6, 0.0,86.9, 166.6, 199.5
680,18,14,46,778,-7.6, 12.0, -2.1,0.0, 154.6, 0.0,86.9, 166.6, 199.5
681,18,14,47,287,-6.6, 12.3, -4.4,0.0, 154.6, 0.0,86.9, 166.6, 199.5
682,18,14,47,795,-5.7, 12.7, -6.8,0.0, 154.6, 0.0,86.9, 166.6, 199.5
683,18,14,48,302,-4.7, 13.1, -9.0,0.0, 154.6, 0.0,86.9, 166.6, 199.5
684,18,14,48,809,-3.7, 13.5, -11.3,0.0, 154.6, 0.0,86.9, 166.6, 199.5
685,18,14,49,317,-2.6, 14.1, -13.6,0.0, 154.6, 0.0,86.9, 166.6, 199.5
686,18,14,49,823,-1.5, 14.6, -15.8,0.0, 154.6, 0.0,86.9, 166.6, 199.5
687,18,14,50,333,-0.4, 15.1, -18.0,0.0, 154.6, 0.0,86.9, 166.6, 199.5
688,18,14,50,837,0.6, 15.6, -20.3,0.0, 155.2, 0.0,87.2, 169.3, 201.6
689,18,14,51,344,1.3, 15.8, -21.8,0.0, 152.0, 0.0,85.7, 158.6, 194.1
690,18,14,51,849,1.3, 15.8, -21.8,0.0, 147.0, 0.0,86.5, 156.8, 197.3
691,18,14,52,349,1.3, 15.8, -21.8,0.0, 227.9, 0.0,80.6, 226.7, 186.4
692,18,14,52,865,-0.1, 16.0, -23.5,0.0, 219.0, 0.0,79.4, 217.1, 185.7
693,18,14,53,378,-2.0, 16.3, -25.2,0.0, 217.0, 0.0,79.5, 215.1, 185.7
694,18,14,53,884,-4.4, 16.8, -25.7,0.0, 213.0, 0.0,80.1, 211.5, 186.1
695,18,14,54,385,-6.8, 17.4, -26.3,0.0, 212.3, 0.0,79.6, 210.5, 185.8
696,18,14,54,908,-9.3, 17.7, -26.8,0.0, 212.1, 0.0,78.9, 209.9, 185.4
697,18,14,55,416,-11.0, 17.7, -26.3,0.0, 208.5, 0.0,78.8, 206.3, 185.4
698,18,14,55,925,-13.3, 17.9, -25.6,0.0, 203.6, 0.0,80.2, 202.2, 186.1
699,18,14,56,433,-14.1, 18.0, -26.7,0.0, 197.4, 0.0,79.5, 195.5, 185.7
700,18,14,56,940,-15.3, 17.9, -28.8,0.0, 203.0, 0.0,69.0, 199.3, 183.7
701,18,14,57,446,-16.4, 18.7, -30.5,0.0, 194.7, 0.0,69.6, 191.1, 183.8
702,18,14,57,954,-16.3, 18.8, -30.6,0.0, 200.1, 0.0,68.1, 196.5, 183.7
703,18,14,58,459,-16.5, 18.7, -30.4,0.0, 237.8, 0.0,62.8, 234.3, 183.5
704,18,14,58,984,-17.3, 18.4, -29.9,0.0, 226.5, 0.0,59.2, 223.1, 183.4
705,18,14,59,488,-18.4, 18.0, -29.6,0.0, 235.2, 0.0,54.0, 231.9, 183.3
706,18,14,59,997,-20.2, 17.5, -30.1,0.0, 225.5, 0.0,54.4, 222.2, 183.3
707,18,15,00,520,-20.2, 17.5, -30.1,0.0, 226.4, 0.0,55.5, 223.2, 183.4
708,18,15,01,21,-22.0, 18.0, -30.2,0.0, 215.8, 0.0,55.4, 212.6, 183.4
709,18,15,01,547,-23.7, 17.5, -31.0,0.0, 204.1, 0.0,59.3, 201.4, 183.8
710,18,15,02,56,-24.0, 17.4, -31.0,0.0, 203.8, 0.0,60.1, 201.2, 183.9
711,18,15,02,563,-25.4, 16.8, -31.4,0.0, 191.8, 0.0,63.1, 189.6, 184.3
712,18,15,03,73,-27.1, 15.9, -31.8,0.0, 188.7, 0.0,64.6, 186.8, 184.6
713,18,15,03,579,-28.2, 15.0, -32.1,0.0, 194.6, 0.0,69.0, 193.7, 185.5
714,18,15,04,86,-28.2, 15.0, -32.1,0.0, 216.5, 0.0,65.0, 214.7, 184.6
715,18,15,04,608,-30.4, 15.4, -32.7,0.0, 214.4, 0.0,65.8, 212.7, 184.8
716,18,15,05,110,-32.1, 15.5, -33.1,0.0, 195.8, 0.0,68.7, 194.8, 185.4
717,18,15,05,619,-33.1, 15.7, -33.4,0.0, 190.8, 0.0,69.4, 190.0, 185.6
718,18,15,06,125,-34.3, 15.7, -33.7,0.0, 195.9, 0.0,68.7, 194.9, 185.4
719,18,15,06,633,-35.6, 15.7, -34.0,0.0, 196.1, 0.0,68.5, 195.1, 185.3
720,18,15,07,140,-36.7, 15.2, -34.3,0.0, 195.8, 0.0,68.4, 194.7, 185.3
721,18,15,07,646,-36.7, 15.2, -34.3,0.0, 195.5, 0.0,68.3, 194.4, 185.3
722,18,15,08,171,-37.4, 14.3, -34.0,0.0, 258.2, 0.0,49.4, 255.1, 183.3
723,18,15,08,686,-39.8, 13.3, -34.4,0.0, 238.2, 0.0,54.2, 235.5, 183.6
724,18,15,09,203,-40.8, 13.8, -34.6,0.0, 208.7, 0.0,66.0, 207.9, 185.2
725,18,15,09,707,-42.0, 13.8, -34.2,0.0, 244.1, 0.0,65.5, 243.2, 185.1
726,18,15,10,221,-42.8, 13.6, -33.7,0.0, 254.6, 0.0,61.4, 252.9, 184.5
727,18,15,10,745,-42.9, 13.6, -33.4,0.0, 273.5, 0.0,58.5, 271.4, 184.1
728,18,15,11,248,-42.9, 13.6, -33.3,0.0, 272.9, 0.0,54.1, 270.2, 183.6
729,18,15,11,783,-43.0, 13.6, -32.7,0.0, 267.3, 0.0,55.2, 264.8, 183.7
730,18,15,12,286,-43.0, 13.6, -32.7,0.0, 288.2, 0.0,56.4, 285.8, 183.9
731,18,15,12,815,-44.4, 13.8, -31.1,0.0, 304.8, 0.0,51.0, 301.8, 183.4
732,18,15,13,347,-46.4, 13.6, -29.6,0.0, 304.6, 0.0,50.5, 301.6, 183.3
733,18,15,13,866,-48.5, 13.4, -28.2,0.0, 315.8, 0.0,47.8, 312.6, 183.2
734,18,15,14,369,-50.2, 13.4, -26.3,0.0, 315.7, 0.0,47.7, 312.5, 183.2
735,18,15,14,883,-51.4, 13.8, -25.3,0.0, 315.8, 0.0,47.6, 312.6, 183.2
736,18,15,15,386,-51.4, 13.9, -25.3,0.0, 353.0, 0.0,43.0, 349.9, 183.1
737,18,15,15,910,-50.5, 13.6, -24.8,0.0, 353.7, 0.0,42.7, 350.6, 183.1
738,18,15,16,429,-50.8, 13.4, -22.4,0.0, 357.8, 0.0,35.5, 354.8, 183.0
739,18,15,16,934,-51.3, 13.0, -19.8,0.0, 354.3, 0.0,34.9, 351.3, 183.0
740,18,15,17,466,-51.7, 12.9, -17.3,0.0, 351.8, 0.0,36.0, 348.9, 183.0
741,18,15,18,4,-52.3, 11.7, -14.8,0.0, 349.2, 0.0,37.0, 346.3, 183.1
742,18,15,18,520,-53.4, 10.3, -12.6,0.0, 299.3, 0.0,51.9, 297.7, 184.0
743,18,15,19,25,-55.4, 11.3, -11.3,0.0, 290.2, 0.0,54.6, 288.9, 184.3
744,18,15,19,533,-57.5, 12.2, -10.1,0.0, 295.7, 0.0,55.9, 294.6, 184.4
745,18,15,20,43,-59.3, 12.6, -8.4,0.0, 327.7, 0.0,49.2, 325.8, 183.8
746,18,15,20,576,-59.6, 12.5, -7.8,0.0, 331.9, 0.0,47.3, 329.8, 183.6
747,18,15,21,82,-59.6, 12.5, -7.8,0.0, 336.3, 0.0,47.8, 334.3, 183.7
748,18,15,21,610,-59.6, 12.5, -7.8,0.0, 336.3, 0.0,47.8, 334.3, 183.7
749,18,15,22,134,-59.6, 12.5, -7.8,0.0, 333.6, 0.0,46.1, 331.4, 183.6
750,18,15,22,664,-59.6, 12.5, -7.8,0.0, 337.9, 0.0,44.4, 335.6, 183.4
751,18,15,23,189,-59.6, 12.5, -7.8,0.0, 339.4, 0.0,43.8, 337.0, 183.4
752,18,15,23,714,-59.6, 12.5, -7.8,0.0, 339.4, 0.0,43.8, 337.0, 183.4
753,18,15,24,263,-60.9, 12.6, -5.6,0.0, 339.2, 0.0,43.8, 336.8, 183.4
754,18,15,24,798,-62.9, 12.8, -4.0,0.0, 338.9, 0.0,43.8, 336.5, 183.4
755,18,15,25,317,-61.9, 12.6, -1.9,0.0, 338.9, 0.0,43.8, 336.5, 183.4
756,18,15,25,838,-61.0, 12.5, 0.0,0.0, 338.1, 0.0,43.8, 335.7, 183.4
757,18,15,26,374,-62.2, 12.7, 1.2,0.0, 336.9, 0.0,43.8, 334.5, 183.4
758,18,15,26,899,-62.2, 12.7, 1.2,0.0, 336.2, 0.0,43.8, 333.8, 183.4
759,18,15,27,432,-60.0, 12.5, 1.3,0.0, 335.9, 0.0,43.8, 333.5, 183.4
760,18,15,27,964,-59.7, 12.9, 3.5,0.0, 335.6, 0.0,43.9, 333.2, 183.4
761,18,15,28,503,-60.8, 13.0, 5.9,0.0, 334.3, 0.0,44.8, 332.0, 183.5
762,18,15,29,11,-63.0, 12.8, 7.2,0.0, 334.3, 0.0,44.8, 332.0, 183.5
763,18,15,29,523,-64.3, 12.8, 9.3,0.0, 334.3, 0.0,44.8, 332.0, 183.5
764,18,15,30,45,-62.7, 12.7, 11.1,0.0, 335.0, 0.0,45.2, 332.7, 183.5
765,18,15,30,586,-63.4, 12.8, 13.0,0.0, 335.0, 0.0,45.2, 332.7, 183.5
766,18,15,31,98,-63.4, 12.8, 13.0,0.0, 335.0, 0.0,45.2, 332.7, 183.5
767,18,15,31,628,-63.4, 12.8, 13.0,0.0, 334.7, 0.0,45.2, 332.4, 183.5
768,18,15,32,137,-64.2, 13.5, 14.7,0.0, 334.4, 0.0,45.4, 332.2, 183.5
769,18,15,32,664,-64.8, 14.6, 17.0,0.0, 333.3, 0.0,45.4, 331.1, 183.5
770,18,15,33,193,-65.5, 14.9, 19.5,0.0, 332.5, 0.0,45.1, 330.2, 183.5
771,18,15,33,712,-65.1, 14.7, 21.6,0.0, 332.5, 0.0,45.1, 330.2, 183.5
772,18,15,34,219,-62.8, 14.2, 22.5,0.0, 358.9, 0.0,40.8, 356.3, 183.3
773,18,15,34,719,-60.5, 13.8, 22.3,0.0, 9.5, 0.0,37.8, 6.7, 183.1
774,18,15,35,243,-59.6, 13.0, 24.6,0.0, 6.5, 0.0,38.3, 3.7, 183.1
775,18,15,35,778,-57.1, 12.4, 24.7,0.0, 3.6, 0.0,37.9, 0.8, 183.1
776,18,15,36,315,-54.4, 12.3, 24.5,0.0, 2.5, 0.0,38.1, 359.7, 183.1
777,18,15,36,840,-51.8, 12.1, 24.4,0.0, 2.4, 0.0,38.2, 359.6, 183.1
778,18,15,37,364,-49.2, 11.9, 24.3,0.0, 2.0, 0.0,38.2, 359.2, 183.1
779,18,15,37,885,-46.6, 11.6, 24.1,0.0, 3.0, 0.0,34.8, 360.0, 183.0
780,18,15,38,415,-48.1, 11.4, 26.3,0.0, 3.0, 0.0,34.8, 360.0, 183.0
781,18,15,38,926,-48.8, 11.4, 27.1,0.0, 2.9, 0.0,36.6, 0.0, 183.1
782,18,15,39,473,-48.8, 11.4, 27.1,0.0, 1.7, 0.0,40.4, 359.1, 183.2
783,18,15,40,4,-48.8, 11.4, 27.1,0.0, 0.3, 0.0,41.6, 357.8, 183.3
784,18,15,40,539,-48.8, 11.4, 27.1,0.0, 0.2, 0.0,41.6, 357.7, 183.3
785,18,15,41,45,-48.8, 11.4, 27.1,0.0, 0.2, 0.0,41.6, 357.7, 183.3
786,18,15,41,548,-48.8, 11.4, 27.1,0.0, 359.7, 0.0,41.6, 357.2, 183.3
787,18,15,42,74,-48.8, 11.4, 27.1,0.0, 342.2, 0.0,40.0, 339.5, 183.2
788,18,15,42,597,-48.8, 11.4, 27.1,0.0, 263.8, 0.0,38.3, 261.0, 183.1
789,18,15,43,101,-48.8, 11.4, 27.1,0.0, 243.6, 0.0,38.5, 240.8, 183.2
790,18,15,43,625,-48.8, 11.4, 27.1,0.0, 182.1, 0.0,36.7, 179.2, 183.1
791,18,15,44,144,-48.8, 11.4, 27.1,0.0, 173.7, 0.0,36.8, 170.8, 183.1
792,18,15,44,662,-48.8, 11.4, 27.1,0.0, 172.5, 0.0,36.8, 169.6, 183.1
793,18,15,45,169,-48.8, 11.4, 27.1,0.0, 215.0, 0.0,37.0, 212.1, 183.1
794,18,15,45,680,-48.8, 11.4, 27.1,0.0, 241.7, 0.0,42.1, 239.2, 183.3
795,18,15,46,184,-48.8, 11.4, 27.1,0.0, 312.2, 0.0,46.1, 310.0, 183.6
796,18,15,46,760,-48.8, 11.4, 27.1,0.0, 337.4, 0.0,45.8, 335.2, 183.5
797,18,15,47,281,-48.8, 11.4, 27.1,0.0, 347.6, 0.0,43.8, 345.2, 183.4
798,18,15,47,803,-48.8, 11.4, 27.1,0.0, 346.8, 0.0,44.2, 344.5, 183.4
799,18,15,48,308,-48.8, 11.4, 27.1,0.0, 345.7, 0.0,43.9, 343.3, 183.4
800,18,15,48,818,-48.8, 11.4, 27.1,0.0, 343.4, 0.0,41.7, 340.9, 183.3
801,18,15,49,329,-48.8, 11.4, 27.1,0.0, 340.4, 0.0,37.3, 337.5, 183.1
802,18,15,49,840,-48.8, 11.4, 27.1,0.0, 342.4, 0.0,33.7, 339.4, 183.0
803,18,15,50,382,-48.8, 11.4, 27.1,0.0, 359.3, 0.0,33.7, 356.4, 183.0
804,18,15,50,906,-48.8, 11.4, 27.1,0.0, 17.8, 0.0,45.7, 15.8, 183.6
805,18,15,51,432,-48.8, 11.4, 27.1,0.0, 23.7, 0.0,47.0, 21.9, 183.7
806,18,15,51,965,-48.8, 11.4, 27.1,0.0, 23.3, 0.0,47.1, 21.5, 183.7