id,hour,min,sec,ms,xpos,ypos,zpos,uMousePos,vMousePos,wMousePos,uGazePos,vGazePos,wGazePos
0,12,32,46,922,80.8, 18.8, 134.0,0.0, 238.7, 0.0,42.1, 267.8, 17.4
1,12,32,47,568,80.8, 17.6, 134.0,0.0, 238.7, 0.0,42.1, 267.8, 17.4
2,12,32,48,171,80.8, 17.6, 134.0,0.0, 238.7, 0.0,42.1, 267.8, 17.4
3,12,32,48,690,80.8, 17.6, 134.0,0.0, 238.7, 0.0,42.1, 267.8, 17.4
4,12,32,49,263,80.8, 17.6, 134.0,0.0, 238.7, 0.0,42.1, 267.8, 17.4
5,12,32,49,828,80.8, 17.6, 134.0,0.0, 238.7, 0.0,42.1, 267.8, 17.4
6,12,32,50,380,80.8, 17.6, 134.0,0.0, 238.7, 0.0,42.1, 267.8, 17.4
7,12,32,50,921,80.8, 17.6, 134.0,0.0, 238.7, 0.0,42.1, 267.8, 17.4
8,12,32,51,425,80.8, 17.6, 134.0,0.0, 246.1, 0.0,30.5, 271.1, 15.0
9,12,32,51,966,80.8, 17.6, 134.0,0.0, 240.6, 0.0,29.2, 265.1, 14.7
10,12,32,52,509,80.8, 17.6, 134.0,0.0, 241.5, 0.0,28.9, 266.0, 14.7
11,12,32,53,45,80.8, 17.6, 134.0,0.0, 241.5, 0.0,28.9, 266.0, 14.7
12,12,32,53,591,80.8, 17.6, 134.0,0.0, 241.5, 0.0,28.9, 266.0, 14.7
13,12,32,54,133,80.8, 17.6, 134.0,0.0, 241.5, 0.0,28.9, 266.0, 14.7
14,12,32,54,685,80.8, 17.6, 134.0,0.0, 233.6, 0.0,20.2, 255.6, 13.7
15,12,32,55,227,80.8, 17.6, 134.0,0.0, 244.1, 0.0,21.3, 266.4, 13.8
16,12,32,55,730,80.8, 17.6, 134.0,0.0, 250.8, 0.0,19.8, 272.7, 13.7
17,12,32,56,254,80.8, 17.6, 134.0,0.0, 250.8, 0.0,19.8, 272.7, 13.7
18,12,32,56,788,80.8, 17.6, 134.0,0.0, 250.8, 0.0,19.8, 272.7, 13.7
19,12,32,57,325,80.8, 17.6, 134.0,0.0, 250.7, 0.0,19.8, 272.6, 13.7
20,12,32,57,863,80.8, 17.6, 134.0,0.0, 250.2, 0.0,19.8, 272.1, 13.7
21,12,32,58,388,80.8, 17.6, 134.0,0.0, 250.2, 0.0,19.8, 272.1, 13.7
22,12,32,58,921,80.8, 17.6, 134.0,0.0, 250.2, 0.0,19.8, 272.1, 13.7
23,12,32,59,472,80.8, 17.6, 134.0,0.0, 250.8, 0.0,19.3, 272.6, 13.6
24,12,33,00,10,80.8, 17.6, 134.0,0.0, 251.5, 0.0,19.0, 273.2, 13.6
25,12,33,00,510,78.5, 17.8, 133.2,0.0, 252.4, 0.0,18.6, 274.0, 13.6
26,12,33,01,28,76.0, 17.6, 132.4,0.0, 253.4, 0.0,16.9, 274.6, 13.4
27,12,33,01,541,73.6, 17.1, 131.8,0.0, 253.8, 0.0,14.6, 274.4, 13.3
28,12,33,02,61,71.1, 16.8, 131.1,0.0, 254.8, 0.0,12.0, 274.8, 13.1
29,12,33,02,572,68.6, 16.7, 130.5,0.0, 254.8, 0.0,10.6, 274.5, 13.1
30,12,33,03,103,66.2, 16.5, 129.6,0.0, 240.9, 0.0,8.5, 260.1, 13.0
31,12,33,03,643,63.7, 16.3, 128.9,0.0, 237.5, 0.0,8.4, 256.7, 13.0
32,12,33,04,191,61.0, 16.3, 128.6,0.0, 235.9, 0.0,5.9, 254.5, 12.9
33,12,33,04,731,58.5, 16.3, 127.9,0.0, 242.4, 0.0,1.8, 260.0, 12.8
34,12,33,05,233,56.2, 16.3, 126.8,0.0, 244.3, 0.0,0.5, 261.6, 12.8
35,12,33,05,735,54.1, 16.2, 125.5,0.0, 252.3, 0.0,358.0, 269.1, 12.8
36,12,33,06,254,51.7, 16.3, 124.6,0.0, 251.9, 0.0,357.6, 268.6, 12.9
37,12,33,06,792,49.3, 16.5, 123.3,0.0, 234.6, 0.0,358.3, 251.4, 12.8
38,12,33,07,309,47.2, 16.6, 121.9,0.0, 243.7, 0.0,356.2, 260.1, 12.9
39,12,33,07,811,44.9, 16.8, 120.8,0.0, 243.7, 0.0,356.2, 260.1, 12.9
40,12,33,08,328,42.7, 16.9, 119.5,0.0, 233.2, 0.0,358.3, 250.0, 12.8
41,12,33,08,875,40.7, 17.1, 117.7,0.0, 225.5, 0.0,358.6, 242.4, 12.8
42,12,33,09,399,38.8, 17.4, 115.9,0.0, 225.5, 0.0,358.6, 242.4, 12.8
43,12,33,09,931,36.9, 17.7, 114.1,0.0, 225.5, 0.0,357.9, 242.3, 12.8
44,12,33,10,462,35.0, 17.8, 112.2,0.0, 225.2, 0.0,359.6, 242.3, 12.8
45,12,33,10,971,33.3, 17.7, 110.4,0.0, 222.2, 0.0,359.6, 239.3, 12.8
46,12,33,11,482,31.6, 17.5, 108.5,0.0, 222.1, 0.0,358.2, 238.9, 12.8
47,12,33,11,987,29.9, 17.2, 106.5,0.0, 221.9, 0.0,358.2, 238.7, 12.8
48,12,33,12,489,28.3, 17.0, 104.7,0.0, 221.9, 0.0,358.2, 238.7, 12.8
49,12,33,13,31,26.6, 16.7, 102.6,0.0, 212.6, 0.0,358.7, 229.5, 12.8
50,12,33,13,555,25.5, 16.6, 100.2,0.0, 201.5, 0.0,358.7, 218.4, 12.8
51,12,33,14,57,24.6, 16.7, 97.9,0.0, 201.5, 0.0,358.7, 218.4, 12.8
52,12,33,14,569,24.0, 16.9, 95.4,0.0, 201.5, 0.0,358.7, 218.4, 12.8
53,12,33,15,117,23.1, 17.2, 92.9,0.0, 200.9, 0.0,358.7, 217.8, 12.8
54,12,33,15,660,23.8, 17.3, 90.3,0.0, 208.1, 0.0,356.1, 224.4, 12.9
55,12,33,16,166,22.8, 17.4, 88.0,0.0, 209.7, 0.0,355.4, 225.9, 12.9
56,12,33,16,666,22.2, 17.4, 85.6,0.0, 211.5, 0.0,353.1, 227.1, 12.9
57,12,33,17,188,21.8, 17.4, 83.1,0.0, 211.4, 0.0,353.0, 227.0, 12.9
58,12,33,17,726,21.2, 17.4, 80.5,0.0, 211.4, 0.0,353.0, 227.0, 12.9
59,12,33,18,254,20.0, 17.5, 78.2,0.0, 201.5, 0.0,353.9, 217.3, 12.9
60,12,33,18,755,19.0, 17.7, 75.9,0.0, 203.2, 0.0,353.2, 218.9, 12.9
61,12,33,19,274,18.5, 17.9, 73.4,0.0, 202.7, 0.0,355.3, 218.9, 12.9
62,12,33,19,773,17.9, 18.2, 71.1,0.0, 199.2, 0.0,8.5, 218.4, 13.0
63,12,33,20,308,18.6, 18.8, 68.6,0.0, 172.2, 0.0,8.5, 191.4, 13.0
64,12,33,20,837,18.4, 18.7, 66.1,0.0, 164.6, 0.0,9.3, 184.0, 13.0
65,12,33,21,338,18.7, 18.7, 63.6,0.0, 175.2, 0.0,4.6, 193.5, 12.9
66,12,33,21,842,18.9, 18.7, 61.0,0.0, 176.8, 0.0,4.0, 194.9, 12.9
67,12,33,22,361,18.8, 18.7, 58.5,0.0, 183.3, 0.0,2.7, 201.1, 12.9
68,12,33,22,866,18.1, 18.7, 56.0,0.0, 209.9, 0.0,0.2, 227.2, 12.8
69,12,33,23,403,17.4, 18.8, 53.7,0.0, 192.6, 0.0,12.9, 212.8, 13.2
70,12,33,23,905,18.5, 18.7, 51.5,0.0, 184.8, 0.0,357.0, 201.3, 12.9
71,12,33,24,411,19.1, 18.7, 49.2,0.0, 177.1, 0.0,342.9, 190.3, 13.4
72,12,33,24,929,19.2, 18.7, 46.6,0.0, 177.4, 0.0,343.0, 190.6, 13.4
73,12,33,25,448,18.7, 18.7, 44.1,0.0, 180.8, 0.0,341.6, 193.7, 13.5
74,12,33,25,965,18.5, 18.7, 41.6,0.0, 205.8, 0.0,337.9, 217.7, 13.9
75,12,33,26,474,17.7, 18.8, 39.3,0.0, 202.7, 0.0,336.9, 214.4, 14.0
76,12,33,26,995,17.9, 18.8, 36.8,0.0, 180.5, 0.0,336.6, 192.1, 14.0
77,12,33,27,502,18.7, 18.7, 34.4,0.0, 154.2, 0.0,334.8, 165.3, 14.2
78,12,33,28,8,20.0, 18.7, 32.2,0.0, 132.1, 0.0,332.0, 142.4, 14.6
79,12,33,28,532,20.3, 18.7, 29.6,0.0, 127.1, 0.0,333.1, 137.7, 14.4
80,12,33,29,35,21.0, 18.8, 27.3,0.0, 141.8, 0.0,331.1, 151.8, 14.7
81,12,33,29,537,20.6, 18.7, 24.9,0.0, 141.1, 0.0,330.7, 151.0, 14.8
82,12,33,30,37,20.3, 18.7, 22.4,0.0, 140.9, 0.0,329.3, 150.3, 15.0
83,12,33,30,548,21.0, 18.7, 20.0,0.0, 144.4, 0.0,327.1, 153.1, 15.4
84,12,33,31,54,20.9, 18.7, 18.1,0.0, 146.2, 0.0,324.7, 154.2, 15.8
85,12,33,31,572,20.1, 18.7, 15.6,0.0, 155.0, 0.0,321.6, 161.8, 16.5
86,12,33,32,81,20.7, 18.7, 13.2,0.0, 155.9, 0.0,321.3, 162.6, 16.6
87,12,33,32,595,20.2, 18.7, 10.7,0.0, 155.9, 0.0,321.3, 162.6, 16.6
88,12,33,33,112,20.5, 18.7, 8.2,0.0, 155.9, 0.0,321.3, 162.6, 16.6
89,12,33,33,619,20.5, 18.7, 5.9,0.0, 155.9, 0.0,321.3, 162.6, 16.6
90,12,33,34,150,20.4, 18.7, 3.3,0.0, 155.9, 0.0,321.3, 162.6, 16.6
91,12,33,34,683,20.5, 18.5, 0.7,0.0, 155.9, 0.0,321.3, 162.6, 16.6
92,12,33,35,190,21.1, 18.0, -1.7,0.0, 155.9, 0.0,321.3, 162.6, 16.6
93,12,33,35,697,20.4, 17.5, -4.0,0.0, 156.6, 0.0,320.7, 163.1, 16.7
94,12,33,36,239,21.4, 16.9, -6.4,0.0, 144.4, 0.0,316.2, 149.0, 17.9
95,12,33,36,749,22.3, 16.5, -8.7,0.0, 114.6, 0.0,311.8, 117.0, 19.5
96,12,33,37,254,23.4, 16.5, -10.9,0.0, 104.1, 0.0,309.8, 105.4, 20.3
97,12,33,37,761,23.7, 16.8, -13.3,0.0, 138.9, 0.0,309.8, 140.2, 20.3
98,12,33,38,272,24.1, 16.8, -15.6,0.0, 89.4, 0.0,306.2, 88.5, 22.1
99,12,33,38,783,25.7, 17.0, -17.5,0.0, 70.5, 0.0,304.9, 68.6, 22.9
100,12,33,39,304,27.2, 16.9, -19.7,0.0, 65.0, 0.0,304.6, 62.9, 23.1
101,12,33,39,817,28.0, 16.7, -21.7,0.0, 85.4, 0.0,302.8, 82.0, 24.2
102,12,33,40,320,27.5, 16.6, -22.3,0.0, 128.6, 0.0,299.2, 121.8, 27.1
103,12,33,40,831,26.1, 17.1, -23.7,0.0, 132.4, 0.0,299.6, 126.0, 26.7
104,12,33,41,336,26.3, 17.4, -24.1,0.0, 137.6, 0.0,299.6, 131.2, 26.7
105,12,33,41,846,28.2, 17.6, -23.1,0.0, 163.1, 0.0,301.9, 158.9, 24.8
106,12,33,42,361,28.0, 17.5, -23.1,0.0, 197.1, 0.0,305.1, 195.4, 22.7
107,12,33,42,868,25.7, 16.7, -23.5,0.0, 195.7, 0.0,295.6, 184.5, 31.0
108,12,33,43,371,24.9, 16.6, -23.3,0.0, 201.9, 0.0,290.3, 181.0, 39.9
109,12,33,43,900,24.9, 16.6, -23.3,0.0, 240.9, 0.0,285.2, 201.1, 58.0
110,12,33,44,409,24.9, 16.6, -23.3,0.0, 274.1, 0.0,285.2, 234.3, 58.0
111,12,33,44,912,24.9, 16.6, -23.3,0.0, 280.7, 0.0,285.8, 244.3, 54.7
112,12,33,45,441,24.9, 16.6, -23.3,0.0, 284.4, 0.0,287.3, 254.6, 48.4
113,12,33,45,970,24.9, 16.6, -23.3,0.0, 287.1, 0.0,287.6, 258.5, 47.2
114,12,33,46,486,24.9, 16.6, -23.3,0.0, 281.1, 0.0,288.0, 253.7, 46.1
115,12,33,46,991,24.9, 16.6, -23.3,0.0, 281.1, 0.0,288.0, 253.7, 46.1
116,12,33,47,499,24.9, 16.6, -23.3,0.0, 280.4, 0.0,288.1, 253.5, 45.6
117,12,33,48,7,24.9, 16.6, -23.3,0.0, 280.4, 0.0,288.1, 253.5, 45.6
118,12,33,48,518,24.9, 16.6, -23.3,0.0, 280.4, 0.0,288.1, 253.5, 45.6
119,12,33,49,31,24.9, 16.6, -23.3,0.0, 280.4, 0.0,288.1, 253.5, 45.6
120,12,33,49,544,24.9, 16.6, -23.3,0.0, 229.4, 0.0,285.0, 188.3, 59.3
121,12,33,50,53,24.9, 16.6, -23.3,0.0, 203.8, 0.0,283.4, 148.5, 73.0
122,12,33,50,573,24.9, 16.6, -23.3,0.0, 132.9, 0.0,283.5, 51.4, 98.5
123,12,33,51,76,24.9, 16.6, -23.3,0.0, 77.3, 0.0,284.3, 355.9, 98.6
124,12,33,51,599,26.6, 16.6, -22.9,0.0, 79.7, 0.0,284.6, 358.3, 98.6
125,12,33,52,109,26.9, 16.6, -22.7,0.0, 71.5, 0.0,284.5, 355.2, 93.6
126,12,33,52,609,26.9, 16.6, -22.7,0.0, 37.7, 0.0,284.5, 323.8, 91.3
127,12,33,53,158,26.3, 16.9, -23.3,0.0, 357.9, 0.0,284.5, 283.6, 91.7
128,12,33,53,671,26.4, 17.6, -24.3,0.0, 340.1, 0.0,284.9, 258.7, 98.6
129,12,33,54,186,27.2, 17.7, -23.9,0.0, 340.2, 0.0,285.2, 258.8, 98.6
130,12,33,54,694,27.2, 17.7, -24.6,0.0, 337.4, 0.0,285.2, 256.0, 98.6
131,12,33,55,214,27.2, 17.7, -24.6,0.0, 311.8, 0.0,285.2, 230.4, 98.6
132,12,33,55,750,27.2, 17.7, -24.6,0.0, 311.2, 0.0,285.3, 229.8, 98.6
133,12,33,56,279,27.2, 17.7, -24.6,0.0, 333.9, 0.0,285.9, 252.5, 98.6
134,12,33,56,796,27.2, 17.7, -24.6,0.0, 346.1, 0.0,286.3, 264.7, 98.6
135,12,33,57,316,27.2, 17.7, -24.6,0.0, 346.1, 0.0,286.3, 264.7, 98.6
136,12,33,57,824,27.2, 17.7, -24.6,0.0, 346.1, 0.0,286.3, 264.7, 98.6
137,12,33,58,350,27.2, 17.7, -24.6,0.0, 346.1, 0.0,286.4, 264.7, 98.6
138,12,33,58,868,27.2, 17.7, -24.6,0.0, 344.0, 0.0,286.5, 262.6, 98.6
139,12,33,59,415,27.2, 17.7, -24.6,0.0, 343.1, 0.0,286.3, 270.9, 89.8
140,12,33,59,937,27.2, 17.7, -24.6,0.0, 343.1, 0.0,286.3, 270.9, 89.8
141,12,34,00,439,27.2, 17.7, -24.6,0.0, 320.3, 0.0,286.7, 238.9, 98.6
142,12,34,00,951,27.2, 17.7, -24.6,0.0, 319.2, 0.0,286.5, 245.9, 90.9
143,12,34,01,471,27.2, 17.7, -24.6,0.0, 334.6, 0.0,286.5, 257.4, 94.7
144,12,34,02,15,27.2, 17.7, -24.6,0.0, 334.4, 0.0,286.5, 258.6, 93.3
145,12,34,02,517,27.2, 17.7, -24.6,0.0, 333.1, 0.0,286.5, 260.1, 90.6
146,12,34,03,33,27.2, 17.7, -24.6,0.0, 333.1, 0.0,286.5, 260.1, 90.6
147,12,34,03,544,27.2, 17.7, -24.6,0.0, 350.8, 0.0,287.4, 269.4, 98.6
148,12,34,04,54,27.2, 17.7, -24.6,0.0, 3.7, 0.0,287.4, 282.3, 98.6
149,12,34,04,579,27.2, 17.7, -24.6,0.0, 3.5, 0.0,287.4, 282.5, 98.3
150,12,34,05,99,27.2, 17.7, -24.6,0.0, 3.5, 0.0,287.4, 282.5, 98.3
151,12,34,05,600,27.2, 17.7, -24.6,0.0, 339.5, 0.0,287.2, 263.8, 93.2
152,12,34,06,138,27.2, 17.7, -24.6,0.0, 317.5, 0.0,287.3, 239.5, 95.5
153,12,34,06,637,27.2, 17.7, -24.6,0.0, 262.7, 0.0,287.2, 185.7, 94.5
154,12,34,07,164,27.2, 17.7, -24.6,0.0, 316.7, 0.0,288.1, 238.8, 95.3
155,12,34,07,674,27.2, 17.7, -24.6,0.0, 316.8, 0.0,288.0, 240.9, 93.5
156,12,34,08,196,27.2, 17.7, -24.6,0.0, 317.2, 0.0,288.0, 240.9, 93.8
157,12,34,08,700,27.2, 17.7, -24.6,0.0, 319.1, 0.0,288.1, 240.6, 95.9
158,12,34,09,201,27.2, 17.7, -24.6,0.0, 319.1, 0.0,288.1, 240.6, 95.9
159,12,34,09,721,27.2, 17.7, -24.6,0.0, 319.7, 0.0,288.1, 240.2, 96.8
160,12,34,10,222,27.2, 17.7, -24.6,0.0, 320.1, 0.0,288.1, 240.0, 97.4
161,12,34,10,744,27.2, 17.7, -24.6,0.0, 320.1, 0.0,288.1, 240.0, 97.4
162,12,34,11,267,27.2, 17.7, -24.6,0.0, 320.1, 0.0,288.1, 240.0, 97.4
163,12,34,11,789,27.2, 17.7, -24.6,0.0, 320.4, 0.0,288.2, 239.3, 98.3
164,12,34,12,299,27.2, 17.7, -24.6,0.0, 0.1, 0.0,290.9, 278.6, 98.6
165,12,34,12,829,27.2, 17.7, -24.6,0.0, 359.7, 0.0,290.9, 279.6, 97.3
166,12,34,13,352,27.2, 17.7, -24.6,0.0, 359.8, 0.0,290.9, 279.2, 97.8
167,12,34,13,882,27.2, 17.7, -24.6,0.0, 3.8, 0.0,291.6, 282.3, 98.5
168,12,34,14,399,27.2, 17.7, -24.6,0.0, 3.8, 0.0,291.6, 282.3, 98.5
169,12,34,14,921,27.2, 17.7, -24.6,0.0, 353.7, 0.0,291.4, 280.1, 91.2
170,12,34,15,426,27.2, 17.7, -24.6,0.0, 353.7, 0.0,291.4, 280.1, 91.2
171,12,34,15,963,27.2, 17.7, -24.6,0.0, 353.7, 0.0,291.4, 280.1, 91.2
172,12,34,16,512,27.2, 17.7, -24.6,0.0, 353.7, 0.0,291.4, 280.1, 91.2
173,12,34,17,21,27.2, 17.7, -24.6,0.0, 353.7, 0.0,291.4, 280.1, 91.2
174,12,34,17,546,27.2, 17.7, -24.6,0.0, 353.9, 0.0,291.4, 279.5, 91.9
175,12,34,18,74,27.2, 17.7, -24.6,0.0, 14.1, 0.0,292.5, 292.5, 98.4
176,12,34,18,574,27.2, 17.7, -24.6,0.0, 28.3, 0.0,292.6, 306.7, 98.4
177,12,34,19,90,27.2, 17.7, -24.6,0.0, 27.5, 0.0,292.5, 307.2, 97.3
178,12,34,19,601,27.2, 17.7, -24.6,0.0, 352.0, 0.0,292.3, 280.6, 89.0
179,12,34,20,142,27.2, 17.7, -24.6,0.0, 352.6, 0.0,292.3, 279.6, 90.5
180,12,34,20,679,27.2, 17.7, -24.6,0.0, 352.6, 0.0,292.3, 279.6, 90.5
181,12,34,21,188,27.2, 17.7, -24.6,0.0, 352.6, 0.0,292.3, 279.6, 90.5
182,12,34,21,713,27.2, 17.7, -24.6,0.0, 352.6, 0.0,292.3, 279.6, 90.5
183,12,34,22,223,27.2, 17.7, -24.6,0.0, 352.6, 0.0,292.3, 279.6, 90.5
184,12,34,22,753,27.2, 17.7, -24.6,0.0, 352.6, 0.0,292.3, 279.6, 90.5
185,12,34,23,261,27.2, 17.7, -24.6,0.0, 352.6, 0.0,292.3, 279.6, 90.5
186,12,34,23,767,27.2, 17.7, -24.6,0.0, 352.6, 0.0,292.3, 279.6, 90.5
187,12,34,24,275,27.2, 17.7, -24.6,0.0, 352.6, 0.0,292.3, 279.6, 90.5
188,12,34,24,800,27.2, 17.7, -24.6,0.0, 350.6, 0.0,292.3, 279.5, 88.8
189,12,34,25,308,27.2, 17.7, -24.6,0.0, 350.6, 0.0,292.3, 279.5, 88.8
190,12,34,25,818,27.2, 17.7, -24.6,0.0, 350.6, 0.0,292.3, 279.5, 88.8
191,12,34,26,343,27.2, 17.7, -24.6,0.0, 350.7, 0.0,292.3, 279.3, 89.0
192,12,34,26,885,27.2, 17.7, -24.6,0.0, 350.7, 0.0,292.3, 279.3, 89.0
193,12,34,27,391,27.2, 17.7, -24.6,0.0, 350.7, 0.0,292.3, 279.3, 89.0
194,12,34,27,892,27.2, 17.7, -24.6,0.0, 350.7, 0.0,292.3, 279.3, 89.0
195,12,34,28,398,27.2, 17.7, -24.6,0.0, 327.2, 0.0,292.6, 264.4, 81.1
196,12,34,28,914,27.2, 17.7, -24.6,0.0, 321.1, 0.0,292.6, 257.3, 82.0
197,12,34,29,439,27.2, 17.7, -24.6,0.0, 324.3, 0.0,292.4, 256.6, 85.6
198,12,34,29,946,27.2, 17.7, -24.6,0.0, 327.9, 0.0,292.4, 257.6, 88.0
199,12,34,30,455,26.1, 16.6, -22.7,0.0, 328.6, 0.0,292.3, 257.2, 89.0
200,12,34,30,990,24.8, 16.2, -20.4,0.0, 330.7, 0.0,292.3, 257.0, 91.2
201,12,34,31,515,23.5, 16.4, -18.2,0.0, 330.7, 0.0,292.3, 257.0, 91.2
202,12,34,32,27,22.3, 16.4, -15.9,0.0, 337.8, 0.0,292.4, 260.4, 94.6
203,12,34,32,566,21.4, 16.3, -13.3,0.0, 345.8, 0.0,292.5, 265.5, 97.3
204,12,34,33,101,21.2, 16.2, -12.0,0.0, 350.7, 0.0,293.3, 269.1, 98.4
205,12,34,33,607,21.2, 16.2, -12.0,0.0, 348.5, 0.0,293.2, 270.4, 95.1
206,12,34,34,132,21.2, 16.2, -12.0,0.0, 348.3, 0.0,293.2, 270.7, 94.7
207,12,34,34,637,21.2, 16.2, -12.0,0.0, 348.2, 0.0,293.2, 270.6, 94.7
208,12,34,35,171,21.2, 16.2, -12.0,0.0, 349.5, 0.0,293.2, 270.6, 95.8
209,12,34,35,711,21.2, 16.2, -12.0,0.0, 349.9, 0.0,293.2, 270.5, 96.3
210,12,34,36,233,21.2, 16.2, -12.0,0.0, 349.9, 0.0,293.2, 270.5, 96.3
211,12,34,36,747,21.2, 16.2, -12.0,0.0, 350.8, 0.0,293.3, 270.7, 97.0
212,12,34,37,250,21.0, 16.2, -11.0,0.0, 352.7, 0.0,295.5, 270.9, 98.2
213,12,34,37,761,20.7, 16.5, -8.5,0.0, 353.0, 0.0,296.8, 271.0, 98.0
214,12,34,38,299,20.4, 17.1, -5.9,0.0, 352.6, 0.0,296.9, 270.6, 98.0
215,12,34,38,814,20.2, 17.6, -3.4,0.0, 327.9, 0.0,297.6, 245.8, 97.9
216,12,34,39,319,20.6, 18.1, -1.0,0.0, 314.0, 0.0,299.7, 231.5, 97.6
217,12,34,39,830,20.4, 18.7, 1.6,0.0, 310.2, 0.0,300.7, 227.6, 97.4
218,12,34,40,364,20.4, 18.7, 4.2,0.0, 325.8, 0.0,302.0, 242.9, 97.1
219,12,34,40,899,20.3, 18.7, 6.8,0.0, 292.6, 0.0,302.4, 209.6, 97.0
220,12,34,41,430,19.7, 18.7, 9.4,0.0, 320.4, 0.0,304.1, 237.7, 96.1
221,12,34,41,947,18.5, 18.8, 11.5,0.0, 232.9, 0.0,305.7, 149.1, 96.2
222,12,34,42,449,18.6, 18.7, 14.0,0.0, 202.6, 0.0,308.5, 118.0, 95.4
223,12,34,42,971,19.3, 18.7, 16.5,0.0, 185.5, 0.0,309.5, 100.6, 95.1
224,12,34,43,478,19.5, 18.7, 19.0,0.0, 184.4, 0.0,310.1, 99.3, 94.9
225,12,34,43,986,19.6, 18.7, 21.5,0.0, 171.8, 0.0,309.9, 93.4, 89.8
226,12,34,44,497,18.9, 18.7, 23.3,0.0, 113.0, 0.0,310.3, 43.3, 83.1
227,12,34,45,16,20.5, 18.7, 25.3,0.0, 64.3, 0.0,310.3, 354.7, 83.0
228,12,34,45,529,20.8, 18.7, 27.8,0.0, 42.5, 0.0,310.2, 332.3, 83.5
229,12,34,46,40,21.0, 18.8, 30.2,0.0, 101.0, 0.0,312.3, 15.1, 94.2
230,12,34,46,548,20.7, 18.7, 32.4,0.0, 110.0, 0.0,316.7, 31.9, 85.7
231,12,34,47,57,19.5, 18.7, 34.5,0.0, 37.0, 0.0,316.8, 320.6, 84.6
232,12,34,47,554,20.5, 18.7, 36.8,0.0, 33.2, 0.0,316.5, 308.7, 90.1
233,12,34,48,68,20.7, 18.8, 39.2,0.0, 52.7, 0.0,318.8, 323.8, 91.2
234,12,34,48,574,20.6, 18.8, 41.6,0.0, 28.5, 0.0,318.8, 302.3, 89.4
235,12,34,49,107,19.2, 18.7, 43.8,0.0, 353.7, 0.0,318.9, 270.3, 87.6
236,12,34,49,631,19.4, 18.7, 46.4,0.0, 313.4, 0.0,319.2, 235.8, 83.8
237,12,34,50,180,20.5, 18.8, 48.8,0.0, 286.8, 0.0,320.0, 216.2, 79.2
238,12,34,50,696,20.2, 18.8, 50.6,0.0, 346.1, 0.0,319.0, 265.7, 85.6
239,12,34,51,215,20.3, 18.8, 52.7,0.0, 355.8, 0.0,318.9, 273.0, 87.1
240,12,34,51,741,20.0, 18.7, 55.3,0.0, 338.7, 0.0,319.0, 256.6, 86.7
241,12,34,52,273,19.0, 18.7, 57.7,0.0, 310.0, 0.0,319.8, 220.6, 90.6
242,12,34,52,808,18.5, 18.7, 60.4,0.0, 280.2, 0.0,320.2, 197.8, 85.9
243,12,34,53,308,19.6, 18.7, 62.6,0.0, 0.1, 0.0,322.0, 269.3, 89.2
244,12,34,53,826,20.1, 18.8, 65.1,0.0, 39.4, 0.0,322.0, 308.8, 89.2
245,12,34,54,332,19.7, 18.9, 67.4,0.0, 19.1, 0.0,322.2, 294.0, 85.8
246,12,34,54,836,19.5, 18.6, 69.8,0.0, 21.4, 0.0,322.0, 291.1, 88.9
247,12,34,55,347,20.5, 18.3, 72.1,0.0, 31.0, 0.0,323.2, 299.4, 88.4
248,12,34,55,852,21.5, 18.0, 74.4,0.0, 15.2, 0.0,323.3, 285.0, 87.6
249,12,34,56,360,22.1, 17.7, 76.8,0.0, 342.2, 0.0,324.0, 250.1, 87.9
250,12,34,56,868,22.8, 17.6, 79.3,0.0, 326.3, 0.0,325.8, 233.4, 86.1
251,12,34,57,369,22.9, 17.6, 81.8,0.0, 311.6, 0.0,325.8, 218.8, 86.1
252,12,34,57,870,22.6, 17.5, 84.3,0.0, 297.5, 0.0,325.9, 206.4, 85.1
253,12,34,58,377,23.0, 17.5, 86.7,0.0, 286.2, 0.0,326.0, 196.0, 84.6
254,12,34,58,907,23.8, 17.4, 89.3,0.0, 285.1, 0.0,325.9, 193.4, 85.5
255,12,34,59,445,25.3, 17.5, 91.1,0.0, 231.8, 0.0,327.5, 153.3, 78.1
256,12,34,59,953,27.7, 17.6, 91.8,0.0, 185.8, 0.0,328.3, 111.5, 75.9
257,12,35,00,464,29.5, 17.7, 93.6,0.0, 104.5, 0.0,327.9, 28.2, 77.0
258,12,35,00,985,29.7, 17.3, 96.1,0.0, 89.9, 0.0,327.7, 12.6, 77.5
259,12,35,01,489,31.3, 17.4, 97.9,0.0, 60.7, 0.0,328.5, 347.4, 75.4
260,12,35,01,999,33.3, 17.8, 99.1,0.0, 72.9, 0.0,327.8, 355.8, 77.4
261,12,35,02,508,34.6, 18.2, 101.1,0.0, 73.9, 0.0,327.8, 356.8, 77.4
262,12,35,03,14,36.3, 18.1, 102.7,0.0, 73.6, 0.0,328.2, 358.7, 76.2
263,12,35,03,521,38.0, 17.8, 104.1,0.0, 73.6, 0.0,328.2, 358.7, 76.2
264,12,35,04,26,39.1, 17.6, 106.5,0.0, 54.5, 0.0,329.0, 343.1, 74.4
265,12,35,04,534,41.1, 17.5, 107.9,0.0, 55.5, 0.0,328.3, 341.3, 75.9
266,12,35,05,43,43.0, 17.3, 109.6,0.0, 58.0, 0.0,328.2, 343.0, 76.3
267,12,35,05,550,43.6, 17.1, 112.0,0.0, 56.7, 0.0,328.3, 342.1, 76.1
268,12,35,06,58,45.5, 16.9, 113.7,0.0, 57.9, 0.0,326.2, 330.4, 83.1
269,12,35,06,564,47.0, 16.7, 115.6,0.0, 0.5, 0.0,326.4, 274.3, 82.4
270,12,35,07,78,47.5, 16.6, 118.0,0.0, 340.7, 0.0,326.1, 252.1, 83.7
271,12,35,07,586,48.6, 16.5, 120.4,0.0, 335.6, 0.0,326.2, 247.7, 83.3
272,12,35,08,117,49.5, 16.4, 122.8,0.0, 343.0, 0.0,325.8, 249.5, 86.5
273,12,35,08,637,51.5, 16.3, 124.4,0.0, 14.8, 0.0,328.4, 278.8, 84.1
274,12,35,09,147,53.6, 16.3, 125.9,0.0, 41.8, 0.0,329.3, 304.8, 83.1
275,12,35,09,653,55.6, 16.4, 127.4,0.0, 58.7, 0.0,329.9, 326.6, 80.6
276,12,35,10,162,57.8, 16.4, 128.7,0.0, 60.2, 0.0,330.4, 331.0, 79.1
277,12,35,10,670,60.1, 16.4, 129.9,0.0, 66.8, 0.0,330.4, 337.6, 79.1
278,12,35,11,178,62.4, 16.6, 130.8,0.0, 67.7, 0.0,330.3, 338.2, 79.3
279,12,35,11,697,64.8, 16.8, 131.8,0.0, 68.4, 0.0,330.5, 339.5, 79.0
280,12,35,12,206,67.2, 17.0, 132.7,0.0, 68.5, 0.0,331.4, 344.5, 76.6
281,12,35,12,711,69.5, 17.1, 133.7,0.0, 69.3, 0.0,331.9, 347.8, 75.4
282,12,35,13,218,71.9, 17.2, 134.5,0.0, 70.1, 0.0,332.0, 349.1, 75.2
283,12,35,13,725,74.3, 17.4, 134.6,0.0, 70.1, 0.0,332.0, 349.1, 75.2
284,12,35,14,231,76.8, 17.8, 134.6,0.0, 80.3, 0.0,332.1, 359.7, 75.0
285,12,35,14,735,79.2, 17.7, 135.0,0.0, 78.6, 0.0,332.4, 359.2, 74.5
286,12,35,15,239,81.3, 17.4, 135.4,0.0, 78.6, 0.0,332.4, 359.2, 74.5
287,12,35,15,768,81.3, 17.4, 135.4,0.0, 146.9, 0.0,330.1, 55.6, 80.2
288,12,35,16,314,81.3, 17.4, 135.4,0.0, 204.5, 0.0,334.3, 100.1, 75.6
289,12,35,16,859,81.3, 17.4, 135.4,0.0, 151.3, 0.0,335.0, 47.5, 74.2
290,12,35,17,366,81.3, 17.4, 135.4,0.0, 94.6, 0.0,335.1, 351.3, 74.0
291,12,35,17,887,81.3, 17.4, 135.4,0.0, 179.3, 0.0,335.7, 70.4, 71.1
292,12,35,18,407,81.1, 17.5, 135.3,0.0, 225.2, 0.0,336.1, 111.6, 66.4
293,12,35,18,908,79.1, 17.8, 133.9,0.0, 237.4, 0.0,333.4, 113.4, 56.0
294,12,35,19,427,78.2, 17.8, 134.8,0.0, 235.3, 0.0,324.6, 100.3, 45.0
295,12,35,19,947,77.4, 17.8, 136.1,0.0, 240.4, 0.0,320.1, 101.9, 41.5
296,12,35,20,474,77.4, 17.8, 136.1,0.0, 228.5, 0.0,320.2, 90.8, 38.9
297,12,35,21,16,77.4, 17.8, 136.1,0.0, 215.9, 0.0,325.1, 83.0, 36.0
298,12,35,21,522,77.4, 17.8, 136.1,0.0, 216.8, 0.0,324.9, 83.6, 36.1
299,12,35,22,74,77.4, 17.8, 136.1,0.0, 198.9, 0.0,322.6, 63.7, 37.3
300,12,35,22,614,77.4, 17.8, 136.1,0.0, 205.6, 0.0,318.8, 66.4, 39.8
301,12,35,23,162,77.4, 17.8, 136.1,0.0, 151.4, 0.0,317.6, 11.2, 39.8
302,12,35,23,688,77.4, 17.8, 136.1,0.0, 119.4, 0.0,317.4, 339.1, 39.7
303,12,35,24,247,77.4, 17.8, 136.1,0.0, 205.4, 0.0,312.6, 62.3, 36.9
304,12,35,24,787,77.4, 17.8, 136.1,0.0, 205.4, 0.0,312.6, 62.3, 36.9
305,12,35,25,313,77.4, 17.8, 136.1,0.0, 205.4, 0.0,312.6, 62.3, 36.9
306,12,35,25,853,77.4, 17.8, 136.1,0.0, 205.4, 0.0,312.6, 62.3, 36.9
307,12,35,26,403,77.4, 17.8, 136.1,0.0, 212.3, 0.0,310.9, 69.0, 34.6
308,12,35,26,943,77.4, 17.8, 136.1,0.0, 212.3, 0.0,310.9, 69.0, 34.6
309,12,35,27,481,77.4, 17.8, 136.1,0.0, 212.3, 0.0,310.9, 69.0, 34.6
310,12,35,28,18,77.4, 17.8, 136.1,0.0, 212.3, 0.0,310.9, 69.0, 34.6
311,12,35,28,566,77.4, 17.8, 136.1,0.0, 212.3, 0.0,310.9, 69.0, 34.6
312,12,35,29,108,77.4, 17.8, 136.1,0.0, 223.8, 0.0,299.7, 74.7, 30.9
313,12,35,29,637,77.4, 17.8, 136.1,0.0, 229.8, 0.0,293.5, 78.6, 28.8
314,12,35,30,190,77.4, 17.8, 136.1,0.0, 229.1, 0.0,297.5, 82.5, 24.6
315,12,35,30,736,77.4, 17.8, 136.1,0.0, 229.1, 0.0,297.5, 82.5, 24.6
316,12,35,31,289,77.4, 17.8, 136.1,0.0, 229.1, 0.0,297.5, 82.5, 24.6
317,12,35,31,797,77.4, 17.8, 136.1,0.0, 229.1, 0.0,297.5, 82.5, 24.6
318,12,35,32,305,77.4, 17.8, 136.1,0.0, 229.1, 0.0,297.5, 82.5, 24.6
319,12,35,32,817,77.4, 17.8, 136.1,0.0, 229.1, 0.0,297.5, 82.5, 24.6
320,12,35,33,359,77.4, 17.8, 136.1,0.0, 229.1, 0.0,297.5, 82.5, 24.6
321,12,35,33,868,77.4, 17.8, 136.1,0.0, 229.1, 0.0,297.5, 82.5, 24.6
322,12,35,34,376,77.4, 17.8, 136.1,0.0, 229.1, 0.0,297.5, 82.5, 24.6
323,12,35,34,887,77.4, 17.8, 136.1,0.0, 229.1, 0.0,297.5, 82.5, 24.6
324,12,35,35,424,77.4, 17.8, 136.1,0.0, 228.2, 0.0,297.6, 81.8, 24.5
325,12,35,35,930,77.4, 17.8, 136.1,0.0, 227.9, 0.0,297.7, 81.5, 24.4
326,12,35,36,434,77.4, 17.8, 136.1,0.0, 224.9, 0.0,297.5, 78.4, 24.6
327,12,35,36,977,77.4, 17.8, 136.1,0.0, 232.7, 0.0,294.5, 82.8, 27.6
328,12,35,37,484,77.4, 17.8, 136.1,0.0, 249.2, 0.0,294.5, 99.3, 27.6
329,12,35,38,5,77.4, 17.8, 136.1,0.0, 246.5, 0.0,297.5, 100.0, 24.6
330,12,35,38,507,77.4, 17.8, 136.1,0.0, 247.1, 0.0,297.5, 100.6, 24.6
331,12,35,39,40,77.4, 17.8, 136.1,0.0, 247.4, 0.0,297.5, 100.8, 24.6
332,12,35,39,575,77.4, 17.8, 136.1,0.0, 247.4, 0.0,297.5, 100.8, 24.6
333,12,35,40,79,77.4, 17.8, 136.1,0.0, 272.0, 0.0,295.6, 123.5, 26.4
334,12,35,40,592,77.4, 17.8, 136.1,0.0, 276.6, 0.0,294.5, 126.7, 27.6
335,12,35,41,127,77.4, 17.8, 136.1,0.0, 251.0, 0.0,297.9, 104.8, 24.2
336,12,35,41,629,77.4, 17.8, 136.1,0.0, 251.4, 0.0,297.3, 104.6, 24.8
337,12,35,42,175,77.4, 17.8, 136.1,0.0, 232.7, 0.0,298.9, 87.5, 23.4
338,12,35,42,690,77.4, 17.8, 136.1,0.0, 232.3, 0.0,299.0, 87.1, 23.4
339,12,35,43,237,77.4, 17.8, 136.1,0.0, 232.3, 0.0,299.0, 87.1, 23.4
340,12,35,43,775,77.4, 17.8, 136.1,0.0, 232.3, 0.0,299.0, 87.1, 23.4
341,12,35,44,313,77.4, 17.8, 136.1,0.0, 231.8, 0.0,299.0, 86.6, 23.4
342,12,35,44,815,77.4, 17.8, 136.1,0.0, 231.8, 0.0,299.0, 86.6, 23.4
343,12,35,45,358,77.4, 17.8, 136.1,0.0, 231.8, 0.0,299.0, 86.6, 23.4
344,12,35,45,892,77.4, 17.8, 136.1,0.0, 231.8, 0.0,299.0, 86.6, 23.4
345,12,35,46,392,77.4, 17.8, 136.1,0.0, 231.8, 0.0,299.0, 86.6, 23.4
346,12,35,46,895,77.4, 17.8, 136.1,0.0, 231.8, 0.0,299.0, 86.6, 23.4
347,12,35,47,438,77.4, 17.8, 136.1,0.0, 231.8, 0.0,299.0, 86.6, 23.4
348,12,35,47,970,77.4, 17.8, 136.1,0.0, 231.8, 0.0,299.0, 86.6, 23.4
349,12,35,48,476,77.4, 17.8, 136.1,0.0, 231.8, 0.0,299.0, 86.6, 23.4
350,12,35,49,26,77.4, 17.8, 136.1,0.0, 231.8, 0.0,299.0, 86.6, 23.4
351,12,35,49,537,-102.0, 16.8, -89.0,0.0, 231.8, 0.0,299.0, 86.6, 23.4
352,12,35,50,47,-102.0, 16.8, -89.0,0.0, 231.8, 0.0,299.0, 86.6, 23.4
353,12,35,50,554,-102.0, 16.8, -89.0,0.0, 226.8, 0.0,299.4, 82.0, 23.1
354,12,35,51,62,-102.0, 16.8, -89.0,0.0, 225.4, 0.0,299.4, 80.6, 23.1
355,12,35,51,569,-102.0, 16.8, -89.0,0.0, 226.1, 0.0,298.9, 80.9, 23.4
356,12,35,52,76,-102.0, 16.8, -89.0,0.0, 226.1, 0.0,298.9, 80.9, 23.4
357,12,35,52,585,-102.0, 16.8, -89.0,0.0, 226.1, 0.0,298.9, 80.9, 23.4
358,12,35,53,91,-102.0, 16.8, -89.0,0.0, 226.1, 0.0,298.9, 80.9, 23.4
359,12,35,53,598,-102.0, 16.8, -89.0,0.0, 226.1, 0.0,298.9, 80.9, 23.4
360,12,35,54,106,-102.0, 16.8, -89.0,0.0, 226.1, 0.0,298.9, 80.9, 23.4
361,12,35,54,613,-102.0, 16.8, -89.0,0.0, 226.1, 0.0,298.9, 80.9, 23.4
362,12,35,55,121,-102.0, 16.8, -89.0,0.0, 226.1, 0.0,298.9, 80.9, 23.4
363,12,35,55,629,-102.0, 16.8, -89.0,0.0, 226.1, 0.0,298.9, 80.9, 23.4
364,12,35,56,134,-102.0, 16.8, -89.0,0.0, 226.1, 0.0,298.9, 80.9, 23.4
365,12,35,56,635,-102.0, 16.8, -89.0,0.0, 226.0, 0.0,298.6, 80.5, 23.6
366,12,35,57,147,-102.0, 16.8, -89.0,0.0, 196.4, 0.0,295.0, 47.1, 27.0
367,12,35,57,657,-102.0, 16.8, -89.0,0.0, 169.4, 0.0,284.5, 15.6, 26.2
368,12,35,58,161,-102.0, 16.8, -89.0,0.0, 147.8, 0.0,286.3, 357.1, 23.2
369,12,35,58,669,-102.0, 16.8, -89.0,0.0, 190.2, 0.0,273.2, 33.7, 23.6
370,12,35,59,175,-102.0, 16.8, -89.0,0.0, 184.3, 0.0,277.6, 41.6, 9.8
371,12,35,59,681,-102.0, 16.8, -89.0,0.0, 181.7, 0.0,288.4, 44.9, 4.1
372,12,36,00,188,-102.0, 16.8, -89.0,0.0, 182.6, 0.0,290.0, 46.1, 3.8
373,12,36,00,695,-102.0, 16.8, -89.0,0.0, 182.1, 0.0,291.2, 45.8, 3.6
374,12,36,01,201,-102.0, 16.8, -89.0,0.0, 191.9, 0.0,287.5, 54.9, 4.3
375,12,36,01,708,-102.0, 16.8, -89.0,0.0, 197.9, 0.0,286.2, 60.5, 4.6
376,12,36,02,215,-102.0, 16.8, -89.0,0.0, 198.0, 0.0,286.3, 60.7, 4.6
377,12,36,02,722,-102.0, 16.8, -89.0,0.0, 199.7, 0.0,271.7, 42.9, 23.2
378,12,36,03,230,-102.0, 16.8, -89.0,0.0, 199.3, 0.0,270.6, 222.1, 202.8
379,12,36,03,736,-102.0, 16.8, -89.0,0.0, 199.3, 0.0,270.6, 222.1, 202.8
380,12,36,04,244,-102.0, 16.8, -89.0,0.0, 199.3, 0.0,270.6, 222.1, 202.8
381,12,36,04,749,-102.0, 16.8, -89.0,0.0, 199.5, 0.0,270.9, 222.2, 202.7
382,12,36,05,257,-102.0, 16.8, -89.0,0.0, 200.5, 0.0,272.6, 222.9, 202.4
383,12,36,05,765,-102.0, 16.8, -89.0,0.0, 201.2, 0.0,274.2, 223.3, 202.1
384,12,36,06,270,-102.0, 16.8, -89.0,0.0, 222.1, 0.0,278.0, 243.5, 201.5
385,12,36,06,776,-102.0, 16.8, -89.0,0.0, 222.1, 0.0,278.0, 243.5, 201.5
386,12,36,07,284,-102.0, 16.8, -89.0,0.0, 222.1, 0.0,278.0, 243.5, 201.5
387,12,36,07,790,-102.0, 16.8, -89.0,0.0, 222.1, 0.0,278.0, 243.5, 201.5
388,12,36,08,297,-102.0, 16.8, -89.0,0.0, 222.1, 0.0,278.0, 243.5, 201.5
389,12,36,08,802,-102.0, 16.8, -89.0,0.0, 225.4, 0.0,280.2, 246.5, 201.1
390,12,36,09,306,-102.0, 16.8, -89.0,0.0, 225.6, 0.0,280.6, 246.6, 201.0
391,12,36,09,811,-102.0, 16.8, -89.0,0.0, 225.6, 0.0,280.6, 246.6, 201.0
392,12,36,10,316,-102.0, 16.8, -89.0,0.0, 226.0, 0.0,282.5, 246.7, 200.7
393,12,36,10,824,-102.0, 16.8, -89.0,0.0, 225.5, 0.0,282.5, 246.2, 200.7
394,12,36,11,330,-102.0, 16.8, -89.0,0.0, 224.9, 0.0,284.1, 245.4, 200.5
395,12,36,11,836,-102.0, 16.8, -89.0,0.0, 220.7, 0.0,283.7, 240.4, 201.2
396,12,36,12,347,-102.0, 16.8, -89.0,0.0, 226.5, 0.0,292.7, 245.8, 199.3
397,12,36,12,854,-102.0, 16.8, -89.0,0.0, 239.6, 0.0,298.7, 258.1, 198.6
398,12,36,13,361,-102.0, 16.8, -89.0,0.0, 221.6, 0.0,295.9, 238.0, 200.4
399,12,36,13,868,-102.0, 16.8, -89.0,0.0, 212.4, 0.0,291.8, 224.6, 204.3
400,12,36,14,373,-102.0, 16.8, -89.0,0.0, 212.2, 0.0,291.0, 223.5, 205.2
401,12,36,14,880,-102.0, 16.8, -89.0,0.0, 212.2, 0.0,291.0, 223.5, 205.2
402,12,36,15,389,-102.0, 16.8, -89.0,0.0, 211.7, 0.0,294.9, 227.2, 201.3
403,12,36,15,895,-102.0, 16.8, -89.0,0.0, 216.3, 0.0,297.2, 233.7, 199.5
404,12,36,16,403,-102.0, 16.8, -89.0,0.0, 217.2, 0.0,297.3, 234.8, 199.4
405,12,36,16,910,-102.0, 16.8, -89.0,0.0, 216.8, 0.0,297.7, 234.7, 199.2
406,12,36,17,417,-102.0, 16.8, -89.0,0.0, 206.1, 0.0,295.0, 221.7, 201.2
407,12,36,17,924,-102.0, 16.8, -89.0,0.0, 206.1, 0.0,295.0, 221.7, 201.2
408,12,36,18,429,-102.0, 16.8, -89.0,0.0, 206.1, 0.0,295.0, 221.7, 201.2
409,12,36,18,936,-102.0, 16.8, -89.0,0.0, 229.3, 0.0,298.1, 247.4, 198.9
410,12,36,19,443,-102.0, 16.8, -89.0,0.0, 221.0, 0.0,295.2, 236.8, 201.0
411,12,36,19,948,-102.0, 16.8, -89.0,0.0, 221.0, 0.0,295.2, 236.8, 201.0
412,12,36,20,454,-102.0, 16.8, -89.0,0.0, 221.0, 0.0,295.2, 236.8, 201.0
413,12,36,20,957,-102.0, 16.8, -89.0,0.0, 221.0, 0.0,295.2, 236.8, 201.0
414,12,36,21,469,-102.0, 16.8, -89.0,0.0, 221.0, 0.0,295.2, 236.8, 201.0
415,12,36,21,974,-102.0, 16.8, -89.0,0.0, 221.0, 0.0,295.2, 236.8, 201.0
416,12,36,22,480,-102.0, 16.8, -89.0,0.0, 221.0, 0.0,295.2, 236.8, 201.0
417,12,36,22,985,-102.0, 16.8, -89.0,0.0, 222.6, 0.0,295.7, 238.8, 200.7
418,12,36,23,493,-102.0, 16.8, -89.0,0.0, 226.7, 0.0,298.1, 244.8, 198.9
419,12,36,24,1,-102.0, 16.8, -89.0,0.0, 225.9, 0.0,298.2, 243.9, 199.0
420,12,36,24,510,-102.0, 16.8, -89.0,0.0, 225.9, 0.0,298.2, 243.9, 199.0
421,12,36,25,14,-102.0, 16.8, -89.0,0.0, 225.9, 0.0,298.2, 243.9, 199.0
422,12,36,25,524,-102.0, 16.8, -89.0,0.0, 176.3, 0.0,291.6, 188.0, 204.7
423,12,36,26,29,-102.0, 16.8, -89.0,0.0, 206.0, 0.0,297.0, 223.0, 199.8
424,12,36,26,534,-102.0, 16.8, -89.0,0.0, 206.0, 0.0,296.9, 223.0, 199.9
425,12,36,27,41,-102.0, 16.8, -89.0,0.0, 206.0, 0.0,296.9, 223.0, 199.9
426,12,36,27,549,-102.0, 16.8, -89.0,0.0, 206.0, 0.0,296.9, 223.0, 199.9
427,12,36,28,55,-102.0, 16.8, -89.0,0.0, 206.0, 0.0,296.9, 223.0, 199.9
428,12,36,28,562,-102.0, 16.8, -89.0,0.0, 206.0, 0.0,296.9, 223.0, 199.9
429,12,36,29,69,-102.0, 16.8, -89.0,0.0, 206.0, 0.0,296.9, 223.0, 199.9
430,12,36,29,575,-102.0, 16.8, -89.0,0.0, 206.0, 0.0,296.9, 223.0, 199.9
431,12,36,30,83,-102.0, 16.8, -89.0,0.0, 206.0, 0.0,296.9, 223.0, 199.9
432,12,36,30,588,-102.0, 16.8, -89.0,0.0, 206.0, 0.0,296.9, 223.0, 199.9
433,12,36,31,95,-102.0, 16.8, -89.0,0.0, 206.0, 0.0,296.9, 223.0, 199.9
434,12,36,31,603,-102.0, 16.8, -89.0,0.0, 206.6, 0.0,297.0, 223.6, 199.8
435,12,36,32,109,-102.0, 16.8, -89.0,0.0, 207.2, 0.0,297.3, 224.5, 199.6
436,12,36,32,616,-102.0, 16.8, -89.0,0.0, 207.2, 0.0,297.3, 224.5, 199.6
437,12,36,33,120,-102.0, 16.8, -89.0,0.0, 207.2, 0.0,297.3, 224.5, 199.6
438,12,36,33,628,-102.0, 16.8, -89.0,0.0, 207.2, 0.0,297.3, 224.5, 199.6
439,12,36,34,134,-102.0, 16.8, -89.0,0.0, 207.7, 0.0,298.0, 225.5, 199.1
440,12,36,34,643,-102.0, 16.8, -89.0,0.0, 211.5, 0.0,299.5, 230.0, 198.5
441,12,36,35,149,-102.0, 16.8, -89.0,0.0, 211.5, 0.0,299.5, 230.0, 198.5
442,12,36,35,656,-102.0, 16.8, -89.0,0.0, 211.5, 0.0,299.5, 230.0, 198.5
443,12,36,36,162,-102.0, 16.8, -89.0,0.0, 211.5, 0.0,299.5, 230.0, 198.5
444,12,36,36,670,-102.0, 16.8, -89.0,0.0, 211.5, 0.0,299.5, 230.0, 198.5
445,12,36,37,176,-102.0, 16.8, -89.0,0.0, 211.5, 0.0,299.5, 230.0, 198.5
446,12,36,37,683,-102.0, 16.8, -89.0,0.0, 211.5, 0.0,299.5, 230.0, 198.5
447,12,36,38,190,-102.0, 16.8, -89.0,0.0, 211.5, 0.0,299.5, 230.0, 198.5
448,12,36,38,695,-102.0, 16.8, -89.0,0.0, 211.5, 0.0,299.5, 230.0, 198.5
449,12,36,39,203,-102.0, 16.8, -89.0,0.0, 211.5, 0.0,299.5, 230.0, 198.5
450,12,36,39,709,-102.0, 16.8, -89.0,0.0, 211.5, 0.0,299.5, 230.0, 198.5
451,12,36,40,216,-102.0, 16.8, -89.0,0.0, 211.5, 0.0,299.5, 230.0, 198.5
452,12,36,40,724,-102.0, 16.8, -89.0,0.0, 211.5, 0.0,299.5, 230.0, 198.5
453,12,36,41,229,-102.0, 16.8, -89.0,0.0, 211.5, 0.0,299.5, 230.0, 198.5
454,12,36,41,735,-102.0, 16.8, -89.0,0.0, 211.5, 0.0,299.5, 230.0, 198.5
455,12,36,42,244,-102.0, 16.8, -89.0,0.0, 211.5, 0.0,299.5, 230.0, 198.5
456,12,36,42,749,-102.0, 16.8, -89.0,0.0, 211.5, 0.0,299.5, 230.0, 198.5
457,12,36,43,255,-102.0, 16.8, -89.0,0.0, 211.5, 0.0,299.5, 230.0, 198.5
458,12,36,43,763,-102.0, 16.8, -89.0,0.0, 211.5, 0.0,299.5, 230.0, 198.5
459,12,36,44,268,-102.0, 16.8, -89.0,0.0, 211.5, 0.0,299.5, 230.0, 198.5
460,12,36,44,775,-102.0, 16.8, -89.0,0.0, 211.5, 0.0,299.5, 230.0, 198.5
461,12,36,45,280,-102.0, 16.8, -89.0,0.0, 214.6, 0.0,298.9, 232.2, 199.1
462,12,36,45,787,-102.0, 16.8, -89.0,0.0, 214.5, 0.0,298.9, 232.1, 199.1
463,12,36,46,292,-102.0, 16.8, -89.0,0.0, 214.5, 0.0,298.9, 232.1, 199.1
464,12,36,46,799,-102.0, 16.8, -89.0,0.0, 210.0, 0.0,297.4, 226.5, 200.1
465,12,36,47,308,-102.0, 16.8, -89.0,0.0, 206.0, 0.0,296.7, 221.9, 200.6
466,12,36,47,814,-102.0, 16.8, -89.0,0.0, 209.3, 0.0,298.0, 226.3, 199.6
467,12,36,48,319,-102.0, 16.8, -89.0,0.0, 210.0, 0.0,298.3, 227.2, 199.5
468,12,36,48,827,-102.0, 16.8, -89.0,0.0, 210.0, 0.0,298.3, 227.2, 199.5
469,12,36,49,334,-102.0, 16.8, -89.0,0.0, 210.0, 0.0,298.3, 227.2, 199.5
470,12,36,49,839,-102.0, 16.8, -89.0,0.0, 210.0, 0.0,298.3, 227.2, 199.5
471,12,36,50,347,-102.0, 16.8, -89.0,0.0, 210.0, 0.0,298.3, 227.2, 199.5
472,12,36,50,852,-102.0, 16.8, -89.0,0.0, 210.0, 0.0,298.3, 227.2, 199.5
473,12,36,51,359,-102.0, 16.8, -89.0,0.0, 209.9, 0.0,298.3, 227.1, 199.5
474,12,36,51,869,-102.0, 16.8, -89.0,0.0, 209.4, 0.0,298.3, 226.6, 199.5
475,12,36,52,373,-102.0, 16.8, -89.0,0.0, 209.3, 0.0,298.2, 226.4, 199.5
476,12,36,52,879,-102.0, 16.8, -89.0,0.0, 209.3, 0.0,298.2, 226.4, 199.5
477,12,36,53,387,-102.0, 16.8, -89.0,0.0, 208.9, 0.0,297.7, 225.6, 199.9
478,12,36,53,893,-102.0, 16.8, -89.0,0.0, 208.9, 0.0,297.7, 225.6, 199.9
479,12,36,54,400,-102.0, 16.8, -89.0,0.0, 208.9, 0.0,297.7, 225.6, 199.9
480,12,36,54,907,-102.0, 16.8, -89.0,0.0, 208.9, 0.0,297.7, 225.6, 199.9
481,12,36,55,413,-102.0, 16.8, -89.0,0.0, 208.9, 0.0,297.7, 225.6, 199.9
482,12,36,55,920,-102.0, 16.8, -89.0,0.0, 208.9, 0.0,297.7, 225.6, 199.9
483,12,36,56,426,-102.0, 16.8, -89.0,0.0, 208.9, 0.0,297.7, 225.6, 199.9
484,12,36,56,933,-102.0, 16.8, -89.0,0.0, 210.9, 0.0,301.5, 229.1, 198.3
485,12,36,57,439,-102.0, 16.8, -89.0,0.0, 210.9, 0.0,301.5, 229.1, 198.3
486,12,36,57,945,-102.0, 16.8, -89.0,0.0, 210.9, 0.0,301.5, 229.1, 198.3
487,12,36,58,452,-102.0, 16.8, -89.0,0.0, 210.9, 0.0,301.5, 229.1, 198.3
488,12,36,58,958,-102.0, 16.8, -89.0,0.0, 214.3, 0.0,305.7, 232.1, 197.8
489,12,36,59,468,-102.0, 16.8, -89.0,0.0, 215.6, 0.0,304.7, 232.8, 198.3
490,12,36,59,973,-102.0, 16.8, -89.0,0.0, 213.1, 0.0,304.5, 230.1, 198.5
491,12,37,00,480,-102.0, 16.8, -89.0,0.0, 216.5, 0.0,307.5, 234.1, 197.6
492,12,37,00,987,-102.0, 16.8, -89.0,0.0, 218.1, 0.0,306.4, 235.2, 198.1
493,12,37,01,493,-102.0, 16.8, -89.0,0.0, 217.4, 0.0,306.8, 234.7, 197.9
494,12,37,02,0,-102.0, 16.8, -89.0,0.0, 193.5, 0.0,304.2, 209.3, 199.1
495,12,37,02,506,-102.0, 16.8, -89.0,0.0, 216.2, 0.0,306.6, 233.4, 198.0
496,12,37,03,13,-102.0, 16.8, -89.0,0.0, 228.4, 0.0,306.8, 245.7, 197.9
497,12,37,03,519,-102.0, 16.8, -89.0,0.0, 233.8, 0.0,306.8, 251.1, 197.9
498,12,37,04,27,-102.0, 16.8, -89.0,0.0, 237.8, 0.0,306.7, 255.0, 198.0
499,12,37,04,532,-102.0, 16.8, -89.0,0.0, 237.9, 0.0,306.3, 254.9, 198.1
500,12,37,05,44,-102.0, 16.8, -89.0,0.0, 237.5, 0.0,304.9, 253.7, 198.8
501,12,37,05,544,-102.0, 16.8, -89.0,0.0, 237.5, 0.0,304.9, 253.7, 198.8
502,12,37,06,49,-102.0, 16.8, -89.0,0.0, 237.5, 0.0,304.9, 253.7, 198.8
503,12,37,06,556,-102.0, 16.8, -89.0,0.0, 237.5, 0.0,304.9, 253.7, 198.8
504,12,37,07,63,-102.0, 16.8, -89.0,0.0, 237.5, 0.0,304.9, 253.7, 198.8
505,12,37,07,570,-102.0, 16.8, -89.0,0.0, 237.5, 0.0,304.9, 253.7, 198.8
506,12,37,08,76,-102.0, 16.8, -89.0,0.0, 237.5, 0.0,304.9, 253.7, 198.8
507,12,37,08,584,-102.0, 16.8, -89.0,0.0, 237.5, 0.0,304.9, 253.7, 198.8
508,12,37,09,89,-102.0, 16.8, -89.0,0.0, 237.5, 0.0,304.9, 253.7, 198.8
509,12,37,09,596,-102.0, 16.8, -89.0,0.0, 237.5, 0.0,304.9, 253.7, 198.8
510,12,37,10,103,-102.0, 16.8, -89.0,0.0, 236.9, 0.0,304.7, 253.0, 198.9
511,12,37,10,611,-102.0, 16.8, -89.0,0.0, 234.1, 0.0,304.0, 249.7, 199.3
512,12,37,11,118,-102.0, 16.8, -89.0,0.0, 234.1, 0.0,304.0, 249.7, 199.3
513,12,37,11,626,-102.0, 16.8, -89.0,0.0, 235.0, 0.0,305.1, 251.3, 198.7
514,12,37,12,130,-102.0, 16.8, -89.0,0.0, 235.0, 0.0,305.1, 251.3, 198.7
515,12,37,12,637,-102.0, 16.8, -89.0,0.0, 235.0, 0.0,305.1, 251.3, 198.7
516,12,37,13,145,-102.0, 16.8, -89.0,0.0, 235.0, 0.0,305.1, 251.3, 198.7
517,12,37,13,651,-102.0, 16.8, -89.0,0.0, 235.0, 0.0,305.1, 251.3, 198.7
518,12,37,14,158,-102.0, 16.8, -89.0,0.0, 235.0, 0.0,305.1, 251.3, 198.7
519,12,37,14,665,-102.0, 16.8, -89.0,0.0, 235.0, 0.0,305.1, 251.3, 198.7
520,12,37,15,172,-102.0, 16.8, -89.0,0.0, 235.0, 0.0,305.1, 251.3, 198.7
521,12,37,15,678,-102.0, 16.8, -89.0,0.0, 238.9, 0.0,305.8, 255.6, 198.4
522,12,37,16,186,-102.0, 16.8, -89.0,0.0, 231.8, 0.0,303.3, 247.0, 199.6
523,12,37,16,693,-102.0, 16.8, -89.0,0.0, 225.2, 0.0,301.9, 239.4, 200.4
524,12,37,17,199,-102.0, 16.8, -89.0,0.0, 224.8, 0.0,302.0, 239.1, 200.4
525,12,37,17,707,-102.0, 16.8, -89.0,0.0, 225.1, 0.0,302.0, 239.4, 200.4
526,12,37,18,212,-102.0, 16.8, -89.0,0.0, 225.2, 0.0,302.1, 239.6, 200.3
527,12,37,18,717,-102.0, 16.8, -89.0,0.0, 228.2, 0.0,303.1, 243.3, 199.7
528,12,37,19,224,-102.0, 16.8, -89.0,0.0, 229.3, 0.0,303.2, 244.4, 199.7
529,12,37,19,731,-102.0, 16.8, -89.0,0.0, 231.2, 0.0,303.7, 246.6, 199.4
530,12,37,20,237,-102.0, 16.8, -89.0,0.0, 231.8, 0.0,304.0, 247.4, 199.3
531,12,37,20,746,-102.0, 16.8, -89.0,0.0, 232.5, 0.0,304.2, 248.3, 199.1
532,12,37,21,251,-102.0, 16.8, -89.0,0.0, 232.5, 0.0,304.2, 248.3, 199.1
533,12,37,21,757,-102.0, 16.8, -89.0,0.0, 232.5, 0.0,304.2, 248.3, 199.1
534,12,37,22,265,-102.0, 16.8, -89.0,0.0, 232.5, 0.0,304.2, 248.3, 199.1
535,12,37,22,771,-102.0, 16.8, -89.0,0.0, 232.7, 0.0,304.3, 248.6, 199.1
536,12,37,23,276,-102.0, 16.8, -89.0,0.0, 232.7, 0.0,304.3, 248.6, 199.1
537,12,37,23,784,-102.0, 16.8, -89.0,0.0, 234.0, 0.0,305.4, 250.5, 198.6
538,12,37,24,290,-102.0, 16.8, -89.0,0.0, 234.0, 0.0,305.4, 250.5, 198.6
539,12,37,24,797,-102.0, 16.8, -89.0,0.0, 234.0, 0.0,305.4, 250.5, 198.6
540,12,37,25,306,-102.0, 16.8, -89.0,0.0, 234.0, 0.0,305.4, 250.5, 198.6
541,12,37,25,811,-102.0, 16.8, -89.0,0.0, 234.0, 0.0,305.4, 250.5, 198.6
542,12,37,26,318,-102.0, 16.8, -89.0,0.0, 234.0, 0.0,305.4, 250.5, 198.6
543,12,37,26,827,-102.0, 16.8, -89.0,0.0, 234.0, 0.0,305.4, 250.5, 198.6
544,12,37,27,333,-102.0, 16.8, -89.0,0.0, 234.0, 0.0,305.4, 250.5, 198.6
545,12,37,27,839,-102.0, 16.8, -89.0,0.0, 234.2, 0.0,305.3, 250.6, 198.6
546,12,37,28,345,-102.0, 16.8, -89.0,0.0, 234.5, 0.0,305.3, 250.9, 198.6
547,12,37,28,851,-102.0, 16.8, -89.0,0.0, 234.5, 0.0,305.3, 250.9, 198.6
548,12,37,29,358,-102.0, 16.8, -89.0,0.0, 234.5, 0.0,305.3, 250.9, 198.6
549,12,37,29,865,-102.0, 16.8, -89.0,0.0, 234.5, 0.0,305.3, 250.9, 198.6
550,12,37,30,371,-102.0, 16.8, -89.0,0.0, 234.5, 0.0,305.3, 250.9, 198.6
551,12,37,30,878,-102.0, 16.8, -89.0,0.0, 234.5, 0.0,305.3, 250.9, 198.6
552,12,37,31,383,-102.0, 16.8, -89.0,0.0, 234.5, 0.0,305.3, 250.9, 198.6
553,12,37,31,888,-102.0, 16.8, -89.0,0.0, 234.5, 0.0,305.3, 250.9, 198.6
554,12,37,32,395,-102.0, 16.8, -89.0,0.0, 234.5, 0.0,305.3, 250.9, 198.6
555,12,37,32,904,-102.0, 16.8, -89.0,0.0, 234.5, 0.0,305.3, 250.9, 198.6
556,12,37,33,410,-102.0, 16.8, -89.0,0.0, 234.5, 0.0,305.3, 250.9, 198.6
557,12,37,33,917,-102.0, 16.8, -89.0,0.0, 234.6, 0.0,305.2, 251.0, 198.7
558,12,37,34,425,-102.0, 16.8, -89.0,0.0, 234.6, 0.0,305.1, 250.9, 198.7
559,12,37,34,936,-102.0, 16.8, -89.0,0.0, 234.4, 0.0,304.5, 250.4, 199.0
560,12,37,35,435,-102.0, 16.8, -89.0,0.0, 234.9, 0.0,304.4, 250.8, 199.0
561,12,37,35,943,-102.0, 16.8, -89.0,0.0, 234.9, 0.0,304.4, 250.8, 199.0
562,12,37,36,450,-102.0, 16.8, -89.0,0.0, 234.9, 0.0,304.4, 250.8, 199.0
563,12,37,36,955,-102.0, 16.8, -89.0,0.0, 234.9, 0.0,304.4, 250.8, 199.0
564,12,37,37,465,-102.0, 16.8, -89.0,0.0, 234.9, 0.0,304.4, 250.8, 199.0
565,12,37,37,970,-102.0, 16.8, -89.0,0.0, 234.9, 0.0,304.4, 250.8, 199.0
566,12,37,38,477,-102.0, 16.8, -89.0,0.0, 234.9, 0.0,304.4, 250.8, 199.0
567,12,37,38,984,-102.0, 16.8, -89.0,0.0, 234.9, 0.0,304.4, 250.8, 199.0
568,12,37,39,490,-102.0, 16.8, -89.0,0.0, 234.9, 0.0,304.4, 250.8, 199.0
569,12,37,39,997,-102.0, 16.8, -89.0,0.0, 234.9, 0.0,304.4, 250.8, 199.0
570,12,37,40,505,-102.0, 16.8, -89.0,0.0, 234.9, 0.0,304.4, 250.8, 199.0
571,12,37,41,10,-102.0, 16.8, -89.0,0.0, 234.9, 0.0,304.4, 250.8, 199.0
572,12,37,41,517,-102.0, 16.8, -89.0,0.0, 234.9, 0.0,304.4, 250.8, 199.0
573,12,37,42,25,-102.0, 16.8, -89.0,0.0, 234.9, 0.0,304.4, 250.8, 199.0
574,12,37,42,530,-102.0, 16.8, -89.0,0.0, 234.9, 0.0,304.4, 250.8, 199.0
575,12,37,43,37,-102.0, 16.8, -89.0,0.0, 234.9, 0.0,304.4, 250.8, 199.0
576,12,37,43,544,-102.0, 16.8, -89.0,0.0, 234.9, 0.0,304.4, 250.8, 199.0
577,12,37,44,49,-102.0, 16.8, -89.0,0.0, 234.9, 0.0,304.4, 250.8, 199.0
578,12,37,44,557,-102.0, 16.8, -89.0,0.0, 234.9, 0.0,304.4, 250.8, 199.0
579,12,37,45,64,-102.0, 16.8, -89.0,0.0, 234.9, 0.0,304.4, 250.8, 199.0
580,12,37,45,569,-102.0, 16.8, -89.0,0.0, 234.9, 0.0,304.4, 250.8, 199.0
581,12,37,46,76,-102.0, 16.8, -89.0,0.0, 234.9, 0.0,304.4, 250.8, 199.0
582,12,37,46,584,-102.0, 16.8, -89.0,0.0, 234.9, 0.0,304.4, 250.8, 199.0
583,12,37,47,89,-102.0, 16.8, -89.0,0.0, 234.9, 0.0,304.4, 250.8, 199.0
584,12,37,47,596,-102.0, 16.8, -89.0,0.0, 234.9, 0.0,304.4, 250.8, 199.0
585,12,37,48,104,-102.0, 16.8, -89.0,0.0, 234.9, 0.0,304.4, 250.8, 199.0
586,12,37,48,609,-102.0, 16.8, -89.0,0.0, 234.9, 0.0,304.4, 250.8, 199.0
587,12,37,49,116,-102.0, 16.8, -89.0,0.0, 234.9, 0.0,304.4, 250.8, 199.0
588,12,37,49,624,-102.0, 16.8, -89.0,0.0, 234.9, 0.0,304.4, 250.8, 199.0
589,12,37,50,130,-102.0, 16.8, -89.0,0.0, 234.9, 0.0,304.4, 250.8, 199.0
590,12,37,50,637,-102.0, 16.8, -89.0,0.0, 234.7, 0.0,304.0, 250.3, 199.3
591,12,37,51,142,-102.0, 16.8, -89.0,0.0, 234.7, 0.0,304.0, 250.3, 199.3
592,12,37,51,649,-102.0, 16.8, -89.0,0.0, 235.0, 0.0,303.9, 250.6, 199.3
593,12,37,52,155,-102.0, 16.8, -89.0,0.0, 235.0, 0.0,303.9, 250.6, 199.3
594,12,37,52,660,-102.0, 16.8, -89.0,0.0, 235.0, 0.0,303.9, 250.6, 199.3
595,12,37,53,168,-102.0, 16.8, -89.0,0.0, 235.0, 0.0,303.9, 250.6, 199.3
596,12,37,53,674,-102.0, 16.8, -89.0,0.0, 235.0, 0.0,303.9, 250.6, 199.3
597,12,37,54,184,-102.0, 16.8, -89.0,0.0, 235.0, 0.0,303.9, 250.6, 199.3
598,12,37,54,689,-102.0, 16.8, -89.0,0.0, 235.0, 0.0,303.9, 250.6, 199.3
599,12,37,55,196,-102.0, 16.8, -89.0,0.0, 235.0, 0.0,303.9, 250.6, 199.3
600,12,37,55,703,-102.0, 16.8, -89.0,0.0, 235.0, 0.0,303.9, 250.6, 199.3
601,12,37,56,209,-102.0, 16.8, -89.0,0.0, 235.0, 0.0,303.9, 250.6, 199.3
602,12,37,56,716,-102.0, 16.8, -89.0,0.0, 235.0, 0.0,303.9, 250.6, 199.3
603,12,37,57,223,-102.0, 16.8, -89.0,0.0, 235.0, 0.0,303.9, 250.6, 199.3
604,12,37,57,729,-102.0, 16.8, -89.0,0.0, 235.0, 0.0,303.9, 250.6, 199.3
605,12,37,58,237,-102.0, 16.8, -89.0,0.0, 235.0, 0.0,303.9, 250.6, 199.3
606,12,37,58,745,-102.0, 16.8, -89.0,0.0, 235.0, 0.0,303.9, 250.6, 199.3
607,12,37,59,249,-102.0, 16.8, -89.0,0.0, 235.0, 0.0,303.9, 250.6, 199.3
608,12,37,59,756,-102.0, 16.8, -89.0,0.0, 235.0, 0.0,303.9, 250.6, 199.3
609,12,38,00,263,-102.0, 16.8, -89.0,0.0, 235.0, 0.0,303.9, 250.6, 199.3
610,12,38,00,769,-102.0, 16.8, -89.0,0.0, 235.0, 0.0,303.9, 250.6, 199.3
611,12,38,01,275,-102.0, 16.8, -89.0,0.0, 235.0, 0.0,303.9, 250.6, 199.3
612,12,38,01,784,-102.0, 16.8, -89.0,0.0, 235.0, 0.0,303.9, 250.6, 199.3
613,12,38,02,291,-102.0, 16.8, -89.0,0.0, 235.0, 0.0,303.9, 250.6, 199.3
614,12,38,02,797,-102.0, 16.8, -89.0,0.0, 235.0, 0.0,303.9, 250.6, 199.3
615,12,38,03,305,-102.0, 16.8, -89.0,0.0, 235.0, 0.0,303.9, 250.6, 199.3
616,12,38,03,810,-102.0, 16.8, -89.0,0.0, 234.8, 0.0,303.9, 250.4, 199.3
617,12,38,04,318,-102.0, 16.8, -89.0,0.0, 234.5, 0.0,302.4, 249.1, 200.1
618,12,38,04,823,-102.0, 16.8, -89.0,0.0, 232.0, 0.0,301.8, 246.2, 200.5
619,12,38,05,329,-102.0, 16.8, -89.0,0.0, 231.6, 0.0,301.6, 245.6, 200.6
620,12,38,05,836,-102.0, 16.8, -89.0,0.0, 231.6, 0.0,301.6, 245.6, 200.6
621,12,38,06,343,-102.0, 16.8, -89.0,0.0, 231.6, 0.0,301.6, 245.6, 200.6
622,12,38,06,849,-102.0, 16.8, -89.0,0.0, 231.6, 0.0,301.6, 245.6, 200.6
623,12,38,07,356,-102.0, 16.8, -89.0,0.0, 231.6, 0.0,301.6, 245.6, 200.6
624,12,38,07,865,-102.0, 16.8, -89.0,0.0, 197.0, 0.0,303.2, 212.1, 199.7
625,12,38,08,371,-102.0, 16.8, -89.0,0.0, 197.0, 0.0,303.2, 212.1, 199.7
626,12,38,08,878,-102.0, 16.8, -89.0,0.0, 206.6, 0.0,303.7, 222.0, 199.4
627,12,38,09,380,-102.0, 16.8, -89.0,0.0, 222.7, 0.0,303.4, 238.0, 199.6
628,12,38,09,886,-102.0, 16.8, -89.0,0.0, 222.7, 0.0,303.4, 238.0, 199.6
629,12,38,10,393,-102.0, 16.8, -89.0,0.0, 222.7, 0.0,303.4, 238.0, 199.6
630,12,38,10,901,-102.0, 16.8, -89.0,0.0, 222.7, 0.0,303.4, 238.0, 199.6
631,12,38,11,410,-102.0, 16.8, -89.0,0.0, 222.8, 0.0,303.5, 238.1, 199.5
632,12,38,11,914,-102.0, 16.8, -89.0,0.0, 222.8, 0.0,303.5, 238.1, 199.5
633,12,38,12,419,-102.0, 16.8, -89.0,0.0, 223.1, 0.0,303.5, 238.4, 199.5
634,12,38,12,926,-102.0, 16.8, -89.0,0.0, 223.1, 0.0,303.5, 238.4, 199.5
635,12,38,13,435,-102.0, 16.8, -89.0,0.0, 223.1, 0.0,303.5, 238.4, 199.5
636,12,38,13,943,-102.0, 16.8, -89.0,0.0, 223.1, 0.0,303.5, 238.4, 199.5
637,12,38,14,450,-102.0, 16.8, -89.0,0.0, 223.1, 0.0,303.5, 238.4, 199.5
638,12,38,14,951,-102.0, 16.8, -89.0,0.0, 223.4, 0.0,303.6, 238.8, 199.5
639,12,38,15,458,-102.0, 16.8, -89.0,0.0, 204.2, 0.0,304.9, 220.4, 198.8
640,12,38,15,968,-102.0, 16.8, -89.0,0.0, 197.0, 0.0,308.6, 214.5, 197.5
641,12,38,16,477,-102.0, 16.8, -89.0,0.0, 203.5, 0.0,310.6, 220.8, 197.3
642,12,38,16,983,-102.0, 16.8, -89.0,0.0, 203.5, 0.0,310.6, 220.8, 197.3
643,12,38,17,490,-102.0, 16.8, -89.0,0.0, 203.5, 0.0,310.6, 220.8, 197.3
644,12,38,17,997,-102.0, 16.8, -89.0,0.0, 203.5, 0.0,310.6, 220.8, 197.3
645,12,38,18,504,-102.0, 16.8, -89.0,0.0, 203.5, 0.0,310.6, 220.8, 197.3
646,12,38,19,12,-102.0, 16.8, -89.0,0.0, 203.5, 0.0,310.6, 220.8, 197.3
647,12,38,19,518,-102.0, 16.8, -89.0,0.0, 203.5, 0.0,310.6, 220.8, 197.3
648,12,38,20,26,-102.0, 16.8, -89.0,0.0, 203.5, 0.0,310.6, 220.8, 197.3
649,12,38,20,531,-102.0, 16.8, -89.0,0.0, 203.5, 0.0,310.6, 220.8, 197.3
650,12,38,21,39,-102.0, 16.8, -89.0,0.0, 203.5, 0.0,310.6, 220.8, 197.3
651,12,38,21,546,-102.0, 16.8, -89.0,0.0, 203.5, 0.0,310.6, 220.8, 197.3
652,12,38,22,53,-102.0, 16.8, -89.0,0.0, 203.5, 0.0,310.6, 220.8, 197.3
653,12,38,22,558,-102.0, 16.8, -89.0,0.0, 203.6, 0.0,310.6, 220.9, 197.3
654,12,38,23,65,-102.0, 16.8, -89.0,0.0, 203.6, 0.0,310.6, 220.9, 197.3
655,12,38,23,569,-102.0, 16.8, -89.0,0.0, 205.3, 0.0,311.0, 222.6, 197.3
656,12,38,24,75,-102.0, 16.8, -89.0,0.0, 205.3, 0.0,311.0, 222.6, 197.3
657,12,38,24,584,-102.0, 16.8, -89.0,0.0, 205.3, 0.0,311.0, 222.6, 197.3
658,12,38,25,90,-102.0, 16.8, -89.0,0.0, 205.3, 0.0,311.0, 222.6, 197.3
659,12,38,25,597,-102.0, 16.8, -89.0,0.0, 205.3, 0.0,311.0, 222.6, 197.3
660,12,38,26,102,-102.0, 16.8, -89.0,0.0, 242.2, 0.0,309.1, 258.4, 198.1
661,12,38,26,604,-102.0, 16.8, -89.0,0.0, 242.4, 0.0,308.5, 258.3, 198.3
662,12,38,27,109,-102.0, 16.8, -89.0,0.0, 241.9, 0.0,306.5, 256.7, 199.2
663,12,38,27,618,-102.0, 16.8, -89.0,0.0, 205.2, 0.0,306.1, 219.8, 199.4
664,12,38,28,128,-102.0, 16.8, -89.0,0.0, 202.6, 0.0,305.8, 217.0, 199.6
665,12,38,28,634,-102.0, 16.8, -89.0,0.0, 202.6, 0.0,305.8, 217.0, 199.6
666,12,38,29,143,-102.0, 16.8, -89.0,0.0, 202.6, 0.0,305.8, 217.0, 199.6
667,12,38,29,648,-102.0, 16.8, -89.0,0.0, 202.6, 0.0,305.8, 217.0, 199.6
668,12,38,30,157,-102.0, 16.8, -89.0,0.0, 202.6, 0.0,305.8, 217.0, 199.6
669,12,38,30,663,-102.0, 16.8, -89.0,0.0, 202.6, 0.0,305.8, 217.0, 199.6
670,12,38,31,171,-102.0, 16.8, -89.0,0.0, 202.6, 0.0,305.8, 217.0, 199.6
671,12,38,31,676,-102.0, 16.8, -89.0,0.0, 202.6, 0.0,305.8, 217.0, 199.6
672,12,38,32,186,-102.0, 16.8, -89.0,0.0, 202.6, 0.0,305.8, 217.0, 199.6
673,12,38,32,691,-102.0, 16.8, -89.0,0.0, 202.6, 0.0,305.8, 217.0, 199.6
674,12,38,33,198,-102.0, 16.8, -89.0,0.0, 202.6, 0.0,305.8, 217.0, 199.6
675,12,38,33,705,-102.0, 16.8, -89.0,0.0, 202.1, 0.0,306.3, 216.8, 199.3
676,12,38,34,211,-102.0, 16.8, -89.0,0.0, 202.1, 0.0,306.3, 216.8, 199.3
677,12,38,34,719,-102.0, 16.8, -89.0,0.0, 202.1, 0.0,306.3, 216.8, 199.3
678,12,38,35,225,-102.0, 16.8, -89.0,0.0, 202.0, 0.0,306.2, 216.6, 199.4
679,12,38,35,731,-102.0, 16.8, -89.0,0.0, 202.0, 0.0,306.2, 216.6, 199.4
680,12,38,36,234,-102.0, 16.8, -89.0,0.0, 206.3, 0.0,306.6, 221.2, 199.2
681,12,38,36,743,-102.0, 16.8, -89.0,0.0, 194.6, 0.0,304.5, 208.2, 200.2
682,12,38,37,250,-102.0, 16.8, -89.0,0.0, 194.0, 0.0,304.5, 207.6, 200.2
683,12,38,37,756,-102.0, 16.8, -89.0,0.0, 214.1, 0.0,306.4, 228.9, 199.2
684,12,38,38,263,-102.0, 16.8, -89.0,0.0, 223.0, 0.0,306.5, 237.8, 199.2
685,12,38,38,770,-102.0, 16.8, -89.0,0.0, 223.0, 0.0,306.4, 237.7, 199.3
686,12,38,39,273,-102.0, 16.8, -89.0,0.0, 230.8, 0.0,306.1, 245.4, 199.4
687,12,38,39,777,-102.0, 16.8, -89.0,0.0, 230.9, 0.0,305.5, 245.1, 199.7
688,12,38,40,286,-102.0, 16.8, -89.0,0.0, 230.9, 0.0,305.5, 245.1, 199.7
689,12,38,40,789,-102.0, 16.8, -89.0,0.0, 230.9, 0.0,304.9, 244.8, 200.0
690,12,38,41,296,-102.0, 16.8, -89.0,0.0, 230.9, 0.0,304.9, 244.8, 200.0
691,12,38,41,805,-102.0, 16.8, -89.0,0.0, 230.9, 0.0,304.9, 244.8, 200.0
692,12,38,42,311,-102.0, 16.8, -89.0,0.0, 230.9, 0.0,304.9, 244.8, 200.0
693,12,38,42,818,-102.0, 16.8, -89.0,0.0, 230.9, 0.0,304.9, 244.8, 200.0
694,12,38,43,325,-102.0, 16.8, -89.0,0.0, 230.9, 0.0,304.9, 244.8, 200.0
695,12,38,43,831,-102.0, 16.8, -89.0,0.0, 230.9, 0.0,304.9, 244.8, 200.0
696,12,38,44,337,-102.0, 16.8, -89.0,0.0, 230.9, 0.0,304.9, 244.8, 200.0
697,12,38,44,846,-102.0, 16.8, -89.0,0.0, 230.9, 0.0,304.9, 244.8, 200.0
698,12,38,45,350,-102.0, 16.8, -89.0,0.0, 230.9, 0.0,304.9, 244.8, 200.0
699,12,38,45,858,-102.0, 16.8, -89.0,0.0, 230.9, 0.0,304.9, 244.8, 200.0
700,12,38,46,365,-102.0, 16.8, -89.0,0.0, 230.9, 0.0,304.9, 244.8, 200.0
701,12,38,46,870,-102.0, 16.8, -89.0,0.0, 230.9, 0.0,304.9, 244.8, 200.0
702,12,38,47,377,-102.0, 16.8, -89.0,0.0, 230.9, 0.0,304.9, 244.8, 200.0
703,12,38,47,885,-102.0, 16.8, -89.0,0.0, 230.9, 0.0,304.9, 244.8, 200.0
704,12,38,48,392,-102.0, 16.8, -89.0,0.0, 230.9, 0.0,304.9, 244.8, 200.0
705,12,38,48,896,-102.0, 16.8, -89.0,0.0, 230.2, 0.0,304.5, 243.8, 200.2
706,12,38,49,405,-102.0, 16.8, -89.0,0.0, 230.1, 0.0,304.4, 243.6, 200.3
707,12,38,49,910,-102.0, 16.8, -89.0,0.0, 230.1, 0.0,304.4, 243.6, 200.3
708,12,38,50,418,-102.0, 16.8, -89.0,0.0, 230.1, 0.0,304.4, 243.6, 200.3
709,12,38,50,925,-102.0, 16.8, -89.0,0.0, 230.1, 0.0,304.4, 243.6, 200.3
710,12,38,51,431,-102.0, 16.8, -89.0,0.0, 230.1, 0.0,304.4, 243.6, 200.3
711,12,38,51,939,-102.0, 16.8, -89.0,0.0, 230.1, 0.0,304.4, 243.6, 200.3
712,12,38,52,445,-102.0, 16.8, -89.0,0.0, 235.9, 0.0,306.1, 250.5, 199.4
713,12,38,52,953,-102.0, 16.8, -89.0,0.0, 235.4, 0.0,306.0, 249.9, 199.5
714,12,38,53,462,-102.0, 16.8, -89.0,0.0, 221.6, 0.0,304.9, 235.5, 200.0
715,12,38,53,968,-102.0, 16.8, -89.0,0.0, 224.8, 0.0,306.2, 239.4, 199.4
716,12,38,54,471,-102.0, 16.8, -89.0,0.0, 224.9, 0.0,305.7, 239.2, 199.6
717,12,38,54,978,-102.0, 16.8, -89.0,0.0, 224.7, 0.0,305.7, 239.0, 199.6
718,12,38,55,485,-102.0, 16.8, -89.0,0.0, 222.9, 0.0,304.3, 236.3, 200.3
719,12,38,55,991,-102.0, 16.8, -89.0,0.0, 222.9, 0.0,304.3, 236.3, 200.3
720,12,38,56,497,-102.0, 16.8, -89.0,0.0, 222.9, 0.0,304.3, 236.3, 200.3
721,12,38,57,6,-102.0, 16.8, -89.0,0.0, 222.9, 0.0,304.3, 236.3, 200.3
722,12,38,57,512,-102.0, 16.8, -89.0,0.0, 222.8, 0.0,304.2, 236.2, 200.4
723,12,38,58,19,-102.0, 16.8, -89.0,0.0, 222.8, 0.0,304.2, 236.2, 200.4
724,12,38,58,527,-102.0, 16.8, -89.0,0.0, 223.1, 0.0,304.1, 236.4, 200.4
725,12,38,59,33,-102.0, 16.8, -89.0,0.0, 223.1, 0.0,304.1, 236.4, 200.4
726,12,38,59,541,-102.0, 16.8, -89.0,0.0, 223.1, 0.0,304.1, 236.4, 200.4
727,12,39,00,47,-102.0, 16.8, -89.0,0.0, 223.1, 0.0,304.1, 236.4, 200.4
728,12,39,00,555,-102.0, 16.8, -89.0,0.0, 223.1, 0.0,304.1, 236.4, 200.4
729,12,39,01,60,-102.0, 16.8, -89.0,0.0, 223.4, 0.0,304.1, 236.7, 200.4
730,12,39,01,569,-102.0, 16.8, -89.0,0.0, 223.4, 0.0,304.1, 236.7, 200.4
731,12,39,02,73,-102.0, 16.8, -89.0,0.0, 224.1, 0.0,304.4, 237.6, 200.3
732,12,39,02,581,-102.0, 16.8, -89.0,0.0, 224.1, 0.0,304.4, 237.6, 200.3
733,12,39,03,87,-102.0, 16.8, -89.0,0.0, 224.1, 0.0,304.4, 237.6, 200.3
734,12,39,03,593,-102.0, 16.8, -89.0,0.0, 224.1, 0.0,304.4, 237.6, 200.3
735,12,39,04,100,-102.0, 16.8, -89.0,0.0, 224.1, 0.0,304.4, 237.6, 200.3
736,12,39,04,606,-102.0, 16.8, -89.0,0.0, 224.8, 0.0,304.6, 238.4, 200.2
737,12,39,05,112,-102.0, 16.8, -89.0,0.0, 225.3, 0.0,304.0, 238.6, 200.5
738,12,39,05,617,-102.0, 16.8, -89.0,0.0, 234.6, 0.0,306.6, 249.5, 199.2
739,12,39,06,123,-102.0, 16.8, -89.0,0.0, 244.5, 0.0,310.0, 261.2, 197.8
740,12,39,06,629,-102.0, 16.8, -89.0,0.0, 245.2, 0.0,310.3, 262.1, 197.6
741,12,39,07,136,-102.0, 16.8, -89.0,0.0, 245.2, 0.0,310.3, 262.1, 197.6
742,12,39,07,644,-102.0, 16.8, -89.0,0.0, 245.3, 0.0,310.5, 262.3, 197.5
743,12,39,08,149,-102.0, 16.8, -89.0,0.0, 245.3, 0.0,310.5, 262.3, 197.5
744,12,39,08,657,-102.0, 16.8, -89.0,0.0, 245.2, 0.0,310.6, 262.2, 197.5
745,12,39,09,164,-102.0, 16.8, -89.0,0.0, 245.2, 0.0,310.6, 262.2, 197.5
746,12,39,09,671,-102.0, 16.8, -89.0,0.0, 245.0, 0.0,310.5, 262.0, 197.5
747,12,39,10,177,-102.0, 16.8, -89.0,0.0, 245.0, 0.0,310.5, 262.0, 197.5
748,12,39,10,684,-102.0, 16.8, -89.0,0.0, 244.9, 0.0,310.4, 261.8, 197.6
749,12,39,11,191,-102.0, 16.8, -89.0,0.0, 244.9, 0.0,310.4, 261.8, 197.6
750,12,39,11,697,-102.0, 16.8, -89.0,0.0, 244.9, 0.0,310.4, 261.8, 197.6
751,12,39,12,205,-102.0, 16.8, -89.0,0.0, 244.9, 0.0,310.4, 261.8, 197.6
752,12,39,12,710,-102.0, 16.8, -89.0,0.0, 244.7, 0.0,310.2, 261.5, 197.6
753,12,39,13,216,-102.0, 16.8, -89.0,0.0, 244.7, 0.0,310.2, 261.5, 197.6
754,12,39,13,723,-102.0, 16.8, -89.0,0.0, 244.7, 0.0,310.2, 261.5, 197.6
755,12,39,14,229,-102.0, 16.8, -89.0,0.0, 244.7, 0.0,310.2, 261.5, 197.6
756,12,39,14,736,-102.0, 16.8, -89.0,0.0, 244.7, 0.0,310.2, 261.5, 197.6
757,12,39,15,245,-102.0, 16.8, -89.0,0.0, 244.7, 0.0,310.2, 261.5, 197.6
758,12,39,15,750,-102.0, 16.8, -89.0,0.0, 244.7, 0.0,310.2, 261.5, 197.6
759,12,39,16,258,-102.0, 16.8, -89.0,0.0, 244.7, 0.0,310.2, 261.5, 197.6
760,12,39,16,765,-102.0, 16.8, -89.0,0.0, 244.7, 0.0,310.2, 261.5, 197.6
761,12,39,17,271,-102.0, 16.8, -89.0,0.0, 244.7, 0.0,310.2, 261.5, 197.6
762,12,39,17,776,-102.0, 16.8, -89.0,0.0, 244.7, 0.0,310.2, 261.5, 197.6
763,12,39,18,284,-102.0, 16.8, -89.0,0.0, 244.7, 0.0,310.2, 261.5, 197.6
764,12,39,18,791,-102.0, 16.8, -89.0,0.0, 244.3, 0.0,310.1, 261.0, 197.7
765,12,39,19,296,-102.0, 16.8, -89.0,0.0, 244.4, 0.0,310.4, 261.3, 197.6
766,12,39,19,805,-102.0, 16.8, -89.0,0.0, 244.3, 0.0,310.3, 261.2, 197.6
767,12,39,20,310,-102.0, 16.8, -89.0,0.0, 244.3, 0.0,310.3, 261.2, 197.6
768,12,39,20,817,-102.0, 16.8, -89.0,0.0, 244.3, 0.0,310.3, 261.2, 197.6
769,12,39,21,326,-102.0, 16.8, -89.0,0.0, 244.3, 0.0,310.3, 261.2, 197.6
770,12,39,21,832,-102.0, 16.8, -89.0,0.0, 243.8, 0.0,310.1, 260.5, 197.7
771,12,39,22,339,-102.0, 16.8, -89.0,0.0, 243.2, 0.0,309.9, 259.8, 197.8
772,12,39,22,849,-102.0, 16.8, -89.0,0.0, 243.3, 0.0,310.1, 260.0, 197.7
773,12,39,23,353,-102.0, 16.8, -89.0,0.0, 243.3, 0.0,310.1, 260.0, 197.7
774,12,39,23,859,-102.0, 16.8, -89.0,0.0, 237.3, 0.0,308.9, 253.4, 198.2
775,12,39,24,366,-102.0, 16.8, -89.0,0.0, 221.8, 0.0,306.8, 236.8, 199.1
776,12,39,24,871,-102.0, 16.8, -89.0,0.0, 229.3, 0.0,307.9, 244.9, 198.6
777,12,39,25,377,-102.0, 16.8, -89.0,0.0, 229.3, 0.0,307.9, 244.9, 198.6
778,12,39,25,884,-102.0, 16.8, -89.0,0.0, 229.3, 0.0,307.9, 244.9, 198.6
779,12,39,26,391,-102.0, 16.8, -89.0,0.0, 229.3, 0.0,307.9, 244.9, 198.6
780,12,39,26,897,-102.0, 16.8, -89.0,0.0, 229.3, 0.0,307.9, 244.9, 198.6
781,12,39,27,404,-102.0, 16.8, -89.0,0.0, 229.7, 0.0,308.0, 245.3, 198.6
782,12,39,27,910,-102.0, 16.8, -89.0,0.0, 229.7, 0.0,308.0, 245.3, 198.6
783,12,39,28,418,-102.0, 16.8, -89.0,0.0, 229.7, 0.0,308.0, 245.3, 198.6
784,12,39,28,926,-102.0, 16.8, -89.0,0.0, 229.7, 0.0,308.0, 245.3, 198.6
785,12,39,29,431,-102.0, 16.8, -89.0,0.0, 229.7, 0.0,308.0, 245.3, 198.6
786,12,39,29,938,-102.0, 16.8, -89.0,0.0, 229.7, 0.0,308.0, 245.3, 198.6
787,12,39,30,446,-102.0, 16.8, -89.0,0.0, 229.7, 0.0,308.0, 245.3, 198.6
788,12,39,30,952,-102.0, 16.8, -89.0,0.0, 229.7, 0.0,308.0, 245.3, 198.6
789,12,39,31,458,-102.0, 16.8, -89.0,0.0, 230.0, 0.0,308.2, 245.7, 198.5
790,12,39,31,966,-102.0, 16.8, -89.0,0.0, 230.6, 0.0,308.3, 246.4, 198.4
791,12,39,32,471,-102.0, 16.8, -89.0,0.0, 230.8, 0.0,308.3, 246.6, 198.4
792,12,39,32,979,-102.0, 16.8, -89.0,0.0, 230.8, 0.0,308.3, 246.6, 198.4
793,12,39,33,486,-102.0, 16.8, -89.0,0.0, 230.8, 0.0,308.3, 246.6, 198.4
794,12,39,33,992,-102.0, 16.8, -89.0,0.0, 230.8, 0.0,308.3, 246.6, 198.4
795,12,39,34,499,-102.0, 16.8, -89.0,0.0, 230.8, 0.0,308.3, 246.6, 198.4
796,12,39,35,7,-102.0, 16.8, -89.0,0.0, 230.8, 0.0,308.3, 246.6, 198.4
797,12,39,35,512,-102.0, 16.8, -89.0,0.0, 230.8, 0.0,308.3, 246.6, 198.4
798,12,39,36,18,-102.0, 16.8, -89.0,0.0, 230.8, 0.0,308.3, 246.6, 198.4
799,12,39,36,526,-102.0, 16.8, -89.0,0.0, 230.8, 0.0,308.3, 246.6, 198.4
800,12,39,37,31,-102.0, 16.8, -89.0,0.0, 230.8, 0.0,308.3, 246.6, 198.4
801,12,39,37,539,-102.0, 16.8, -89.0,0.0, 230.8, 0.0,308.3, 246.6, 198.4
802,12,39,38,46,-102.0, 16.8, -89.0,0.0, 230.8, 0.0,308.3, 246.6, 198.4
803,12,39,38,552,-102.0, 16.8, -89.0,0.0, 230.8, 0.0,308.3, 246.6, 198.4
804,12,39,39,58,-102.0, 16.8, -89.0,0.0, 234.5, 0.0,310.1, 251.3, 197.7
805,12,39,39,566,-102.0, 16.8, -89.0,0.0, 237.0, 0.0,311.3, 254.3, 197.3
806,12,39,40,72,-102.0, 16.8, -89.0,0.0, 238.1, 0.0,312.2, 255.3, 197.2
807,12,39,40,581,-102.0, 16.8, -89.0,0.0, 237.8, 0.0,313.1, 254.9, 197.1
808,12,39,41,88,-102.0, 16.8, -89.0,0.0, 233.0, 0.0,311.7, 249.5, 197.6
809,12,39,41,594,-102.0, 16.8, -89.0,0.0, 232.9, 0.0,311.8, 249.4, 197.6
810,12,39,42,101,-102.0, 16.8, -89.0,0.0, 232.9, 0.0,311.8, 249.4, 197.6
811,12,39,42,606,-102.0, 16.8, -89.0,0.0, 232.9, 0.0,311.8, 249.4, 197.6
812,12,39,43,109,-102.0, 16.8, -89.0,0.0, 232.9, 0.0,311.8, 249.4, 197.6
813,12,39,43,615,-102.0, 16.8, -89.0,0.0, 232.9, 0.0,311.8, 249.4, 197.6
814,12,39,44,121,-102.0, 16.8, -89.0,0.0, 232.9, 0.0,311.8, 249.4, 197.6
815,12,39,44,630,-102.0, 16.8, -89.0,0.0, 232.9, 0.0,311.8, 249.4, 197.6
816,12,39,45,137,-102.0, 16.8, -89.0,0.0, 232.4, 0.0,312.1, 249.1, 197.5
817,12,39,45,646,-102.0, 16.8, -89.0,0.0, 232.4, 0.0,312.1, 249.1, 197.5
818,12,39,46,153,-102.0, 16.8, -89.0,0.0, 232.7, 0.0,312.2, 249.4, 197.4
819,12,39,46,658,-102.0, 16.8, -89.0,0.0, 233.1, 0.0,312.4, 249.9, 197.4
820,12,39,47,168,-102.0, 16.8, -89.0,0.0, 233.1, 0.0,312.4, 249.9, 197.4
821,12,39,47,672,-102.0, 16.8, -89.0,0.0, 233.1, 0.0,312.4, 249.9, 197.4
822,12,39,48,179,-102.0, 16.8, -89.0,0.0, 233.1, 0.0,312.4, 249.9, 197.4
823,12,39,48,688,-102.0, 16.8, -89.0,0.0, 233.1, 0.0,312.4, 249.9, 197.4
824,12,39,49,194,-102.0, 16.8, -89.0,0.0, 233.1, 0.0,312.4, 249.9, 197.4
825,12,39,49,700,-102.0, 16.8, -89.0,0.0, 233.1, 0.0,312.4, 249.9, 197.4
826,12,39,50,207,-102.0, 16.8, -89.0,0.0, 233.1, 0.0,312.4, 249.9, 197.4
827,12,39,50,714,-102.0, 16.8, -89.0,0.0, 233.5, 0.0,312.4, 250.3, 197.4
828,12,39,51,220,-102.0, 16.8, -89.0,0.0, 233.5, 0.0,312.4, 250.3, 197.4
829,12,39,51,726,-102.0, 16.8, -89.0,0.0, 233.7, 0.0,312.6, 250.6, 197.3
830,12,39,52,232,-102.0, 16.8, -89.0,0.0, 233.9, 0.0,312.8, 250.9, 197.2
831,12,39,52,739,-102.0, 16.8, -89.0,0.0, 234.5, 0.0,313.2, 251.6, 197.1
832,12,39,53,247,-102.0, 16.8, -89.0,0.0, 234.5, 0.0,313.2, 251.6, 197.1
833,12,39,53,753,-102.0, 16.8, -89.0,0.0, 234.5, 0.0,313.2, 251.6, 197.1
834,12,39,54,260,-102.0, 16.8, -89.0,0.0, 234.5, 0.0,313.2, 251.6, 197.1
835,12,39,54,766,-102.0, 16.8, -89.0,0.0, 232.3, 0.0,310.1, 248.0, 198.2
836,12,39,55,272,-102.0, 16.8, -89.0,0.0, 232.3, 0.0,310.1, 248.0, 198.2
837,12,39,55,777,-102.0, 16.8, -89.0,0.0, 232.3, 0.0,310.1, 248.0, 198.2
838,12,39,56,286,-102.0, 16.8, -89.0,0.0, 232.3, 0.0,309.9, 247.9, 198.3
839,12,39,56,791,-102.0, 16.8, -89.0,0.0, 232.3, 0.0,309.9, 247.9, 198.3
840,12,39,57,298,-102.0, 16.8, -89.0,0.0, 232.3, 0.0,309.9, 247.9, 198.3
841,12,39,57,806,-102.0, 16.8, -89.0,0.0, 232.4, 0.0,309.8, 247.9, 198.3
842,12,39,58,311,-102.0, 16.8, -89.0,0.0, 232.6, 0.0,309.8, 248.1, 198.3
843,12,39,58,820,-102.0, 16.8, -89.0,0.0, 232.6, 0.0,309.8, 248.1, 198.3
844,12,39,59,327,-102.0, 16.8, -89.0,0.0, 232.6, 0.0,309.8, 248.1, 198.3
845,12,39,59,833,-102.0, 16.8, -89.0,0.0, 232.6, 0.0,309.8, 248.1, 198.3
846,12,40,00,339,-102.0, 16.8, -89.0,0.0, 232.6, 0.0,309.8, 248.1, 198.3
847,12,40,00,847,-102.0, 16.8, -89.0,0.0, 232.7, 0.0,309.9, 248.3, 198.3
848,12,40,01,352,-102.0, 16.8, -89.0,0.0, 232.7, 0.0,309.9, 248.3, 198.3
849,12,40,01,860,-102.0, 16.8, -89.0,0.0, 232.9, 0.0,311.3, 249.1, 197.8
850,12,40,02,367,-102.0, 16.8, -89.0,0.0, 225.0, 0.0,309.7, 240.5, 198.4
851,12,40,02,874,-102.0, 16.8, -89.0,0.0, 225.2, 0.0,309.7, 240.7, 198.4
852,12,40,03,379,-102.0, 16.8, -89.0,0.0, 227.6, 0.0,310.7, 243.5, 198.0
853,12,40,03,887,-102.0, 16.8, -89.0,0.0, 227.6, 0.0,310.7, 243.5, 198.0
854,12,40,04,393,-102.0, 16.8, -89.0,0.0, 227.9, 0.0,310.9, 243.9, 197.9
855,12,40,04,899,-102.0, 16.8, -89.0,0.0, 227.9, 0.0,310.9, 243.9, 197.9
856,12,40,05,407,-102.0, 16.8, -89.0,0.0, 227.9, 0.0,310.9, 243.9, 197.9
857,12,40,05,913,-102.0, 16.8, -89.0,0.0, 228.6, 0.0,311.3, 244.8, 197.8
858,12,40,06,419,-102.0, 16.8, -89.0,0.0, 228.7, 0.0,311.3, 244.9, 197.8
859,12,40,06,927,-102.0, 16.8, -89.0,0.0, 228.7, 0.0,311.3, 244.9, 197.8
860,12,40,07,432,-102.0, 16.8, -89.0,0.0, 229.9, 0.0,312.4, 246.7, 197.4
861,12,40,07,938,-102.0, 16.8, -89.0,0.0, 229.9, 0.0,312.4, 246.7, 197.4
862,12,40,08,446,-102.0, 16.8, -89.0,0.0, 229.9, 0.0,312.4, 246.7, 197.4
863,12,40,08,952,-102.0, 16.8, -89.0,0.0, 229.9, 0.0,312.4, 246.7, 197.4
864,12,40,09,459,-102.0, 16.8, -89.0,0.0, 229.9, 0.0,312.4, 246.7, 197.4
865,12,40,09,966,-102.0, 16.8, -89.0,0.0, 229.9, 0.0,312.4, 246.7, 197.4
866,12,40,10,471,-102.0, 16.8, -89.0,0.0, 229.9, 0.0,312.4, 246.7, 197.4
867,12,40,10,979,-102.0, 16.8, -89.0,0.0, 229.9, 0.0,312.4, 246.7, 197.4
868,12,40,11,487,-102.0, 16.8, -89.0,0.0, 229.9, 0.0,312.4, 246.7, 197.4
869,12,40,11,993,-102.0, 16.8, -89.0,0.0, 229.9, 0.0,312.4, 246.7, 197.4
870,12,40,12,500,-102.0, 16.8, -89.0,0.0, 229.9, 0.0,312.4, 246.7, 197.4
871,12,40,13,8,-102.0, 16.8, -89.0,0.0, 229.9, 0.0,312.4, 246.7, 197.4
872,12,40,13,513,-102.0, 16.8, -89.0,0.0, 229.9, 0.0,312.4, 246.7, 197.4
873,12,40,14,21,-102.0, 16.8, -89.0,0.0, 229.9, 0.0,312.4, 246.7, 197.4
874,12,40,14,528,-102.0, 16.8, -89.0,0.0, 229.9, 0.0,312.4, 246.7, 197.4
875,12,40,15,35,-102.0, 16.8, -89.0,0.0, 229.9, 0.0,312.0, 246.5, 197.5
876,12,40,15,540,-102.0, 16.8, -89.0,0.0, 229.9, 0.0,311.3, 246.1, 197.8
877,12,40,16,47,-102.0, 16.8, -89.0,0.0, 229.6, 0.0,310.4, 245.4, 198.1
878,12,40,16,553,-102.0, 16.8, -89.0,0.0, 229.6, 0.0,310.4, 245.4, 198.1
879,12,40,17,60,-102.0, 16.8, -89.0,0.0, 229.6, 0.0,310.4, 245.4, 198.1
880,12,40,17,568,-102.0, 16.8, -89.0,0.0, 229.6, 0.0,310.4, 245.4, 198.1
881,12,40,18,72,-102.0, 16.8, -89.0,0.0, 229.6, 0.0,310.4, 245.4, 198.1
882,12,40,18,580,-102.0, 16.8, -89.0,0.0, 229.6, 0.0,310.4, 245.4, 198.1
883,12,40,19,86,-102.0, 16.8, -89.0,0.0, 229.6, 0.0,310.4, 245.4, 198.1
884,12,40,19,593,-102.0, 16.8, -89.0,0.0, 229.6, 0.0,310.4, 245.4, 198.1
885,12,40,20,99,-102.0, 16.8, -89.0,0.0, 229.6, 0.0,310.4, 245.4, 198.1
886,12,40,20,605,-102.0, 16.8, -89.0,0.0, 229.7, 0.0,310.5, 245.5, 198.1
887,12,40,21,112,-102.0, 16.8, -89.0,0.0, 229.7, 0.0,310.5, 245.5, 198.1
888,12,40,21,618,-102.0, 16.8, -89.0,0.0, 229.7, 0.0,310.5, 245.5, 198.1
889,12,40,22,128,-102.0, 16.8, -89.0,0.0, 229.7, 0.0,310.5, 245.5, 198.1
890,12,40,22,633,-102.0, 16.8, -89.0,0.0, 230.3, 0.0,310.8, 246.3, 198.0
891,12,40,23,139,-102.0, 16.8, -89.0,0.0, 230.3, 0.0,310.8, 246.3, 198.0
892,12,40,23,646,-102.0, 16.8, -89.0,0.0, 230.2, 0.0,310.7, 246.1, 198.0
893,12,40,24,152,-102.0, 16.8, -89.0,0.0, 230.0, 0.0,310.5, 245.8, 198.1
894,12,40,24,658,-102.0, 16.8, -89.0,0.0, 230.0, 0.0,310.5, 245.8, 198.1
895,12,40,25,166,-102.0, 16.8, -89.0,0.0, 230.0, 0.0,310.5, 245.8, 198.1
896,12,40,25,671,-102.0, 16.8, -89.0,0.0, 229.9, 0.0,310.4, 245.7, 198.1
897,12,40,26,176,-102.0, 16.8, -89.0,0.0, 227.6, 0.0,310.5, 243.4, 198.1
898,12,40,26,685,-102.0, 16.8, -89.0,0.0, 224.1, 0.0,310.0, 239.7, 198.3
899,12,40,27,191,-102.0, 16.8, -89.0,0.0, 224.1, 0.0,310.0, 239.7, 198.3
900,12,40,27,697,-102.0, 16.8, -89.0,0.0, 224.1, 0.0,310.0, 239.7, 198.3
901,12,40,28,203,-102.0, 16.8, -89.0,0.0, 224.1, 0.0,310.0, 239.7, 198.3
902,12,40,28,709,-102.0, 16.8, -89.0,0.0, 224.1, 0.0,310.0, 239.7, 198.3
903,12,40,29,216,-102.0, 16.8, -89.0,0.0, 224.1, 0.0,310.0, 239.7, 198.3
904,12,40,29,724,-102.0, 16.8, -89.0,0.0, 224.1, 0.0,310.0, 239.7, 198.3
905,12,40,30,231,-102.0, 16.8, -89.0,0.0, 224.1, 0.0,310.0, 239.7, 198.3
