id,hour,min,sec,ms,xpos,ypos,zpos,uMousePos,vMousePos,wMousePos,uGazePos,vGazePos,wGazePos
24,12,33,00,10,80.8, 17.6, 134.0,0.0, 251.5, 0.0,19.0, 273.2, 13.6
25,12,33,00,510,78.5, 17.8, 133.2,0.0, 252.4, 0.0,18.6, 274.0, 13.6
26,12,33,01,28,76.0, 17.6, 132.4,0.0, 253.4, 0.0,16.9, 274.6, 13.4
27,12,33,01,541,73.6, 17.1, 131.8,0.0, 253.8, 0.0,14.6, 274.4, 13.3
28,12,33,02,61,71.1, 16.8, 131.1,0.0, 254.8, 0.0,12.0, 274.8, 13.1
29,12,33,02,572,68.6, 16.7, 130.5,0.0, 254.8, 0.0,10.6, 274.5, 13.1
30,12,33,03,103,66.2, 16.5, 129.6,0.0, 240.9, 0.0,8.5, 260.1, 13.0
31,12,33,03,643,63.7, 16.3, 128.9,0.0, 237.5, 0.0,8.4, 256.7, 13.0
32,12,33,04,191,61.0, 16.3, 128.6,0.0, 235.9, 0.0,5.9, 254.5, 12.9
33,12,33,04,731,58.5, 16.3, 127.9,0.0, 242.4, 0.0,1.8, 260.0, 12.8
34,12,33,05,233,56.2, 16.3, 126.8,0.0, 244.3, 0.0,0.5, 261.6, 12.8
35,12,33,05,735,54.1, 16.2, 125.5,0.0, 252.3, 0.0,358.0, 269.1, 12.8
36,12,33,06,254,51.7, 16.3, 124.6,0.0, 251.9, 0.0,357.6, 268.6, 12.9
37,12,33,06,792,49.3, 16.5, 123.3,0.0, 234.6, 0.0,358.3, 251.4, 12.8
38,12,33,07,309,47.2, 16.6, 121.9,0.0, 243.7, 0.0,356.2, 260.1, 12.9
39,12,33,07,811,44.9, 16.8, 120.8,0.0, 243.7, 0.0,356.2, 260.1, 12.9
40,12,33,08,328,42.7, 16.9, 119.5,0.0, 233.2, 0.0,358.3, 250.0, 12.8
41,12,33,08,875,40.7, 17.1, 117.7,0.0, 225.5, 0.0,358.6, 242.4, 12.8
42,12,33,09,399,38.8, 17.4, 115.9,0.0, 225.5, 0.0,358.6, 242.4, 12.8
43,12,33,09,931,36.9, 17.7, 114.1,0.0, 225.5, 0.0,357.9, 242.3, 12.8
44,12,33,10,462,35.0, 17.8, 112.2,0.0, 225.2, 0.0,359.6, 242.3, 12.8
45,12,33,10,971,33.3, 17.7, 110.4,0.0, 222.2, 0.0,359.6, 239.3, 12.8
46,12,33,11,482,31.6, 17.5, 108.5,0.0, 222.1, 0.0,358.2, 238.9, 12.8
47,12,33,11,987,29.9, 17.2, 106.5,0.0, 221.9, 0.0,358.2, 238.7, 12.8
48,12,33,12,489,28.3, 17.0, 104.7,0.0, 221.9, 0.0,358.2, 238.7, 12.8
49,12,33,13,31,26.6, 16.7, 102.6,0.0, 212.6, 0.0,358.7, 229.5, 12.8
50,12,33,13,555,25.5, 16.6, 100.2,0.0, 201.5, 0.0,358.7, 218.4, 12.8
51,12,33,14,57,24.6, 16.7, 97.9,0.0, 201.5, 0.0,358.7, 218.4, 12.8
52,12,33,14,569,24.0, 16.9, 95.4,0.0, 201.5, 0.0,358.7, 218.4, 12.8
53,12,33,15,117,23.1, 17.2, 92.9,0.0, 200.9, 0.0,358.7, 217.8, 12.8
54,12,33,15,660,23.8, 17.3, 90.3,0.0, 208.1, 0.0,356.1, 224.4, 12.9
55,12,33,16,166,22.8, 17.4, 88.0,0.0, 209.7, 0.0,355.4, 225.9, 12.9
56,12,33,16,666,22.2, 17.4, 85.6,0.0, 211.5, 0.0,353.1, 227.1, 12.9
57,12,33,17,188,21.8, 17.4, 83.1,0.0, 211.4, 0.0,353.0, 227.0, 12.9
58,12,33,17,726,21.2, 17.4, 80.5,0.0, 211.4, 0.0,353.0, 227.0, 12.9
59,12,33,18,254,20.0, 17.5, 78.2,0.0, 201.5, 0.0,353.9, 217.3, 12.9
60,12,33,18,755,19.0, 17.7, 75.9,0.0, 203.2, 0.0,353.2, 218.9, 12.9
61,12,33,19,274,18.5, 17.9, 73.4,0.0, 202.7, 0.0,355.3, 218.9, 12.9
62,12,33,19,773,17.9, 18.2, 71.1,0.0, 199.2, 0.0,8.5, 218.4, 13.0
63,12,33,20,308,18.6, 18.8, 68.6,0.0, 172.2, 0.0,8.5, 191.4, 13.0
64,12,33,20,837,18.4, 18.7, 66.1,0.0, 164.6, 0.0,9.3, 184.0, 13.0
65,12,33,21,338,18.7, 18.7, 63.6,0.0, 175.2, 0.0,4.6, 193.5, 12.9
66,12,33,21,842,18.9, 18.7, 61.0,0.0, 176.8, 0.0,4.0, 194.9, 12.9
67,12,33,22,361,18.8, 18.7, 58.5,0.0, 183.3, 0.0,2.7, 201.1, 12.9
68,12,33,22,866,18.1, 18.7, 56.0,0.0, 209.9, 0.0,0.2, 227.2, 12.8
69,12,33,23,403,17.4, 18.8, 53.7,0.0, 192.6, 0.0,12.9, 212.8, 13.2
70,12,33,23,905,18.5, 18.7, 51.5,0.0, 184.8, 0.0,357.0, 201.3, 12.9
71,12,33,24,411,19.1, 18.7, 49.2,0.0, 177.1, 0.0,342.9, 190.3, 13.4
72,12,33,24,929,19.2, 18.7, 46.6,0.0, 177.4, 0.0,343.0, 190.6, 13.4
73,12,33,25,448,18.7, 18.7, 44.1,0.0, 180.8, 0.0,341.6, 193.7, 13.5
74,12,33,25,965,18.5, 18.7, 41.6,0.0, 205.8, 0.0,337.9, 217.7, 13.9
75,12,33,26,474,17.7, 18.8, 39.3,0.0, 202.7, 0.0,336.9, 214.4, 14.0
76,12,33,26,995,17.9, 18.8, 36.8,0.0, 180.5, 0.0,336.6, 192.1, 14.0
77,12,33,27,502,18.7, 18.7, 34.4,0.0, 154.2, 0.0,334.8, 165.3, 14.2
78,12,33,28,8,20.0, 18.7, 32.2,0.0, 132.1, 0.0,332.0, 142.4, 14.6
79,12,33,28,532,20.3, 18.7, 29.6,0.0, 127.1, 0.0,333.1, 137.7, 14.4
80,12,33,29,35,21.0, 18.8, 27.3,0.0, 141.8, 0.0,331.1, 151.8, 14.7
81,12,33,29,537,20.6, 18.7, 24.9,0.0, 141.1, 0.0,330.7, 151.0, 14.8
82,12,33,30,37,20.3, 18.7, 22.4,0.0, 140.9, 0.0,329.3, 150.3, 15.0
83,12,33,30,548,21.0, 18.7, 20.0,0.0, 144.4, 0.0,327.1, 153.1, 15.4
84,12,33,31,54,20.9, 18.7, 18.1,0.0, 146.2, 0.0,324.7, 154.2, 15.8
85,12,33,31,572,20.1, 18.7, 15.6,0.0, 155.0, 0.0,321.6, 161.8, 16.5
86,12,33,32,81,20.7, 18.7, 13.2,0.0, 155.9, 0.0,321.3, 162.6, 16.6
87,12,33,32,595,20.2, 18.7, 10.7,0.0, 155.9, 0.0,321.3, 162.6, 16.6
88,12,33,33,112,20.5, 18.7, 8.2,0.0, 155.9, 0.0,321.3, 162.6, 16.6
89,12,33,33,619,20.5, 18.7, 5.9,0.0, 155.9, 0.0,321.3, 162.6, 16.6
90,12,33,34,150,20.4, 18.7, 3.3,0.0, 155.9, 0.0,321.3, 162.6, 16.6
91,12,33,34,683,20.5, 18.5, 0.7,0.0, 155.9, 0.0,321.3, 162.6, 16.6
92,12,33,35,190,21.1, 18.0, -1.7,0.0, 155.9, 0.0,321.3, 162.6, 16.6
93,12,33,35,697,20.4, 17.5, -4.0,0.0, 156.6, 0.0,320.7, 163.1, 16.7
94,12,33,36,239,21.4, 16.9, -6.4,0.0, 144.4, 0.0,316.2, 149.0, 17.9
95,12,33,36,749,22.3, 16.5, -8.7,0.0, 114.6, 0.0,311.8, 117.0, 19.5
96,12,33,37,254,23.4, 16.5, -10.9,0.0, 104.1, 0.0,309.8, 105.4, 20.3
97,12,33,37,761,23.7, 16.8, -13.3,0.0, 138.9, 0.0,309.8, 140.2, 20.3
98,12,33,38,272,24.1, 16.8, -15.6,0.0, 89.4, 0.0,306.2, 88.5, 22.1
99,12,33,38,783,25.7, 17.0, -17.5,0.0, 70.5, 0.0,304.9, 68.6, 22.9
100,12,33,39,304,27.2, 16.9, -19.7,0.0, 65.0, 0.0,304.6, 62.9, 23.1
101,12,33,39,817,28.0, 16.7, -21.7,0.0, 85.4, 0.0,302.8, 82.0, 24.2
102,12,33,40,320,27.5, 16.6, -22.3,0.0, 128.6, 0.0,299.2, 121.8, 27.1
103,12,33,40,831,26.1, 17.1, -23.7,0.0, 132.4, 0.0,299.6, 126.0, 26.7
104,12,33,41,336,26.3, 17.4, -24.1,0.0, 137.6, 0.0,299.6, 131.2, 26.7
105,12,33,41,846,28.2, 17.6, -23.1,0.0, 163.1, 0.0,301.9, 158.9, 24.8
106,12,33,42,361,28.0, 17.5, -23.1,0.0, 197.1, 0.0,305.1, 195.4, 22.7
107,12,33,42,868,25.7, 16.7, -23.5,0.0, 195.7, 0.0,295.6, 184.5, 31.0
108,12,33,43,371,24.9, 16.6, -23.3,0.0, 201.9, 0.0,290.3, 181.0, 39.9
109,12,33,43,900,24.9, 16.6, -23.3,0.0, 240.9, 0.0,285.2, 201.1, 58.0
110,12,33,44,409,24.9, 16.6, -23.3,0.0, 274.1, 0.0,285.2, 234.3, 58.0
111,12,33,44,912,24.9, 16.6, -23.3,0.0, 280.7, 0.0,285.8, 244.3, 54.7
112,12,33,45,441,24.9, 16.6, -23.3,0.0, 284.4, 0.0,287.3, 254.6, 48.4
113,12,33,45,970,24.9, 16.6, -23.3,0.0, 287.1, 0.0,287.6, 258.5, 47.2
114,12,33,46,486,24.9, 16.6, -23.3,0.0, 281.1, 0.0,288.0, 253.7, 46.1
115,12,33,46,991,24.9, 16.6, -23.3,0.0, 281.1, 0.0,288.0, 253.7, 46.1
116,12,33,47,499,24.9, 16.6, -23.3,0.0, 280.4, 0.0,288.1, 253.5, 45.6
117,12,33,48,7,24.9, 16.6, -23.3,0.0, 280.4, 0.0,288.1, 253.5, 45.6
118,12,33,48,518,24.9, 16.6, -23.3,0.0, 280.4, 0.0,288.1, 253.5, 45.6
119,12,33,49,31,24.9, 16.6, -23.3,0.0, 280.4, 0.0,288.1, 253.5, 45.6
120,12,33,49,544,24.9, 16.6, -23.3,0.0, 229.4, 0.0,285.0, 188.3, 59.3
121,12,33,50,53,24.9, 16.6, -23.3,0.0, 203.8, 0.0,283.4, 148.5, 73.0
122,12,33,50,573,24.9, 16.6, -23.3,0.0, 132.9, 0.0,283.5, 51.4, 98.5
123,12,33,51,76,24.9, 16.6, -23.3,0.0, 77.3, 0.0,284.3, 355.9, 98.6
124,12,33,51,599,26.6, 16.6, -22.9,0.0, 79.7, 0.0,284.6, 358.3, 98.6
125,12,33,52,109,26.9, 16.6, -22.7,0.0, 71.5, 0.0,284.5, 355.2, 93.6
126,12,33,52,609,26.9, 16.6, -22.7,0.0, 37.7, 0.0,284.5, 323.8, 91.3
127,12,33,53,158,26.3, 16.9, -23.3,0.0, 357.9, 0.0,284.5, 283.6, 91.7
128,12,33,53,671,26.4, 17.6, -24.3,0.0, 340.1, 0.0,284.9, 258.7, 98.6
129,12,33,54,186,27.2, 17.7, -23.9,0.0, 340.2, 0.0,285.2, 258.8, 98.6
130,12,33,54,694,27.2, 17.7, -24.6,0.0, 337.4, 0.0,285.2, 256.0, 98.6
131,12,33,55,214,27.2, 17.7, -24.6,0.0, 311.8, 0.0,285.2, 230.4, 98.6
132,12,33,55,750,27.2, 17.7, -24.6,0.0, 311.2, 0.0,285.3, 229.8, 98.6
133,12,33,56,279,27.2, 17.7, -24.6,0.0, 333.9, 0.0,285.9, 252.5, 98.6
134,12,33,56,796,27.2, 17.7, -24.6,0.0, 346.1, 0.0,286.3, 264.7, 98.6
135,12,33,57,316,27.2, 17.7, -24.6,0.0, 346.1, 0.0,286.3, 264.7, 98.6
136,12,33,57,824,27.2, 17.7, -24.6,0.0, 346.1, 0.0,286.3, 264.7, 98.6
137,12,33,58,350,27.2, 17.7, -24.6,0.0, 346.1, 0.0,286.4, 264.7, 98.6
138,12,33,58,868,27.2, 17.7, -24.6,0.0, 344.0, 0.0,286.5, 262.6, 98.6
139,12,33,59,415,27.2, 17.7, -24.6,0.0, 343.1, 0.0,286.3, 270.9, 89.8
140,12,33,59,937,27.2, 17.7, -24.6,0.0, 343.1, 0.0,286.3, 270.9, 89.8
141,12,34,00,439,27.2, 17.7, -24.6,0.0, 320.3, 0.0,286.7, 238.9, 98.6
142,12,34,00,951,27.2, 17.7, -24.6,0.0, 319.2, 0.0,286.5, 245.9, 90.9
143,12,34,01,471,27.2, 17.7, -24.6,0.0, 334.6, 0.0,286.5, 257.4, 94.7
144,12,34,02,15,27.2, 17.7, -24.6,0.0, 334.4, 0.0,286.5, 258.6, 93.3
145,12,34,02,517,27.2, 17.7, -24.6,0.0, 333.1, 0.0,286.5, 260.1, 90.6
146,12,34,03,33,27.2, 17.7, -24.6,0.0, 333.1, 0.0,286.5, 260.1, 90.6
147,12,34,03,544,27.2, 17.7, -24.6,0.0, 350.8, 0.0,287.4, 269.4, 98.6
148,12,34,04,54,27.2, 17.7, -24.6,0.0, 3.7, 0.0,287.4, 282.3, 98.6
149,12,34,04,579,27.2, 17.7, -24.6,0.0, 3.5, 0.0,287.4, 282.5, 98.3
150,12,34,05,99,27.2, 17.7, -24.6,0.0, 3.5, 0.0,287.4, 282.5, 98.3
151,12,34,05,600,27.2, 17.7, -24.6,0.0, 339.5, 0.0,287.2, 263.8, 93.2
152,12,34,06,138,27.2, 17.7, -24.6,0.0, 317.5, 0.0,287.3, 239.5, 95.5
153,12,34,06,637,27.2, 17.7, -24.6,0.0, 262.7, 0.0,287.2, 185.7, 94.5
154,12,34,07,164,27.2, 17.7, -24.6,0.0, 316.7, 0.0,288.1, 238.8, 95.3
155,12,34,07,674,27.2, 17.7, -24.6,0.0, 316.8, 0.0,288.0, 240.9, 93.5
156,12,34,08,196,27.2, 17.7, -24.6,0.0, 317.2, 0.0,288.0, 240.9, 93.8
157,12,34,08,700,27.2, 17.7, -24.6,0.0, 319.1, 0.0,288.1, 240.6, 95.9
158,12,34,09,201,27.2, 17.7, -24.6,0.0, 319.1, 0.0,288.1, 240.6, 95.9
159,12,34,09,721,27.2, 17.7, -24.6,0.0, 319.7, 0.0,288.1, 240.2, 96.8
160,12,34,10,222,27.2, 17.7, -24.6,0.0, 320.1, 0.0,288.1, 240.0, 97.4
161,12,34,10,744,27.2, 17.7, -24.6,0.0, 320.1, 0.0,288.1, 240.0, 97.4
162,12,34,11,267,27.2, 17.7, -24.6,0.0, 320.1, 0.0,288.1, 240.0, 97.4
163,12,34,11,789,27.2, 17.7, -24.6,0.0, 320.4, 0.0,288.2, 239.3, 98.3
164,12,34,12,299,27.2, 17.7, -24.6,0.0, 0.1, 0.0,290.9, 278.6, 98.6
165,12,34,12,829,27.2, 17.7, -24.6,0.0, 359.7, 0.0,290.9, 279.6, 97.3
166,12,34,13,352,27.2, 17.7, -24.6,0.0, 359.8, 0.0,290.9, 279.2, 97.8
167,12,34,13,882,27.2, 17.7, -24.6,0.0, 3.8, 0.0,291.6, 282.3, 98.5
168,12,34,14,399,27.2, 17.7, -24.6,0.0, 3.8, 0.0,291.6, 282.3, 98.5
169,12,34,14,921,27.2, 17.7, -24.6,0.0, 353.7, 0.0,291.4, 280.1, 91.2
170,12,34,15,426,27.2, 17.7, -24.6,0.0, 353.7, 0.0,291.4, 280.1, 91.2
171,12,34,15,963,27.2, 17.7, -24.6,0.0, 353.7, 0.0,291.4, 280.1, 91.2
172,12,34,16,512,27.2, 17.7, -24.6,0.0, 353.7, 0.0,291.4, 280.1, 91.2
173,12,34,17,21,27.2, 17.7, -24.6,0.0, 353.7, 0.0,291.4, 280.1, 91.2
174,12,34,17,546,27.2, 17.7, -24.6,0.0, 353.9, 0.0,291.4, 279.5, 91.9
175,12,34,18,74,27.2, 17.7, -24.6,0.0, 14.1, 0.0,292.5, 292.5, 98.4
176,12,34,18,574,27.2, 17.7, -24.6,0.0, 28.3, 0.0,292.6, 306.7, 98.4
177,12,34,19,90,27.2, 17.7, -24.6,0.0, 27.5, 0.0,292.5, 307.2, 97.3
178,12,34,19,601,27.2, 17.7, -24.6,0.0, 352.0, 0.0,292.3, 280.6, 89.0
179,12,34,20,142,27.2, 17.7, -24.6,0.0, 352.6, 0.0,292.3, 279.6, 90.5
180,12,34,20,679,27.2, 17.7, -24.6,0.0, 352.6, 0.0,292.3, 279.6, 90.5
181,12,34,21,188,27.2, 17.7, -24.6,0.0, 352.6, 0.0,292.3, 279.6, 90.5
182,12,34,21,713,27.2, 17.7, -24.6,0.0, 352.6, 0.0,292.3, 279.6, 90.5
183,12,34,22,223,27.2, 17.7, -24.6,0.0, 352.6, 0.0,292.3, 279.6, 90.5
184,12,34,22,753,27.2, 17.7, -24.6,0.0, 352.6, 0.0,292.3, 279.6, 90.5
185,12,34,23,261,27.2, 17.7, -24.6,0.0, 352.6, 0.0,292.3, 279.6, 90.5
186,12,34,23,767,27.2, 17.7, -24.6,0.0, 352.6, 0.0,292.3, 279.6, 90.5
187,12,34,24,275,27.2, 17.7, -24.6,0.0, 352.6, 0.0,292.3, 279.6, 90.5
188,12,34,24,800,27.2, 17.7, -24.6,0.0, 350.6, 0.0,292.3, 279.5, 88.8
189,12,34,25,308,27.2, 17.7, -24.6,0.0, 350.6, 0.0,292.3, 279.5, 88.8
190,12,34,25,818,27.2, 17.7, -24.6,0.0, 350.6, 0.0,292.3, 279.5, 88.8
191,12,34,26,343,27.2, 17.7, -24.6,0.0, 350.7, 0.0,292.3, 279.3, 89.0
192,12,34,26,885,27.2, 17.7, -24.6,0.0, 350.7, 0.0,292.3, 279.3, 89.0
193,12,34,27,391,27.2, 17.7, -24.6,0.0, 350.7, 0.0,292.3, 279.3, 89.0
194,12,34,27,892,27.2, 17.7, -24.6,0.0, 350.7, 0.0,292.3, 279.3, 89.0
195,12,34,28,398,27.2, 17.7, -24.6,0.0, 327.2, 0.0,292.6, 264.4, 81.1
196,12,34,28,914,27.2, 17.7, -24.6,0.0, 321.1, 0.0,292.6, 257.3, 82.0
197,12,34,29,439,27.2, 17.7, -24.6,0.0, 324.3, 0.0,292.4, 256.6, 85.6
198,12,34,29,946,27.2, 17.7, -24.6,0.0, 327.9, 0.0,292.4, 257.6, 88.0
199,12,34,30,455,26.1, 16.6, -22.7,0.0, 328.6, 0.0,292.3, 257.2, 89.0
200,12,34,30,990,24.8, 16.2, -20.4,0.0, 330.7, 0.0,292.3, 257.0, 91.2
201,12,34,31,515,23.5, 16.4, -18.2,0.0, 330.7, 0.0,292.3, 257.0, 91.2
202,12,34,32,27,22.3, 16.4, -15.9,0.0, 337.8, 0.0,292.4, 260.4, 94.6
203,12,34,32,566,21.4, 16.3, -13.3,0.0, 345.8, 0.0,292.5, 265.5, 97.3
204,12,34,33,101,21.2, 16.2, -12.0,0.0, 350.7, 0.0,293.3, 269.1, 98.4
205,12,34,33,607,21.2, 16.2, -12.0,0.0, 348.5, 0.0,293.2, 270.4, 95.1
206,12,34,34,132,21.2, 16.2, -12.0,0.0, 348.3, 0.0,293.2, 270.7, 94.7
207,12,34,34,637,21.2, 16.2, -12.0,0.0, 348.2, 0.0,293.2, 270.6, 94.7
208,12,34,35,171,21.2, 16.2, -12.0,0.0, 349.5, 0.0,293.2, 270.6, 95.8
209,12,34,35,711,21.2, 16.2, -12.0,0.0, 349.9, 0.0,293.2, 270.5, 96.3
210,12,34,36,233,21.2, 16.2, -12.0,0.0, 349.9, 0.0,293.2, 270.5, 96.3
211,12,34,36,747,21.2, 16.2, -12.0,0.0, 350.8, 0.0,293.3, 270.7, 97.0
212,12,34,37,250,21.0, 16.2, -11.0,0.0, 352.7, 0.0,295.5, 270.9, 98.2
213,12,34,37,761,20.7, 16.5, -8.5,0.0, 353.0, 0.0,296.8, 271.0, 98.0
214,12,34,38,299,20.4, 17.1, -5.9,0.0, 352.6, 0.0,296.9, 270.6, 98.0
215,12,34,38,814,20.2, 17.6, -3.4,0.0, 327.9, 0.0,297.6, 245.8, 97.9
216,12,34,39,319,20.6, 18.1, -1.0,0.0, 314.0, 0.0,299.7, 231.5, 97.6
217,12,34,39,830,20.4, 18.7, 1.6,0.0, 310.2, 0.0,300.7, 227.6, 97.4
218,12,34,40,364,20.4, 18.7, 4.2,0.0, 325.8, 0.0,302.0, 242.9, 97.1
219,12,34,40,899,20.3, 18.7, 6.8,0.0, 292.6, 0.0,302.4, 209.6, 97.0
220,12,34,41,430,19.7, 18.7, 9.4,0.0, 320.4, 0.0,304.1, 237.7, 96.1
221,12,34,41,947,18.5, 18.8, 11.5,0.0, 232.9, 0.0,305.7, 149.1, 96.2
222,12,34,42,449,18.6, 18.7, 14.0,0.0, 202.6, 0.0,308.5, 118.0, 95.4
223,12,34,42,971,19.3, 18.7, 16.5,0.0, 185.5, 0.0,309.5, 100.6, 95.1
224,12,34,43,478,19.5, 18.7, 19.0,0.0, 184.4, 0.0,310.1, 99.3, 94.9
225,12,34,43,986,19.6, 18.7, 21.5,0.0, 171.8, 0.0,309.9, 93.4, 89.8
226,12,34,44,497,18.9, 18.7, 23.3,0.0, 113.0, 0.0,310.3, 43.3, 83.1
227,12,34,45,16,20.5, 18.7, 25.3,0.0, 64.3, 0.0,310.3, 354.7, 83.0
228,12,34,45,529,20.8, 18.7, 27.8,0.0, 42.5, 0.0,310.2, 332.3, 83.5
229,12,34,46,40,21.0, 18.8, 30.2,0.0, 101.0, 0.0,312.3, 15.1, 94.2
230,12,34,46,548,20.7, 18.7, 32.4,0.0, 110.0, 0.0,316.7, 31.9, 85.7
231,12,34,47,57,19.5, 18.7, 34.5,0.0, 37.0, 0.0,316.8, 320.6, 84.6
232,12,34,47,554,20.5, 18.7, 36.8,0.0, 33.2, 0.0,316.5, 308.7, 90.1
233,12,34,48,68,20.7, 18.8, 39.2,0.0, 52.7, 0.0,318.8, 323.8, 91.2
234,12,34,48,574,20.6, 18.8, 41.6,0.0, 28.5, 0.0,318.8, 302.3, 89.4
235,12,34,49,107,19.2, 18.7, 43.8,0.0, 353.7, 0.0,318.9, 270.3, 87.6
236,12,34,49,631,19.4, 18.7, 46.4,0.0, 313.4, 0.0,319.2, 235.8, 83.8
237,12,34,50,180,20.5, 18.8, 48.8,0.0, 286.8, 0.0,320.0, 216.2, 79.2
238,12,34,50,696,20.2, 18.8, 50.6,0.0, 346.1, 0.0,319.0, 265.7, 85.6
239,12,34,51,215,20.3, 18.8, 52.7,0.0, 355.8, 0.0,318.9, 273.0, 87.1
240,12,34,51,741,20.0, 18.7, 55.3,0.0, 338.7, 0.0,319.0, 256.6, 86.7
241,12,34,52,273,19.0, 18.7, 57.7,0.0, 310.0, 0.0,319.8, 220.6, 90.6
242,12,34,52,808,18.5, 18.7, 60.4,0.0, 280.2, 0.0,320.2, 197.8, 85.9
243,12,34,53,308,19.6, 18.7, 62.6,0.0, 0.1, 0.0,322.0, 269.3, 89.2
244,12,34,53,826,20.1, 18.8, 65.1,0.0, 39.4, 0.0,322.0, 308.8, 89.2
245,12,34,54,332,19.7, 18.9, 67.4,0.0, 19.1, 0.0,322.2, 294.0, 85.8
246,12,34,54,836,19.5, 18.6, 69.8,0.0, 21.4, 0.0,322.0, 291.1, 88.9
247,12,34,55,347,20.5, 18.3, 72.1,0.0, 31.0, 0.0,323.2, 299.4, 88.4
248,12,34,55,852,21.5, 18.0, 74.4,0.0, 15.2, 0.0,323.3, 285.0, 87.6
249,12,34,56,360,22.1, 17.7, 76.8,0.0, 342.2, 0.0,324.0, 250.1, 87.9
250,12,34,56,868,22.8, 17.6, 79.3,0.0, 326.3, 0.0,325.8, 233.4, 86.1
251,12,34,57,369,22.9, 17.6, 81.8,0.0, 311.6, 0.0,325.8, 218.8, 86.1
252,12,34,57,870,22.6, 17.5, 84.3,0.0, 297.5, 0.0,325.9, 206.4, 85.1
253,12,34,58,377,23.0, 17.5, 86.7,0.0, 286.2, 0.0,326.0, 196.0, 84.6
254,12,34,58,907,23.8, 17.4, 89.3,0.0, 285.1, 0.0,325.9, 193.4, 85.5
255,12,34,59,445,25.3, 17.5, 91.1,0.0, 231.8, 0.0,327.5, 153.3, 78.1
256,12,34,59,953,27.7, 17.6, 91.8,0.0, 185.8, 0.0,328.3, 111.5, 75.9
257,12,35,00,464,29.5, 17.7, 93.6,0.0, 104.5, 0.0,327.9, 28.2, 77.0
258,12,35,00,985,29.7, 17.3, 96.1,0.0, 89.9, 0.0,327.7, 12.6, 77.5
259,12,35,01,489,31.3, 17.4, 97.9,0.0, 60.7, 0.0,328.5, 347.4, 75.4
260,12,35,01,999,33.3, 17.8, 99.1,0.0, 72.9, 0.0,327.8, 355.8, 77.4
261,12,35,02,508,34.6, 18.2, 101.1,0.0, 73.9, 0.0,327.8, 356.8, 77.4
262,12,35,03,14,36.3, 18.1, 102.7,0.0, 73.6, 0.0,328.2, 358.7, 76.2
263,12,35,03,521,38.0, 17.8, 104.1,0.0, 73.6, 0.0,328.2, 358.7, 76.2
264,12,35,04,26,39.1, 17.6, 106.5,0.0, 54.5, 0.0,329.0, 343.1, 74.4
265,12,35,04,534,41.1, 17.5, 107.9,0.0, 55.5, 0.0,328.3, 341.3, 75.9
266,12,35,05,43,43.0, 17.3, 109.6,0.0, 58.0, 0.0,328.2, 343.0, 76.3
267,12,35,05,550,43.6, 17.1, 112.0,0.0, 56.7, 0.0,328.3, 342.1, 76.1
268,12,35,06,58,45.5, 16.9, 113.7,0.0, 57.9, 0.0,326.2, 330.4, 83.1
269,12,35,06,564,47.0, 16.7, 115.6,0.0, 0.5, 0.0,326.4, 274.3, 82.4
270,12,35,07,78,47.5, 16.6, 118.0,0.0, 340.7, 0.0,326.1, 252.1, 83.7
271,12,35,07,586,48.6, 16.5, 120.4,0.0, 335.6, 0.0,326.2, 247.7, 83.3
272,12,35,08,117,49.5, 16.4, 122.8,0.0, 343.0, 0.0,325.8, 249.5, 86.5
273,12,35,08,637,51.5, 16.3, 124.4,0.0, 14.8, 0.0,328.4, 278.8, 84.1
274,12,35,09,147,53.6, 16.3, 125.9,0.0, 41.8, 0.0,329.3, 304.8, 83.1
275,12,35,09,653,55.6, 16.4, 127.4,0.0, 58.7, 0.0,329.9, 326.6, 80.6
276,12,35,10,162,57.8, 16.4, 128.7,0.0, 60.2, 0.0,330.4, 331.0, 79.1
277,12,35,10,670,60.1, 16.4, 129.9,0.0, 66.8, 0.0,330.4, 337.6, 79.1
278,12,35,11,178,62.4, 16.6, 130.8,0.0, 67.7, 0.0,330.3, 338.2, 79.3
279,12,35,11,697,64.8, 16.8, 131.8,0.0, 68.4, 0.0,330.5, 339.5, 79.0
280,12,35,12,206,67.2, 17.0, 132.7,0.0, 68.5, 0.0,331.4, 344.5, 76.6
281,12,35,12,711,69.5, 17.1, 133.7,0.0, 69.3, 0.0,331.9, 347.8, 75.4
282,12,35,13,218,71.9, 17.2, 134.5,0.0, 70.1, 0.0,332.0, 349.1, 75.2
283,12,35,13,725,74.3, 17.4, 134.6,0.0, 70.1, 0.0,332.0, 349.1, 75.2
284,12,35,14,231,76.8, 17.8, 134.6,0.0, 80.3, 0.0,332.1, 359.7, 75.0
285,12,35,14,735,79.2, 17.7, 135.0,0.0, 78.6, 0.0,332.4, 359.2, 74.5
286,12,35,15,239,81.3, 17.4, 135.4,0.0, 78.6, 0.0,332.4, 359.2, 74.5
287,12,35,15,768,81.3, 17.4, 135.4,0.0, 146.9, 0.0,330.1, 55.6, 80.2
288,12,35,16,314,81.3, 17.4, 135.4,0.0, 204.5, 0.0,334.3, 100.1, 75.6
289,12,35,16,859,81.3, 17.4, 135.4,0.0, 151.3, 0.0,335.0, 47.5, 74.2
290,12,35,17,366,81.3, 17.4, 135.4,0.0, 94.6, 0.0,335.1, 351.3, 74.0
291,12,35,17,887,81.3, 17.4, 135.4,0.0, 179.3, 0.0,335.7, 70.4, 71.1
292,12,35,18,407,81.1, 17.5, 135.3,0.0, 225.2, 0.0,336.1, 111.6, 66.4
293,12,35,18,908,79.1, 17.8, 133.9,0.0, 237.4, 0.0,333.4, 113.4, 56.0
294,12,35,19,427,78.2, 17.8, 134.8,0.0, 235.3, 0.0,324.6, 100.3, 45.0
295,12,35,19,947,77.4, 17.8, 136.1,0.0, 240.4, 0.0,320.1, 101.9, 41.5