id,hour,min,sec,ms,xpos,ypos,zpos,uMousePos,vMousePos,wMousePos,uGazePos,vGazePos,wGazePos
0,11,01,27,315,80.8, 18.8, 134.0,0.0, 238.7, 0.0,11.5, 224.7, 357.0
1,11,01,28,420,80.8, 17.6, 134.0,0.0, 238.7, 0.0,11.5, 224.7, 357.0
2,11,01,28,928,80.8, 17.6, 134.0,0.0, 238.7, 0.0,11.5, 224.7, 357.0
3,11,01,29,435,80.8, 17.6, 134.0,0.0, 238.7, 0.0,11.5, 224.7, 357.0
4,11,01,29,942,80.8, 17.6, 134.0,0.0, 238.7, 0.0,11.5, 224.7, 357.0
5,11,01,30,448,80.8, 17.6, 134.0,0.0, 238.7, 0.0,11.5, 224.7, 357.0
6,11,01,30,967,80.8, 17.6, 134.0,0.0, 238.7, 0.0,11.5, 224.7, 357.0
7,11,01,31,476,80.8, 17.6, 134.0,0.0, 238.7, 0.0,11.5, 224.7, 357.0
8,11,01,31,983,80.8, 17.6, 134.0,0.0, 238.7, 0.0,11.5, 224.7, 357.0
9,11,01,32,492,80.8, 17.6, 134.0,0.0, 238.7, 0.0,11.5, 224.7, 357.0
10,11,01,32,997,80.8, 17.6, 134.0,0.0, 238.7, 0.0,11.5, 224.7, 357.0
11,11,01,33,503,80.8, 17.6, 134.0,0.0, 238.7, 0.0,11.5, 224.7, 357.0
12,11,01,34,9,80.8, 17.6, 134.0,0.0, 238.7, 0.0,11.5, 224.7, 357.0
13,11,01,34,517,80.8, 17.6, 134.0,0.0, 238.7, 0.0,11.5, 224.7, 357.0
14,11,01,35,24,80.8, 17.6, 134.0,0.0, 238.7, 0.0,11.5, 224.7, 357.0
15,11,01,35,531,80.8, 17.6, 134.0,0.0, 238.7, 0.0,11.5, 224.7, 357.0
16,11,01,36,38,80.8, 17.6, 134.0,0.0, 244.7, 0.0,350.6, 231.8, 357.0
17,11,01,36,545,80.8, 17.6, 134.0,0.0, 222.1, 0.0,350.1, 209.2, 357.0
18,11,01,37,51,80.8, 17.6, 134.0,0.0, 154.4, 0.0,319.4, 143.6, 356.1
19,11,01,37,558,80.8, 17.6, 134.0,0.0, 154.4, 0.0,319.4, 143.6, 356.1
20,11,01,38,66,80.8, 17.6, 134.0,0.0, 143.3, 0.0,308.5, 133.7, 355.2
21,11,01,38,573,80.8, 17.6, 134.0,0.0, 161.4, 0.0,284.0, 160.1, 347.6
22,11,01,39,78,80.8, 17.6, 134.0,0.0, 179.6, 0.0,283.4, 178.8, 347.0
23,11,01,39,597,80.8, 17.6, 134.0,0.0, 212.1, 0.0,276.3, 226.8, 331.8
24,11,01,40,103,80.8, 17.6, 134.0,0.0, 209.9, 0.0,277.1, 221.1, 335.2
25,11,01,40,611,80.8, 17.6, 134.0,0.0, 212.6, 0.0,276.9, 224.5, 334.5
26,11,01,41,130,80.8, 17.6, 134.0,0.0, 212.6, 0.0,276.9, 224.5, 334.5
27,11,01,41,636,80.8, 17.6, 134.0,0.0, 239.5, 0.0,277.2, 250.4, 335.5
28,11,01,42,141,80.8, 17.6, 134.0,0.0, 264.7, 0.0,277.0, 276.3, 334.9
29,11,01,42,651,80.8, 17.6, 134.0,0.0, 269.6, 0.0,276.2, 284.7, 331.4
30,11,01,43,158,80.8, 17.6, 134.0,0.0, 287.8, 0.0,276.1, 303.4, 330.9
31,11,01,43,685,80.8, 17.6, 134.0,0.0, 250.4, 0.0,276.1, 266.0, 330.9
32,11,01,44,196,80.8, 17.6, 134.0,0.0, 242.6, 0.0,276.6, 256.0, 333.0
33,11,01,44,704,80.8, 17.6, 134.0,0.0, 242.6, 0.0,276.6, 256.0, 333.0
34,11,01,45,211,80.8, 17.6, 134.0,0.0, 242.6, 0.0,276.6, 256.0, 333.0
35,11,01,45,718,80.8, 17.6, 134.0,0.0, 234.5, 0.0,277.6, 244.1, 336.8
36,11,01,46,225,80.8, 17.6, 134.0,0.0, 234.5, 0.0,277.6, 244.1, 336.8
37,11,01,46,732,80.8, 17.6, 134.0,0.0, 184.7, 0.0,283.2, 184.1, 346.8
38,11,01,47,236,80.8, 17.6, 134.0,0.0, 91.6, 0.0,295.5, 84.5, 353.1
39,11,01,47,745,80.8, 17.6, 134.0,0.0, 120.3, 0.0,292.7, 114.1, 352.2
40,11,01,48,253,80.8, 17.6, 134.0,0.0, 110.1, 0.0,293.2, 103.7, 352.4
41,11,01,48,759,80.8, 17.6, 134.0,0.0, 81.5, 0.0,298.4, 73.6, 353.7
42,11,01,49,267,81.0, 17.6, 133.9,0.0, 93.4, 0.0,312.4, 83.3, 355.6
43,11,01,49,774,83.5, 17.3, 133.8,0.0, 93.1, 0.0,312.6, 83.0, 355.6
44,11,01,50,280,84.5, 17.0, 133.7,0.0, 93.1, 0.0,312.6, 83.0, 355.6
45,11,01,50,787,84.5, 17.0, 133.7,0.0, 138.4, 0.0,307.3, 128.9, 355.1
46,11,01,51,291,84.5, 17.0, 133.7,0.0, 236.5, 0.0,293.1, 230.1, 352.4
47,11,01,51,797,84.5, 17.0, 133.7,0.0, 259.4, 0.0,284.9, 257.3, 348.3
48,11,01,52,305,83.8, 17.2, 133.6,0.0, 259.4, 0.0,284.9, 257.3, 348.3
49,11,01,52,812,81.4, 17.6, 133.1,0.0, 259.4, 0.0,284.9, 257.3, 348.3
50,11,01,53,314,80.4, 17.7, 133.0,0.0, 164.3, 0.0,298.7, 156.4, 353.8
51,11,01,53,823,80.6, 17.7, 132.9,0.0, 116.6, 0.0,314.7, 106.2, 355.8
52,11,01,54,331,82.9, 17.3, 132.2,0.0, 100.1, 0.0,327.3, 88.6, 356.5
53,11,01,54,838,84.0, 17.1, 132.0,0.0, 100.5, 0.0,329.0, 88.9, 356.5
54,11,01,55,345,84.0, 17.1, 132.0,0.0, 108.0, 0.0,328.0, 96.5, 356.5
55,11,01,55,853,83.8, 17.1, 131.5,0.0, 111.2, 0.0,327.7, 99.7, 356.5
56,11,01,56,360,83.0, 17.2, 129.2,0.0, 111.2, 0.0,327.7, 99.7, 356.5
57,11,01,56,867,82.6, 17.4, 128.2,0.0, 86.3, 0.0,328.0, 74.8, 356.5
58,11,01,57,374,82.1, 17.4, 129.6,0.0, 64.0, 0.0,325.3, 52.7, 356.4
59,11,01,57,881,81.4, 17.6, 131.1,0.0, 67.3, 0.0,324.1, 56.1, 356.3
60,11,01,58,388,81.4, 17.6, 131.1,0.0, 52.7, 0.0,325.6, 41.4, 356.4
61,11,01,58,895,81.4, 17.6, 131.1,0.0, 36.5, 0.0,326.5, 25.1, 356.4
62,11,01,59,402,81.4, 17.6, 131.1,0.0, 320.0, 0.0,335.8, 308.0, 356.7
63,11,01,59,909,81.4, 17.6, 131.1,0.0, 33.0, 0.0,330.9, 21.3, 356.6
64,11,02,00,415,81.4, 17.6, 131.1,0.0, 61.9, 0.0,330.4, 50.2, 356.6
65,11,02,00,918,81.4, 17.6, 131.1,0.0, 71.9, 0.0,330.4, 60.2, 356.6
66,11,02,01,426,81.1, 17.6, 132.4,0.0, 79.6, 0.0,343.4, 67.1, 356.9
67,11,02,01,933,80.9, 17.6, 134.2,0.0, 86.6, 0.0,346.7, 73.9, 356.9
68,11,02,02,440,80.9, 17.6, 134.2,0.0, 86.6, 0.0,350.9, 73.7, 357.0
69,11,02,02,947,80.9, 17.6, 134.2,0.0, 95.7, 0.0,352.3, 82.7, 357.0
70,11,02,03,454,80.9, 17.6, 134.2,0.0, 95.7, 0.0,352.3, 82.7, 357.0
71,11,02,03,961,80.9, 17.6, 134.2,0.0, 95.7, 0.0,352.3, 82.7, 357.0
72,11,02,04,467,80.9, 17.6, 134.2,0.0, 95.7, 0.0,352.3, 82.7, 357.0
73,11,02,04,974,80.9, 17.6, 134.2,0.0, 95.7, 0.0,352.3, 82.7, 357.0
74,11,02,05,481,80.9, 17.6, 134.2,0.0, 95.7, 0.0,352.3, 82.7, 357.0
75,11,02,05,987,80.9, 17.6, 134.2,0.0, 95.7, 0.0,352.3, 82.7, 357.0
76,11,02,06,494,80.9, 17.6, 134.2,0.0, 95.7, 0.0,352.3, 82.7, 357.0
77,11,02,07,2,80.9, 17.6, 134.2,0.0, 95.7, 0.0,352.3, 82.7, 357.0
78,11,02,07,509,80.9, 17.6, 134.2,0.0, 65.3, 0.0,353.8, 52.2, 357.0
79,11,02,08,15,80.6, 17.6, 134.9,0.0, 68.6, 0.0,354.5, 55.5, 357.0
80,11,02,08,522,80.1, 17.6, 137.3,0.0, 79.1, 0.0,356.5, 65.9, 357.0
81,11,02,09,29,79.9, 18.0, 138.6,0.0, 87.1, 0.0,356.6, 73.9, 357.0
82,11,02,09,535,82.1, 17.8, 138.9,0.0, 96.2, 0.0,1.1, 82.8, 357.0
83,11,02,10,42,84.1, 17.5, 140.3,0.0, 106.6, 0.0,3.8, 93.0, 357.0
84,11,02,10,548,86.5, 16.9, 141.0,0.0, 109.7, 0.0,4.0, 96.1, 357.0
85,11,02,11,55,86.9, 16.7, 140.9,0.0, 110.7, 0.0,1.5, 97.2, 357.0
86,11,02,11,562,86.9, 16.7, 140.9,0.0, 110.9, 0.0,1.2, 97.5, 357.0
87,11,02,12,68,86.9, 16.7, 140.9,0.0, 124.5, 0.0,1.0, 111.1, 357.0
88,11,02,12,575,86.9, 16.7, 140.9,0.0, 123.6, 0.0,1.3, 110.1, 357.0
89,11,02,13,82,86.9, 16.7, 140.9,0.0, 123.6, 0.0,1.3, 110.1, 357.0
90,11,02,13,589,86.5, 16.8, 140.3,0.0, 123.5, 0.0,1.3, 110.0, 357.0
91,11,02,14,95,85.2, 17.0, 138.2,0.0, 122.3, 0.0,2.1, 108.8, 357.0
92,11,02,14,602,85.0, 17.0, 137.8,0.0, 120.9, 0.0,2.9, 107.4, 357.0
93,11,02,15,108,85.1, 17.0, 138.0,0.0, 117.2, 0.0,7.9, 103.4, 357.0
94,11,02,15,615,86.3, 16.8, 140.2,0.0, 122.7, 0.0,14.7, 108.5, 356.9
95,11,02,16,121,88.5, 16.1, 140.4,0.0, 126.5, 0.0,17.7, 112.2, 356.9
96,11,02,16,629,90.7, 14.9, 140.3,0.0, 139.3, 0.0,19.8, 124.8, 356.8
97,11,02,17,135,92.3, 14.8, 138.6,0.0, 146.2, 0.0,20.7, 131.7, 356.8
98,11,02,17,638,93.7, 14.8, 137.7,0.0, 172.0, 0.0,20.9, 157.5, 356.8
99,11,02,18,158,93.3, 14.8, 137.8,0.0, 216.8, 0.0,23.1, 202.1, 356.8
100,11,02,18,666,91.2, 14.9, 139.2,0.0, 224.3, 0.0,21.5, 209.7, 356.8
101,11,02,19,173,89.7, 15.2, 138.7,0.0, 211.6, 0.0,23.9, 196.9, 356.7
102,11,02,19,679,88.2, 15.9, 136.9,0.0, 188.8, 0.0,29.7, 173.7, 356.6
103,11,02,20,187,86.4, 16.5, 135.1,0.0, 174.7, 0.0,36.3, 159.1, 356.3
104,11,02,20,692,84.2, 17.1, 134.1,0.0, 155.8, 0.0,44.1, 139.5, 355.8
105,11,02,21,200,82.3, 17.5, 132.5,0.0, 124.1, 0.0,37.8, 108.4, 356.2
106,11,02,21,707,82.1, 17.5, 132.0,0.0, 109.1, 0.0,27.4, 94.2, 356.6
107,11,02,22,214,82.1, 17.5, 132.0,0.0, 112.7, 0.0,27.8, 97.7, 356.6
108,11,02,22,721,82.1, 17.5, 132.0,0.0, 100.4, 0.0,29.1, 85.4, 356.6
109,11,02,23,228,82.1, 17.5, 132.0,0.0, 100.4, 0.0,29.1, 85.4, 356.6
110,11,02,23,735,82.1, 17.5, 132.0,0.0, 56.1, 0.0,32.2, 40.8, 356.5
111,11,02,24,243,82.1, 17.5, 132.0,0.0, 56.1, 0.0,32.2, 40.8, 356.5
112,11,02,24,750,82.1, 17.5, 132.0,0.0, 58.4, 0.0,32.4, 43.1, 356.5
113,11,02,25,256,82.1, 17.5, 132.0,0.0, 51.9, 0.0,32.3, 36.6, 356.5
114,11,02,25,763,82.1, 17.5, 132.0,0.0, 43.8, 0.0,31.5, 28.6, 356.5
115,11,02,26,276,82.1, 17.5, 132.0,0.0, 80.8, 0.0,33.7, 65.4, 356.4
116,11,02,26,785,82.1, 17.5, 132.0,0.0, 142.9, 0.0,32.2, 127.6, 356.5
117,11,02,27,290,82.1, 17.5, 132.0,0.0, 203.8, 0.0,33.1, 188.5, 356.4
118,11,02,27,797,83.4, 17.2, 130.9,0.0, 232.1, 0.0,44.5, 215.8, 355.8
119,11,02,28,304,81.7, 17.5, 129.7,0.0, 264.2, 0.0,57.7, 246.1, 354.4
120,11,02,28,812,79.2, 17.7, 129.6,0.0, 278.3, 0.0,61.4, 259.4, 353.8
121,11,02,29,320,78.1, 17.6, 129.8,0.0, 278.9, 0.0,61.5, 260.0, 353.7
122,11,02,29,827,78.1, 17.6, 129.8,0.0, 279.0, 0.0,61.6, 260.1, 353.7
123,11,02,30,334,78.2, 17.6, 131.0,0.0, 272.7, 0.0,62.9, 253.5, 353.4
124,11,02,30,843,77.8, 17.8, 133.4,0.0, 242.4, 0.0,64.8, 222.7, 353.0
125,11,02,31,355,77.7, 17.8, 133.6,0.0, 163.8, 0.0,73.6, 140.2, 349.4
126,11,02,31,863,77.7, 17.8, 133.6,0.0, 131.6, 0.0,78.3, 103.7, 345.2
127,11,02,32,372,77.7, 17.8, 133.6,0.0, 155.7, 0.0,77.9, 128.3, 345.6
128,11,02,32,874,77.7, 17.8, 133.6,0.0, 232.6, 0.0,77.4, 205.7, 346.2
129,11,02,33,397,77.7, 17.8, 133.6,0.0, 232.6, 0.0,77.4, 205.7, 346.2
130,11,02,33,904,77.7, 17.8, 133.6,0.0, 232.6, 0.0,77.4, 205.7, 346.2
131,11,02,34,413,77.7, 17.8, 133.6,0.0, 235.2, 0.0,76.8, 209.0, 346.8
132,11,02,34,933,77.7, 17.8, 133.6,0.0, 232.4, 0.0,79.5, 202.6, 343.4
133,11,02,35,439,77.7, 17.8, 133.6,0.0, 229.4, 0.0,80.7, 197.5, 341.3
134,11,02,35,948,77.7, 17.8, 133.6,0.0, 170.6, 0.0,85.8, 111.8, 314.5
135,11,02,36,452,77.7, 17.8, 133.6,0.0, 131.3, 0.0,87.0, 36.1, 278.2
136,11,02,36,960,77.7, 17.8, 133.6,0.0, 103.1, 0.0,87.5, 6.1, 277.0
137,11,02,37,467,78.4, 17.8, 133.4,0.0, 102.8, 0.0,87.5, 5.8, 277.0
138,11,02,37,974,80.9, 17.7, 132.9,0.0, 102.8, 0.0,87.5, 5.8, 277.0
139,11,02,38,488,81.2, 17.6, 132.8,0.0, 179.7, 0.0,87.4, 91.4, 285.8
140,11,02,38,994,81.2, 17.6, 132.8,0.0, 237.5, 0.0,85.1, 192.7, 329.1
141,11,02,39,518,81.1, 17.6, 132.9,0.0, 237.3, 0.0,85.1, 192.5, 329.1
142,11,02,40,24,79.7, 17.7, 134.9,0.0, 237.3, 0.0,85.1, 192.5, 329.1
143,11,02,40,532,79.3, 17.7, 135.5,0.0, 237.3, 0.0,85.1, 192.5, 329.1
144,11,02,41,53,77.5, 17.8, 134.4,0.0, 237.3, 0.0,85.1, 192.5, 329.1
145,11,02,41,559,76.4, 17.7, 133.7,0.0, 237.3, 0.0,85.1, 192.5, 329.1
146,11,02,42,66,76.4, 17.7, 133.7,0.0, 237.3, 0.0,85.1, 192.5, 329.1
147,11,02,42,573,76.4, 17.7, 133.7,0.0, 237.3, 0.0,85.1, 192.5, 329.1
148,11,02,43,81,76.4, 17.7, 133.7,0.0, 237.3, 0.0,85.1, 192.5, 329.1
149,11,02,43,586,76.4, 17.7, 133.7,0.0, 260.3, 0.0,85.7, 210.7, 324.4
150,11,02,44,93,76.4, 17.7, 133.7,0.0, 280.7, 0.0,85.7, 231.1, 324.4
151,11,02,44,601,76.4, 17.7, 133.7,0.0, 280.7, 0.0,85.7, 231.1, 324.4
152,11,02,45,108,76.4, 17.7, 133.7,0.0, 257.1, 0.0,86.5, 196.9, 313.8
153,11,02,45,609,76.4, 17.7, 133.7,0.0, 224.0, 0.0,87.6, 126.9, 277.1
154,11,02,46,118,76.4, 17.7, 133.7,0.0, 139.9, 0.0,88.5, 42.2, 277.7
155,11,02,46,624,77.8, 17.7, 132.9,0.0, 97.7, 0.0,87.0, 55.2, 333.1
156,11,02,47,132,80.4, 17.7, 133.0,0.0, 91.8, 0.0,88.5, 12.9, 296.7
157,11,02,47,640,81.5, 17.6, 133.9,0.0, 335.9, 0.0,88.8, 257.1, 297.1
158,11,02,48,147,81.5, 17.6, 133.9,0.0, 329.4, 0.0,88.7, 254.6, 301.1
159,11,02,48,655,81.5, 17.6, 133.9,0.0, 326.1, 0.0,89.0, 228.1, 278.0
160,11,02,49,162,81.5, 17.6, 133.9,0.0, 326.4, 0.0,88.7, 261.4, 311.0
161,11,02,49,669,81.5, 17.6, 133.9,0.0, 325.4, 0.0,88.8, 252.8, 303.5
162,11,02,50,176,81.5, 17.6, 133.9,0.0, 311.6, 0.0,89.4, 213.3, 278.2
163,11,02,50,682,81.5, 17.6, 133.9,0.0, 308.9, 0.0,89.3, 243.7, 311.3
164,11,02,51,189,81.5, 17.6, 133.9,0.0, 308.6, 0.0,89.3, 243.4, 311.3
165,11,02,51,696,81.5, 17.6, 133.9,0.0, 307.9, 0.0,89.4, 228.5, 297.1
166,11,02,52,202,81.5, 17.6, 133.9,0.0, 304.8, 0.0,89.5, 206.5, 278.3
167,11,02,52,714,81.5, 17.6, 133.9,0.0, 301.1, 0.0,89.7, 202.7, 278.4
168,11,02,53,226,81.5, 17.6, 133.9,0.0, 298.8, 0.0,89.8, 200.4, 278.4
169,11,02,53,736,82.2, 17.3, 135.3,0.0, 294.3, 0.0,89.8, 195.9, 278.4
170,11,02,54,240,81.4, 17.4, 135.5,0.0, 288.2, 0.0,89.9, 271.1, 0.0
171,11,02,54,747,79.6, 17.6, 136.2,0.0, 305.6, 0.0,89.0, 285.7, 357.1
172,11,02,55,255,79.6, 17.6, 136.2,0.0, 305.2, 0.0,89.3, 284.1, 355.9
173,11,02,55,762,79.6, 17.6, 136.2,0.0, 305.0, 0.0,89.4, 283.2, 355.2
174,11,02,56,269,79.6, 17.6, 136.2,0.0, 304.8, 0.0,89.4, 283.0, 355.2
175,11,02,56,776,79.6, 17.6, 136.2,0.0, 304.8, 0.0,89.4, 283.0, 355.2
176,11,02,57,283,79.6, 17.6, 136.2,0.0, 304.8, 0.0,89.4, 283.0, 355.2
177,11,02,57,790,79.6, 17.6, 136.2,0.0, 304.8, 0.0,89.4, 283.0, 355.2
178,11,02,58,296,79.6, 17.6, 136.2,0.0, 304.8, 0.0,89.4, 283.0, 355.2
179,11,02,58,803,79.6, 17.6, 136.2,0.0, 304.8, 0.0,89.4, 283.0, 355.2
180,11,02,59,311,79.6, 17.6, 136.2,0.0, 304.8, 0.0,89.4, 283.0, 355.2
181,11,02,59,817,79.6, 17.6, 136.2,0.0, 304.8, 0.0,89.4, 283.0, 355.2
182,11,03,00,341,79.6, 17.6, 136.2,0.0, 280.7, 0.0,89.9, 263.6, 0.0
183,11,03,00,867,79.6, 17.6, 136.2,0.0, 276.5, 0.0,89.9, 259.4, 0.0
184,11,03,01,368,78.6, 17.7, 136.3,0.0, 273.5, 0.0,89.9, 354.9, 98.6
185,11,03,01,880,76.8, 17.7, 136.4,0.0, 273.5, 0.0,89.9, 354.9, 98.6
186,11,03,02,398,76.8, 17.7, 136.4,0.0, 266.6, 0.0,89.7, 347.9, 98.7
187,11,03,02,906,76.8, 17.7, 136.4,0.0, 266.6, 0.0,89.7, 347.9, 98.7
188,11,03,03,414,76.8, 17.7, 136.4,0.0, 222.2, 0.0,89.4, 303.4, 98.8
189,11,03,03,919,76.8, 17.7, 136.4,0.0, 200.4, 0.0,89.1, 232.2, 49.5
190,11,03,04,437,76.8, 17.7, 136.4,0.0, 244.3, 0.0,88.9, 267.8, 41.2
191,11,03,04,941,76.8, 17.7, 136.4,0.0, 211.5, 0.0,89.1, 243.3, 49.5
192,11,03,05,452,76.8, 17.7, 136.4,0.0, 205.4, 0.0,88.9, 225.5, 37.9
193,11,03,05,960,76.8, 17.7, 136.4,0.0, 180.6, 0.0,89.2, 230.0, 67.2
194,11,03,06,467,76.8, 17.7, 136.4,0.0, 179.7, 0.0,89.3, 236.5, 74.5
195,11,03,06,975,76.8, 17.7, 136.4,0.0, 179.1, 0.0,89.3, 252.0, 90.7
196,11,03,07,482,76.8, 17.7, 136.4,0.0, 178.9, 0.0,89.3, 260.0, 98.9
197,11,03,07,989,76.8, 17.7, 136.4,0.0, 178.5, 0.0,89.3, 259.6, 98.9
198,11,03,08,496,76.8, 17.7, 136.4,0.0, 178.5, 0.0,89.3, 259.6, 98.9
199,11,03,09,3,76.8, 17.7, 136.4,0.0, 178.5, 0.0,89.3, 259.6, 98.9
200,11,03,09,504,76.8, 17.7, 136.4,0.0, 247.7, 0.0,89.1, 328.7, 99.0
201,11,03,10,30,76.8, 17.7, 136.4,0.0, 240.2, 0.0,89.0, 291.5, 69.3
202,11,03,10,531,76.8, 17.7, 136.4,0.0, 191.1, 0.0,87.7, 197.6, 24.5
203,11,03,11,39,76.8, 17.7, 136.4,0.0, 191.0, 0.0,87.7, 197.5, 24.5
204,11,03,11,546,76.8, 17.7, 136.4,0.0, 191.0, 0.0,87.7, 197.5, 24.5
205,11,03,12,53,76.8, 17.7, 136.4,0.0, 191.0, 0.0,87.7, 197.5, 24.5
206,11,03,12,561,76.8, 17.7, 136.4,0.0, 191.0, 0.0,87.7, 197.5, 24.5
207,11,03,13,68,76.8, 17.7, 136.4,0.0, 191.0, 0.0,87.7, 197.5, 24.5
208,11,03,13,581,76.8, 17.7, 136.4,0.0, 264.2, 0.0,86.6, 291.1, 46.2
209,11,03,14,92,76.8, 17.7, 136.4,0.0, 263.1, 0.0,85.6, 278.5, 34.8
210,11,03,14,597,76.8, 17.7, 136.4,0.0, 263.0, 0.0,85.6, 278.4, 34.8
211,11,03,15,105,76.8, 17.7, 136.4,0.0, 261.3, 0.0,85.0, 271.5, 29.6
212,11,03,15,611,74.3, 17.3, 136.0,0.0, 261.6, 0.0,84.6, 269.7, 27.5
213,11,03,16,119,71.8, 17.1, 135.6,0.0, 261.6, 0.0,84.6, 269.7, 27.5
214,11,03,16,628,71.3, 17.0, 135.5,0.0, 261.3, 0.0,84.2, 267.1, 25.2
215,11,03,17,133,70.9, 17.0, 135.4,0.0, 250.7, 0.0,84.4, 257.8, 26.5
216,11,03,17,640,68.6, 17.0, 134.5,0.0, 248.9, 0.0,84.5, 256.5, 27.0
217,11,03,18,144,66.3, 16.9, 133.6,0.0, 247.7, 0.0,85.2, 259.7, 31.3
218,11,03,18,651,63.9, 16.7, 132.6,0.0, 247.7, 0.0,85.2, 259.7, 31.3
219,11,03,19,158,61.6, 16.5, 131.6,0.0, 248.3, 0.0,85.1, 259.1, 30.1
220,11,03,19,663,59.2, 16.5, 130.9,0.0, 255.4, 0.0,84.4, 262.5, 26.5
221,11,03,20,173,56.7, 16.6, 130.3,0.0, 255.0, 0.0,84.5, 262.6, 27.0
222,11,03,20,680,54.3, 16.6, 129.5,0.0, 252.2, 0.0,85.0, 262.4, 29.6
223,11,03,21,188,51.9, 16.6, 128.8,0.0, 252.2, 0.0,85.0, 262.4, 29.6
224,11,03,21,695,49.6, 16.7, 128.0,0.0, 252.2, 0.0,85.0, 262.4, 29.6
225,11,03,22,202,49.6, 16.7, 128.0,0.0, 252.2, 0.0,85.0, 262.4, 29.6
226,11,03,22,709,49.6, 16.7, 128.0,0.0, 252.2, 0.0,85.0, 262.4, 29.6
227,11,03,23,216,49.6, 16.7, 128.0,0.0, 252.2, 0.0,85.0, 262.4, 29.6
228,11,03,23,723,49.6, 16.7, 128.0,0.0, 252.2, 0.0,85.0, 262.4, 29.6
229,11,03,24,229,49.6, 16.7, 128.0,0.0, 252.2, 0.0,85.0, 262.4, 29.6
230,11,03,24,736,49.6, 16.7, 128.0,0.0, 252.2, 0.0,85.0, 262.4, 29.6
231,11,03,25,243,49.6, 16.7, 128.0,0.0, 252.2, 0.0,85.0, 262.4, 29.6
232,11,03,25,750,49.6, 16.7, 128.0,0.0, 252.2, 0.0,85.0, 262.4, 29.6
233,11,03,26,257,49.6, 16.7, 128.0,0.0, 252.2, 0.0,85.0, 262.4, 29.6
234,11,03,26,763,47.8, 16.9, 127.4,0.0, 252.2, 0.0,85.0, 262.4, 29.6
235,11,03,27,286,45.5, 17.0, 126.6,0.0, 247.0, 0.0,87.0, 283.6, 55.9
236,11,03,27,811,45.5, 17.0, 126.6,0.0, 227.1, 0.0,86.5, 307.1, 100.0
237,11,03,28,320,45.4, 17.0, 126.7,0.0, 225.8, 0.0,86.3, 305.7, 100.1
238,11,03,28,828,43.2, 17.2, 127.1,0.0, 228.5, 0.0,85.9, 308.3, 100.2
239,11,03,29,333,43.8, 16.9, 125.2,0.0, 235.1, 0.0,85.6, 314.8, 100.3
240,11,03,29,840,42.9, 17.0, 123.3,0.0, 235.1, 0.0,85.6, 314.8, 100.3
241,11,03,30,347,41.9, 17.1, 122.6,0.0, 235.1, 0.0,85.6, 314.8, 100.3
242,11,03,30,853,41.9, 17.1, 122.6,0.0, 235.1, 0.0,85.6, 314.8, 100.3
243,11,03,31,370,41.9, 17.1, 122.6,0.0, 231.0, 0.0,85.4, 310.6, 100.4
244,11,03,31,878,41.9, 17.1, 122.6,0.0, 231.0, 0.0,85.4, 310.6, 100.4
245,11,03,32,386,41.9, 17.1, 122.6,0.0, 229.4, 0.0,85.3, 309.0, 100.4
246,11,03,32,893,41.9, 17.1, 122.6,0.0, 200.3, 0.0,84.8, 279.7, 100.5
247,11,03,33,400,41.9, 17.1, 122.6,0.0, 226.2, 0.0,84.8, 304.6, 99.5
248,11,03,33,907,40.4, 17.2, 121.1,0.0, 226.2, 0.0,84.8, 304.6, 99.5
249,11,03,34,415,38.6, 17.3, 119.2,0.0, 223.5, 0.0,84.7, 302.9, 100.6
250,11,03,34,921,37.0, 17.5, 117.3,0.0, 218.9, 0.0,84.7, 297.2, 99.5
251,11,03,35,429,36.6, 17.6, 114.9,0.0, 218.9, 0.0,84.7, 297.2, 99.5
252,11,03,35,936,35.8, 17.7, 112.5,0.0, 218.9, 0.0,84.7, 297.2, 99.5
253,11,03,36,442,34.3, 17.7, 110.6,0.0, 218.9, 0.0,84.7, 297.2, 99.5
254,11,03,36,962,33.8, 17.6, 108.1,0.0, 218.7, 0.0,84.7, 297.0, 99.5
255,11,03,37,470,33.2, 17.5, 105.8,0.0, 218.7, 0.0,84.7, 297.0, 99.5
256,11,03,37,976,31.6, 17.4, 103.8,0.0, 218.7, 0.0,84.7, 297.0, 99.5
257,11,03,38,481,30.0, 17.1, 101.9,0.0, 218.7, 0.0,84.7, 297.0, 99.5
258,11,03,39,2,29.4, 17.0, 101.1,0.0, 215.9, 0.0,84.7, 294.2, 99.5
259,11,03,39,509,29.1, 16.9, 100.6,0.0, 214.5, 0.0,84.6, 293.9, 100.6
260,11,03,40,29,27.7, 16.9, 98.4,0.0, 211.4, 0.0,84.4, 290.7, 100.6
261,11,03,40,536,25.5, 16.8, 97.1,0.0, 210.9, 0.0,84.4, 290.2, 100.7
262,11,03,41,56,23.6, 17.0, 95.6,0.0, 210.4, 0.0,84.3, 289.7, 100.7
263,11,03,41,563,22.4, 17.1, 93.4,0.0, 207.6, 0.0,84.1, 286.8, 100.7
264,11,03,42,70,21.3, 17.5, 91.2,0.0, 207.2, 0.0,84.0, 286.4, 100.8
265,11,03,42,590,21.1, 17.6, 90.7,0.0, 205.6, 0.0,83.9, 284.8, 100.8
266,11,03,43,111,20.4, 17.6, 88.8,0.0, 197.7, 0.0,83.6, 276.8, 100.9
267,11,03,43,630,21.1, 17.4, 87.1,0.0, 195.5, 0.0,83.2, 274.5, 101.0
268,11,03,44,150,21.3, 17.4, 84.8,0.0, 195.5, 0.0,83.2, 274.5, 101.0
269,11,03,44,656,21.0, 17.4, 83.8,0.0, 180.8, 0.0,82.7, 259.7, 101.1
270,11,03,45,163,21.0, 17.4, 83.3,0.0, 177.9, 0.0,82.7, 256.0, 100.4
271,11,03,45,670,21.2, 17.4, 80.8,0.0, 175.4, 0.0,82.6, 250.4, 97.3
272,11,03,46,178,21.2, 17.4, 80.4,0.0, 173.3, 0.0,82.3, 251.3, 100.5
273,11,03,46,684,21.2, 17.4, 80.4,0.0, 172.4, 0.0,82.3, 249.7, 99.8
274,11,03,47,187,23.1, 17.7, 80.7,0.0, 172.7, 0.0,82.3, 250.7, 100.5
275,11,03,47,695,24.5, 17.8, 80.9,0.0, 175.3, 0.0,82.3, 254.1, 101.2
276,11,03,48,202,24.6, 17.8, 79.8,0.0, 175.4, 0.0,82.3, 254.2, 101.2
277,11,03,48,709,24.7, 17.8, 78.8,0.0, 174.6, 0.0,82.2, 253.4, 101.2
278,11,03,49,212,24.7, 17.8, 78.8,0.0, 257.3, 0.0,81.5, 335.9, 101.4
279,11,03,49,721,24.9, 17.8, 80.4,0.0, 277.5, 0.0,80.5, 355.9, 101.6
280,11,03,50,227,23.1, 17.6, 82.0,0.0, 268.5, 0.0,80.4, 346.8, 101.6
281,11,03,50,735,21.1, 17.4, 83.6,0.0, 259.1, 0.0,80.3, 336.3, 100.5
282,11,03,51,242,18.8, 17.8, 84.4,0.0, 250.4, 0.0,79.3, 328.5, 101.9
283,11,03,51,750,16.4, 18.0, 85.1,0.0, 236.1, 0.0,78.4, 314.1, 102.0
284,11,03,52,256,14.1, 18.0, 84.0,0.0, 229.4, 0.0,78.2, 307.3, 102.0
285,11,03,52,762,12.1, 18.1, 82.8,0.0, 219.8, 0.0,78.3, 295.8, 100.2
286,11,03,53,281,10.6, 19.4, 81.0,0.0, 210.9, 0.0,77.7, 288.8, 102.1
287,11,03,53,792,9.6, 20.7, 79.1,0.0, 206.2, 0.0,74.6, 283.6, 102.6
288,11,03,54,307,9.1, 21.5, 77.8,0.0, 203.7, 0.0,72.4, 280.9, 102.8
289,11,03,54,812,8.2, 21.6, 77.3,0.0, 165.4, 0.0,70.8, 242.5, 102.9
290,11,03,55,322,7.8, 21.6, 76.6,0.0, 132.6, 0.0,70.9, 209.1, 102.4
291,11,03,55,828,9.6, 22.2, 75.6,0.0, 121.7, 0.0,70.1, 198.7, 103.0
292,11,03,56,336,11.5, 23.6, 74.5,0.0, 115.4, 0.0,68.9, 192.3, 103.0
293,11,03,56,843,13.4, 24.8, 74.2,0.0, 82.4, 0.0,66.1, 159.3, 103.1
294,11,03,57,350,14.1, 24.9, 73.0,0.0, 51.3, 0.0,65.8, 128.1, 103.1
295,11,03,57,857,15.5, 25.5, 74.9,0.0, 29.8, 0.0,64.3, 106.6, 103.1
296,11,03,58,363,16.4, 26.4, 76.5,0.0, 24.8, 0.0,62.7, 101.4, 102.9
297,11,03,58,870,16.6, 27.0, 77.9,0.0, 358.8, 0.0,61.4, 75.7, 103.1
298,11,03,59,377,16.2, 27.0, 79.3,0.0, 323.0, 0.0,59.2, 40.0, 103.0
299,11,03,59,900,14.7, 27.0, 80.1,0.0, 248.6, 0.0,52.3, 326.2, 102.4
300,11,04,00,400,14.6, 27.0, 80.0,0.0, 242.8, 0.0,51.6, 318.6, 100.8
301,11,04,00,903,12.8, 27.2, 78.5,0.0, 220.9, 0.0,45.9, 299.4, 101.4
302,11,04,01,412,12.4, 27.2, 76.8,0.0, 208.2, 0.0,42.4, 286.6, 100.1
303,11,04,01,920,12.5, 27.2, 76.7,0.0, 207.8, 0.0,39.2, 287.9, 99.9
304,11,04,02,440,12.5, 27.2, 76.2,0.0, 190.6, 0.0,25.5, 275.8, 94.8
305,11,04,02,948,12.5, 27.2, 76.2,0.0, 189.2, 0.0,19.7, 277.8, 91.4
306,11,04,03,454,12.5, 27.2, 76.2,0.0, 189.0, 0.0,19.7, 277.5, 91.4
307,11,04,03,975,12.5, 27.2, 76.2,0.0, 186.8, 0.0,19.1, 275.8, 91.0
308,11,04,04,495,12.5, 27.2, 76.2,0.0, 186.5, 0.0,18.9, 275.7, 90.8
309,11,04,05,1,12.5, 27.2, 76.2,0.0, 185.6, 0.0,18.6, 275.0, 90.6
310,11,04,05,509,14.1, 27.2, 76.2,0.0, 177.6, 0.0,8.7, 277.4, 80.2
311,11,04,06,15,14.5, 27.2, 77.0,0.0, 181.9, 0.0,4.8, 291.5, 70.4
312,11,04,06,522,14.5, 27.2, 77.0,0.0, 181.9, 0.0,4.8, 291.5, 70.4
313,11,04,07,29,14.5, 27.2, 77.0,0.0, 181.9, 0.0,4.8, 291.5, 70.4
314,11,04,07,537,14.5, 27.2, 77.0,0.0, 183.3, 0.0,4.4, 291.7, 70.3
315,11,04,08,50,14.5, 27.2, 77.0,0.0, 190.7, 0.0,3.8, 297.2, 70.2
316,11,04,08,561,14.5, 27.2, 77.0,0.0, 197.8, 0.0,3.2, 302.9, 70.1
317,11,04,09,69,14.5, 27.2, 77.0,0.0, 197.8, 0.0,3.2, 302.9, 70.1
318,11,04,09,589,14.5, 27.2, 77.0,0.0, 197.8, 0.0,3.2, 302.9, 70.1
319,11,04,10,108,14.3, 27.2, 77.1,0.0, 197.3, 0.0,3.4, 302.9, 70.1
320,11,04,10,627,12.0, 27.2, 77.8,0.0, 197.1, 0.0,3.4, 302.8, 70.1
321,11,04,11,148,11.6, 27.2, 76.7,0.0, 197.0, 0.0,3.5, 302.8, 70.2
322,11,04,11,655,11.6, 27.2, 76.7,0.0, 196.9, 0.0,3.5, 302.8, 70.2
323,11,04,12,164,11.6, 27.2, 76.7,0.0, 195.8, 0.0,4.6, 307.1, 68.7
324,11,04,12,669,12.3, 27.2, 76.5,0.0, 194.3, 0.0,4.4, 306.9, 67.4
325,11,04,13,176,12.3, 27.2, 76.5,0.0, 193.7, 0.0,4.4, 307.2, 66.5
326,11,04,13,682,12.3, 27.2, 76.5,0.0, 193.4, 0.0,4.4, 307.0, 66.3
327,11,04,14,202,12.3, 27.2, 76.5,0.0, 193.5, 0.0,4.4, 309.3, 64.2
328,11,04,14,709,12.3, 27.2, 76.5,0.0, 193.6, 0.0,4.4, 309.4, 64.1
329,11,04,15,229,12.3, 27.2, 76.5,0.0, 193.6, 0.0,4.4, 309.4, 64.1
330,11,04,15,737,12.3, 27.2, 76.5,0.0, 198.6, 0.0,3.8, 313.2, 64.1
331,11,04,16,243,12.3, 27.2, 76.5,0.0, 199.7, 0.0,3.9, 314.4, 64.1
332,11,04,16,749,12.3, 27.2, 76.5,0.0, 203.8, 0.0,3.2, 317.1, 64.0
333,11,04,17,257,12.3, 27.2, 76.5,0.0, 202.5, 0.0,3.2, 315.8, 64.0
334,11,04,17,764,12.3, 27.2, 76.5,0.0, 202.5, 0.0,3.2, 315.8, 64.0
335,11,04,18,267,12.3, 27.2, 76.5,0.0, 179.0, 0.0,3.7, 293.3, 64.0
336,11,04,18,773,12.3, 27.2, 76.5,0.0, 159.2, 0.0,4.5, 276.6, 62.5
337,11,04,19,282,13.8, 27.2, 77.2,0.0, 151.7, 0.0,4.9, 271.6, 60.1
338,11,04,19,789,14.2, 27.2, 76.4,0.0, 149.7, 0.0,5.1, 270.3, 59.3
339,11,04,20,296,14.2, 27.2, 76.4,0.0, 149.1, 0.0,5.1, 269.9, 59.2
340,11,04,20,803,14.2, 27.2, 76.4,0.0, 158.5, 0.0,4.2, 277.7, 59.1
341,11,04,21,310,14.2, 27.2, 76.4,0.0, 158.5, 0.0,4.2, 277.7, 59.1
342,11,04,21,817,14.2, 27.2, 76.4,0.0, 161.5, 0.0,4.3, 281.0, 59.1
343,11,04,22,321,14.2, 27.2, 76.4,0.0, 193.9, 0.0,4.3, 313.4, 59.1
344,11,04,22,828,14.2, 27.2, 76.4,0.0, 215.8, 0.0,4.0, 334.7, 59.1
345,11,04,23,335,13.0, 27.2, 77.2,0.0, 215.8, 0.0,4.0, 334.7, 59.1
346,11,04,23,842,13.0, 27.2, 77.2,0.0, 244.4, 0.0,5.2, 5.6, 58.8
347,11,04,24,349,13.0, 27.2, 77.2,0.0, 321.8, 0.0,6.6, 87.1, 54.7
348,11,04,24,856,13.0, 27.2, 77.2,0.0, 344.9, 0.0,7.6, 112.4, 52.5
349,11,04,25,363,13.0, 27.2, 77.2,0.0, 345.2, 0.0,7.6, 112.7, 52.5
350,11,04,25,868,13.0, 27.2, 77.2,0.0, 346.0, 0.0,7.7, 113.8, 52.2
351,11,04,26,375,13.0, 27.2, 77.2,0.0, 345.8, 0.0,7.8, 113.7, 52.1
352,11,04,26,883,13.0, 27.2, 77.2,0.0, 294.5, 0.0,5.3, 59.3, 51.4
353,11,04,27,384,13.0, 27.2, 77.2,0.0, 251.9, 0.0,5.1, 16.6, 51.4
354,11,04,27,896,13.0, 27.2, 77.2,0.0, 207.4, 0.0,8.1, 335.9, 51.5
355,11,04,28,398,13.0, 27.2, 77.2,0.0, 199.3, 0.0,8.7, 329.0, 49.9
356,11,04,28,906,12.4, 27.2, 77.4,0.0, 195.8, 0.0,9.0, 325.9, 49.8
357,11,04,29,427,13.3, 27.2, 77.0,0.0, 199.4, 0.0,9.4, 330.2, 49.2
358,11,04,29,947,13.0, 27.2, 76.0,0.0, 188.3, 0.0,11.1, 321.4, 46.9
359,11,04,30,468,13.0, 27.2, 76.0,0.0, 186.2, 0.0,11.5, 319.9, 46.3
360,11,04,30,975,11.5, 27.2, 76.8,0.0, 171.5, 0.0,12.5, 306.3, 45.2
361,11,04,31,482,11.5, 27.2, 76.8,0.0, 162.6, 0.0,13.8, 298.8, 43.8
362,11,04,32,1,11.5, 27.2, 76.8,0.0, 160.8, 0.0,13.5, 296.7, 43.7
363,11,04,32,521,11.5, 27.2, 76.8,0.0, 167.1, 0.0,14.3, 303.9, 43.2
364,11,04,33,30,12.3, 27.2, 77.0,0.0, 167.7, 0.0,14.9, 305.1, 42.6
365,11,04,33,537,12.8, 27.2, 76.2,0.0, 167.7, 0.0,14.9, 305.1, 42.6
366,11,04,34,43,13.0, 27.2, 75.9,0.0, 167.3, 0.0,15.1, 304.9, 42.4
367,11,04,34,549,12.5, 27.2, 76.2,0.0, 165.9, 0.0,15.4, 303.8, 42.1
368,11,04,35,56,12.5, 27.2, 76.2,0.0, 164.5, 0.0,15.4, 302.4, 42.1
369,11,04,35,565,12.5, 27.2, 76.2,0.0, 164.2, 0.0,15.5, 302.2, 42.0
370,11,04,36,83,12.5, 27.2, 76.2,0.0, 162.6, 0.0,15.5, 300.6, 41.9
371,11,04,36,590,12.5, 27.2, 76.2,0.0, 159.6, 0.0,15.7, 297.8, 41.8
372,11,04,37,97,12.5, 27.2, 76.2,0.0, 159.6, 0.0,15.7, 297.8, 41.8
373,11,04,37,603,12.5, 27.2, 76.2,0.0, 170.0, 0.0,14.8, 307.3, 41.6
374,11,04,38,110,12.5, 27.2, 76.2,0.0, 179.1, 0.0,15.3, 316.9, 41.7
375,11,04,38,617,12.5, 27.2, 76.2,0.0, 179.1, 0.0,15.3, 316.9, 41.7
376,11,04,39,124,12.5, 27.2, 76.2,0.0, 179.1, 0.0,15.3, 316.9, 41.7
377,11,04,39,642,13.0, 27.2, 76.2,0.0, 182.1, 0.0,15.2, 319.9, 41.7
378,11,04,40,148,13.0, 27.2, 76.2,0.0, 186.0, 0.0,16.1, 324.6, 41.4
379,11,04,40,660,13.0, 27.2, 76.2,0.0, 174.6, 0.0,17.2, 314.2, 40.4
380,11,04,41,175,13.0, 27.2, 76.2,0.0, 174.1, 0.0,16.8, 313.3, 40.3
381,11,04,41,695,13.0, 27.2, 76.2,0.0, 174.1, 0.0,16.8, 313.3, 40.3
382,11,04,42,202,13.0, 27.2, 76.2,0.0, 180.1, 0.0,15.9, 318.5, 40.1
383,11,04,42,709,13.0, 27.2, 76.2,0.0, 180.1, 0.0,15.9, 318.5, 40.1
384,11,04,43,218,13.0, 27.2, 76.2,0.0, 180.1, 0.0,15.9, 318.5, 40.1
385,11,04,43,723,13.0, 27.2, 76.2,0.0, 180.2, 0.0,16.0, 318.7, 40.1
386,11,04,44,231,13.0, 27.2, 76.2,0.0, 180.2, 0.0,16.0, 318.7, 40.1
387,11,04,44,738,13.0, 27.2, 76.2,0.0, 180.2, 0.0,16.0, 318.7, 40.1
388,11,04,45,245,13.0, 27.2, 76.2,0.0, 179.0, 0.0,15.9, 317.4, 40.1
389,11,04,45,751,13.0, 27.2, 76.2,0.0, 178.9, 0.0,15.6, 317.0, 40.0
390,11,04,46,254,13.0, 27.2, 76.2,0.0, 173.8, 0.0,16.2, 312.5, 40.2
391,11,04,46,762,13.0, 27.2, 76.2,0.0, 172.6, 0.0,15.6, 310.7, 40.0
392,11,04,47,282,13.0, 27.2, 76.2,0.0, 172.1, 0.0,15.5, 310.2, 40.0
393,11,04,47,789,13.0, 27.2, 76.2,0.0, 172.1, 0.0,15.4, 310.0, 40.0
394,11,04,48,296,13.0, 27.2, 76.2,0.0, 172.1, 0.0,15.4, 310.0, 40.0
395,11,04,48,803,13.0, 27.2, 76.2,0.0, 172.1, 0.0,15.4, 310.0, 40.0
396,11,04,49,308,13.0, 27.2, 76.2,0.0, 164.6, 0.0,16.2, 303.3, 40.2
397,11,04,49,815,13.5, 27.2, 75.6,0.0, 146.8, 0.0,17.4, 286.5, 40.1
398,11,04,50,322,14.1, 27.2, 76.3,0.0, 145.2, 0.0,23.9, 289.8, 35.4
399,11,04,50,829,14.1, 27.2, 76.3,0.0, 132.8, 0.0,29.0, 280.3, 32.4
400,11,04,51,336,14.1, 27.2, 76.3,0.0, 59.6, 0.0,31.8, 208.6, 31.0
401,11,04,51,843,15.1, 27.4, 77.9,0.0, 0.1, 0.0,34.9, 150.6, 29.5
402,11,04,52,370,14.9, 27.0, 79.6,0.0, 304.0, 0.0,41.6, 97.2, 26.8
403,11,04,52,880,14.9, 27.0, 79.6,0.0, 304.2, 0.0,44.4, 98.4, 25.8
404,11,04,53,388,14.6, 27.0, 80.3,0.0, 341.5, 0.0,48.7, 137.1, 24.4
405,11,04,53,896,14.0, 27.0, 80.8,0.0, 349.6, 0.0,49.7, 145.5, 24.1
406,11,04,54,403,14.0, 27.0, 80.8,0.0, 103.6, 0.0,55.1, 261.1, 22.5
407,11,04,54,908,14.0, 27.0, 80.8,0.0, 156.8, 0.0,60.8, 315.7, 21.1
408,11,04,55,412,15.4, 27.0, 80.0,0.0, 157.1, 0.0,64.3, 316.8, 20.3
409,11,04,55,919,17.2, 27.0, 78.2,0.0, 192.1, 0.0,73.8, 353.7, 18.3
410,11,04,56,426,16.3, 26.3, 76.4,0.0, 213.4, 0.0,79.4, 15.9, 17.2
411,11,04,56,933,14.7, 25.3, 74.8,0.0, 256.2, 0.0,85.7, 59.8, 16.4
412,11,04,57,441,12.9, 24.5, 74.0,0.0, 293.9, 0.0,89.2, 278.2, 195.7
413,11,04,57,948,10.9, 23.2, 74.8,0.0, 302.2, 0.0,89.5, 54.4, 323.4
414,11,04,58,455,9.5, 21.9, 76.4,0.0, 357.8, 0.0,86.0, 342.5, 195.2
415,11,04,58,962,8.8, 21.3, 78.3,0.0, 29.8, 0.0,84.0, 14.8, 195.0
416,11,04,59,469,10.2, 20.1, 80.0,0.0, 55.8, 0.0,84.4, 43.2, 197.3
417,11,04,59,974,11.7, 18.9, 81.6,0.0, 104.1, 0.0,77.8, 89.8, 194.3
418,11,05,00,480,13.8, 17.8, 81.8,0.0, 145.4, 0.0,78.9, 132.5, 195.7
419,11,05,00,987,15.0, 17.9, 81.9,0.0, 115.6, 0.0,82.2, 109.7, 202.6
420,11,05,01,496,16.8, 17.9, 82.2,0.0, 147.3, 0.0,75.0, 134.3, 194.8
421,11,05,02,6,18.1, 17.9, 79.9,0.0, 170.8, 0.0,68.0, 157.5, 193.3
422,11,05,02,519,19.5, 17.6, 78.0,0.0, 210.5, 0.0,63.7, 197.7, 193.0
423,11,05,03,29,19.0, 17.7, 75.7,0.0, 243.1, 0.0,60.7, 230.4, 192.7
424,11,05,03,535,17.5, 17.9, 73.8,0.0, 262.1, 0.0,56.9, 249.8, 192.4
425,11,05,04,43,16.1, 17.8, 74.3,0.0, 280.8, 0.0,52.9, 268.7, 192.1
426,11,05,04,551,14.4, 17.8, 74.1,0.0, 289.3, 0.0,47.6, 277.5, 191.8
427,11,05,05,57,12.9, 17.8, 74.2,0.0, 312.7, 0.0,44.5, 301.1, 191.6
428,11,05,05,581,11.4, 18.0, 74.6,0.0, 260.6, 0.0,48.6, 250.3, 192.5
429,11,05,06,82,11.2, 18.2, 74.4,0.0, 233.4, 0.0,51.8, 224.3, 193.4
430,11,05,06,588,9.7, 18.3, 73.0,0.0, 220.3, 0.0,38.5, 209.0, 191.3
431,11,05,07,95,10.4, 18.2, 72.1,0.0, 218.0, 0.0,32.0, 207.0, 191.0
432,11,05,07,602,9.9, 18.4, 71.5,0.0, 216.0, 0.0,28.0, 205.2, 190.8
433,11,05,08,109,9.9, 18.4, 71.5,0.0, 176.5, 0.0,21.4, 165.9, 190.6
434,11,05,08,615,10.7, 18.3, 71.1,0.0, 187.5, 0.0,3.1, 177.2, 190.3
435,11,05,09,124,10.7, 18.3, 71.1,0.0, 200.6, 0.0,341.5, 190.0, 190.6
436,11,05,09,643,10.7, 18.3, 71.1,0.0, 199.5, 0.0,340.2, 188.8, 190.7
437,11,05,10,148,10.7, 18.3, 71.1,0.0, 193.2, 0.0,329.6, 181.9, 191.2
438,11,05,10,657,9.7, 18.4, 71.7,0.0, 190.6, 0.0,316.7, 178.0, 192.6
439,11,05,11,163,9.7, 18.4, 71.7,0.0, 185.3, 0.0,304.0, 169.9, 195.4
440,11,05,11,670,10.5, 18.3, 71.4,0.0, 178.4, 0.0,297.8, 160.6, 197.7
441,11,05,12,178,12.2, 18.0, 71.9,0.0, 153.8, 0.0,297.8, 136.2, 197.6
442,11,05,12,685,13.4, 18.3, 69.8,0.0, 169.5, 0.0,294.7, 150.0, 199.4
443,11,05,13,196,15.9, 18.3, 69.7,0.0, 182.7, 0.0,287.6, 156.8, 205.9
444,11,05,13,696,16.6, 18.4, 69.7,0.0, 184.9, 0.0,284.7, 154.3, 210.6
445,11,05,14,205,16.5, 18.4, 69.6,0.0, 197.8, 0.0,285.4, 40.3, 337.5
446,11,05,14,709,16.2, 18.6, 68.7,0.0, 195.8, 0.0,298.6, 26.3, 349.5
447,11,05,15,217,16.2, 18.6, 68.7,0.0, 194.4, 0.0,299.3, 24.6, 349.7
448,11,05,15,723,16.2, 18.6, 68.7,0.0, 194.4, 0.0,299.3, 24.6, 349.7
449,11,05,16,231,17.9, 18.8, 68.3,0.0, 194.3, 0.0,299.8, 24.3, 349.9
450,11,05,16,739,18.8, 18.7, 66.9,0.0, 190.3, 0.0,302.4, 19.3, 351.0
451,11,05,17,245,18.8, 18.7, 66.9,0.0, 189.5, 0.0,303.6, 18.1, 351.4
452,11,05,17,749,18.8, 18.7, 66.9,0.0, 231.8, 0.0,311.7, 58.3, 353.5
453,11,05,18,255,18.8, 18.7, 66.9,0.0, 302.9, 0.0,319.0, 128.1, 354.9
454,11,05,18,763,17.1, 18.8, 67.9,0.0, 298.7, 0.0,319.7, 123.8, 354.9
455,11,05,19,271,15.2, 18.4, 69.4,0.0, 298.7, 0.0,319.7, 123.8, 354.9
456,11,05,19,778,12.9, 18.2, 70.5,0.0, 298.3, 0.0,320.1, 123.3, 355.0
457,11,05,20,285,10.7, 18.2, 71.7,0.0, 298.3, 0.0,320.1, 123.3, 355.0
458,11,05,20,792,8.5, 18.5, 72.9,0.0, 296.5, 0.0,321.9, 121.3, 355.2
459,11,05,21,299,6.1, 18.9, 74.0,0.0, 290.0, 0.0,332.1, 113.7, 356.2
460,11,05,21,806,3.8, 19.2, 74.8,0.0, 284.6, 0.0,339.9, 107.7, 356.9
461,11,05,22,310,1.8, 19.1, 76.0,0.0, 247.1, 0.0,343.2, 70.0, 357.1
462,11,05,22,820,-0.6, 18.8, 76.5,0.0, 226.3, 0.0,349.2, 48.9, 357.4
463,11,05,23,321,-2.2, 18.4, 74.6,0.0, 217.4, 0.0,3.4, 39.4, 358.0
464,11,05,23,829,-3.8, 18.0, 72.7,0.0, 218.4, 0.0,9.6, 40.2, 358.2
465,11,05,24,336,-5.2, 17.8, 70.6,0.0, 207.2, 0.0,13.5, 28.9, 358.3
466,11,05,24,843,-6.4, 17.5, 68.4,0.0, 207.2, 0.0,13.5, 28.9, 358.3
467,11,05,25,351,-7.6, 17.1, 66.2,0.0, 206.9, 0.0,13.6, 28.6, 358.3
468,11,05,25,857,-8.6, 16.8, 63.9,0.0, 202.3, 0.0,24.5, 23.7, 358.6
469,11,05,26,363,-9.6, 16.4, 61.6,0.0, 201.8, 0.0,25.1, 23.2, 358.6
470,11,05,26,870,-10.6, 15.9, 59.3,0.0, 201.8, 0.0,25.1, 23.2, 358.6
471,11,05,27,377,-11.5, 15.2, 57.1,0.0, 201.8, 0.0,25.1, 23.2, 358.6
472,11,05,27,884,-12.3, 14.5, 55.2,0.0, 201.8, 0.0,25.1, 23.2, 358.6
473,11,05,28,412,-12.9, 14.0, 53.8,0.0, 188.7, 0.0,22.1, 10.2, 358.6
474,11,05,28,922,-13.1, 13.1, 51.4,0.0, 183.6, 0.0,19.7, 5.2, 358.6
475,11,05,29,429,-13.2, 12.2, 49.0,0.0, 183.2, 0.0,19.4, 4.8, 358.6
476,11,05,29,936,-13.1, 11.4, 46.6,0.0, 173.4, 0.0,17.6, 355.0, 358.6
477,11,05,30,442,-13.3, 11.4, 46.5,0.0, 141.6, 0.0,12.7, 323.3, 358.7
478,11,05,30,949,-13.0, 11.1, 44.6,0.0, 138.6, 0.0,12.9, 320.3, 358.7
479,11,05,31,456,-11.8, 11.4, 43.2,0.0, 136.3, 0.0,14.1, 318.0, 358.7
480,11,05,31,964,-11.4, 11.4, 42.8,0.0, 134.3, 0.0,14.5, 316.0, 358.7
481,11,05,32,471,-11.0, 11.4, 42.4,0.0, 134.3, 0.0,14.5, 316.0, 358.7
482,11,05,32,978,-11.0, 11.4, 42.4,0.0, 134.3, 0.0,14.5, 316.0, 358.7
483,11,05,33,485,-10.5, 11.3, 41.9,0.0, 134.3, 0.0,14.5, 316.0, 358.7
484,11,05,33,991,-8.7, 11.3, 40.2,0.0, 134.3, 0.0,14.5, 316.0, 358.7
485,11,05,34,498,-8.4, 11.2, 40.0,0.0, 135.7, 0.0,14.0, 317.4, 358.7
486,11,05,35,5,-8.4, 11.2, 40.0,0.0, 146.6, 0.0,12.3, 328.3, 358.7
487,11,05,35,511,-8.4, 11.2, 40.0,0.0, 158.8, 0.0,10.2, 340.6, 358.7
488,11,05,36,17,-8.4, 11.2, 40.0,0.0, 165.5, 0.0,8.7, 347.3, 358.7
489,11,05,36,522,-8.4, 11.2, 40.0,0.0, 197.5, 0.0,9.9, 19.3, 358.7
490,11,05,37,29,-8.4, 11.2, 40.0,0.0, 206.6, 0.0,10.6, 28.4, 358.7
491,11,05,37,536,-8.4, 11.2, 40.0,0.0, 214.3, 0.0,12.1, 36.0, 358.7
492,11,05,38,43,-8.4, 11.2, 40.0,0.0, 224.2, 0.0,13.3, 45.9, 358.7
493,11,05,38,551,-8.4, 11.2, 40.0,0.0, 227.0, 0.0,14.0, 48.7, 358.7
494,11,05,39,58,-8.4, 11.2, 40.0,0.0, 230.4, 0.0,26.3, 51.8, 358.6
495,11,05,39,565,-10.2, 10.7, 38.6,0.0, 232.5, 0.0,39.4, 53.7, 358.8
496,11,05,40,72,-10.9, 10.5, 38.2,0.0, 231.1, 0.0,42.6, 52.2, 358.9
497,11,05,40,578,-11.3, 10.6, 38.7,0.0, 230.9, 0.0,42.8, 52.0, 358.9
498,11,05,41,85,-13.5, 10.5, 39.9,0.0, 228.7, 0.0,49.4, 49.7, 359.0
499,11,05,41,592,-15.9, 10.4, 39.4,0.0, 223.7, 0.0,63.6, 44.6, 359.1
500,11,05,42,99,-17.4, 10.2, 37.8,0.0, 218.2, 0.0,70.2, 39.0, 359.2
501,11,05,42,603,-19.8, 10.1, 38.5,0.0, 181.6, 0.0,83.0, 2.3, 359.3
502,11,05,43,112,-21.9, 10.0, 37.4,0.0, 172.6, 0.0,89.9, 354.0, 0.0
503,11,05,43,616,-23.5, 10.2, 36.1,0.0, 167.5, 0.0,85.1, 168.1, 179.3
504,11,05,44,121,-23.5, 10.2, 36.1,0.0, 145.0, 0.0,65.1, 145.5, 179.4
505,11,05,44,628,-21.4, 10.0, 37.4,0.0, 159.7, 0.0,59.6, 160.2, 179.5
506,11,05,45,136,-19.8, 10.1, 36.3,0.0, 173.0, 0.0,40.6, 173.5, 179.5
507,11,05,45,642,-19.7, 10.0, 35.2,0.0, 178.6, 0.0,40.0, 179.0, 179.5
508,11,05,46,150,-19.7, 10.0, 35.2,0.0, 239.6, 0.0,38.0, 240.1, 179.5
509,11,05,46,657,-20.1, 10.1, 35.8,0.0, 247.1, 0.0,37.8, 247.6, 179.5
510,11,05,47,165,-22.5, 10.1, 35.1,0.0, 253.9, 0.0,33.9, 254.4, 179.5
511,11,05,47,671,-24.5, 10.1, 33.6,0.0, 284.1, 0.0,22.8, 284.5, 179.5
512,11,05,48,178,-26.7, 10.2, 32.6,0.0, 287.5, 0.0,21.5, 287.9, 179.5
513,11,05,48,685,-29.2, 10.5, 33.4,0.0, 290.6, 0.0,18.5, 291.0, 179.6
514,11,05,49,191,-29.5, 10.5, 33.6,0.0, 291.7, 0.0,19.0, 292.1, 179.5
515,11,05,49,698,-29.5, 10.5, 33.6,0.0, 301.5, 0.0,33.2, 301.8, 179.5
516,11,05,50,208,-29.5, 10.5, 33.6,0.0, 207.0, 0.0,38.8, 207.2, 179.5
517,11,05,50,710,-29.5, 10.5, 33.6,0.0, 190.9, 0.0,41.0, 191.1, 179.4
518,11,05,51,216,-30.0, 10.5, 31.4,0.0, 197.2, 0.0,42.9, 197.4, 179.4
519,11,05,51,724,-30.0, 10.5, 31.2,0.0, 212.1, 0.0,40.7, 212.3, 179.4
520,11,05,52,232,-30.0, 10.5, 31.2,0.0, 175.1, 0.0,41.5, 175.3, 179.4
521,11,05,52,734,-30.0, 10.5, 31.2,0.0, 152.3, 0.0,43.6, 152.5, 179.4
522,11,05,53,242,-30.0, 10.5, 31.2,0.0, 151.1, 0.0,43.6, 151.3, 179.4
523,11,05,53,749,-29.9, 10.5, 31.0,0.0, 151.1, 0.0,43.6, 151.3, 179.4
524,11,05,54,257,-28.7, 10.4, 28.8,0.0, 151.1, 0.0,43.6, 151.3, 179.4
525,11,05,54,765,-28.6, 10.5, 26.3,0.0, 151.1, 0.0,43.6, 151.3, 179.4
526,11,05,55,272,-28.7, 10.5, 25.4,0.0, 151.1, 0.0,43.6, 151.3, 179.4
527,11,05,55,779,-28.7, 10.5, 25.4,0.0, 151.2, 0.0,43.5, 151.4, 179.4
528,11,05,56,286,-28.7, 10.5, 25.4,0.0, 151.6, 0.0,43.5, 151.8, 179.4
529,11,05,56,793,-28.7, 10.5, 25.4,0.0, 151.6, 0.0,43.5, 151.8, 179.4
530,11,05,57,299,-28.7, 10.5, 25.4,0.0, 153.1, 0.0,43.9, 153.3, 179.4
531,11,05,57,806,-28.7, 10.5, 25.4,0.0, 154.4, 0.0,44.1, 154.6, 179.4
532,11,05,58,313,-28.7, 10.5, 25.4,0.0, 164.0, 0.0,44.6, 164.2, 179.4
533,11,05,58,819,-28.7, 10.5, 25.4,0.0, 164.0, 0.0,44.6, 164.2, 179.4
534,11,05,59,326,-28.6, 10.6, 24.9,0.0, 164.1, 0.0,43.6, 164.3, 179.4
535,11,05,59,833,-28.3, 10.7, 23.9,0.0, 164.1, 0.0,43.6, 164.3, 179.4
536,11,06,00,338,-28.3, 10.7, 23.9,0.0, 198.7, 0.0,41.0, 198.9, 179.4
537,11,06,00,846,-28.3, 10.7, 23.9,0.0, 198.7, 0.0,41.0, 198.9, 179.4
538,11,06,01,349,-28.3, 10.7, 23.9,0.0, 221.2, 0.0,37.7, 221.4, 179.5
539,11,06,01,857,-28.3, 10.7, 23.9,0.0, 221.2, 0.0,37.7, 221.4, 179.5
540,11,06,02,364,-28.3, 10.7, 23.9,0.0, 221.6, 0.0,37.4, 221.9, 179.5
541,11,06,02,871,-28.3, 10.7, 23.9,0.0, 221.3, 0.0,36.0, 221.6, 179.5
542,11,06,03,378,-28.3, 10.7, 23.9,0.0, 220.5, 0.0,36.6, 220.8, 179.5
543,11,06,03,885,-28.3, 10.7, 23.9,0.0, 219.2, 0.0,37.3, 219.5, 179.5
544,11,06,04,391,-28.3, 10.7, 23.9,0.0, 188.7, 0.0,37.2, 189.0, 179.5
545,11,06,04,897,-28.3, 10.7, 23.7,0.0, 161.7, 0.0,36.6, 162.0, 179.5
546,11,06,05,405,-27.0, 10.8, 21.4,0.0, 143.4, 0.0,37.5, 143.6, 179.5
547,11,06,05,910,-25.4, 10.7, 19.5,0.0, 138.8, 0.0,37.9, 139.0, 179.5
548,11,06,06,417,-23.8, 10.6, 17.7,0.0, 138.2, 0.0,37.4, 138.5, 179.5
549,11,06,06,924,-22.0, 10.7, 15.7,0.0, 137.7, 0.0,38.1, 137.9, 179.5
550,11,06,07,431,-20.4, 10.7, 13.9,0.0, 137.1, 0.0,36.5, 137.4, 179.5
551,11,06,07,938,-18.4, 10.9, 12.4,0.0, 136.4, 0.0,36.5, 136.7, 179.5
552,11,06,08,445,-16.8, 11.2, 10.5,0.0, 146.0, 0.0,36.1, 146.3, 179.5
553,11,06,08,952,-15.2, 11.3, 8.5,0.0, 139.5, 0.0,33.8, 139.8, 179.5
554,11,06,09,462,-14.2, 11.3, 7.3,0.0, 133.4, 0.0,29.8, 133.7, 179.5
555,11,06,09,962,-14.2, 11.3, 7.3,0.0, 130.6, 0.0,21.1, 131.0, 179.5
556,11,06,10,469,-12.8, 11.3, 6.1,0.0, 131.6, 0.0,20.7, 132.0, 179.5
557,11,06,10,976,-11.1, 11.4, 4.6,0.0, 131.6, 0.0,20.7, 132.0, 179.5
558,11,06,11,484,-9.7, 11.5, 5.1,0.0, 132.4, 0.0,21.0, 132.8, 179.5
559,11,06,11,991,-8.2, 11.7, 3.2,0.0, 144.4, 0.0,22.9, 144.8, 179.5
560,11,06,12,498,-6.6, 11.8, 1.2,0.0, 134.3, 0.0,24.6, 134.7, 179.5
561,11,06,13,2,-4.9, 12.0, -0.6,0.0, 128.5, 0.0,26.1, 128.9, 179.5
562,11,06,13,511,-4.7, 12.4, -3.1,0.0, 141.7, 0.0,27.9, 142.1, 179.5
563,11,06,14,18,-3.2, 12.9, -5.0,0.0, 139.7, 0.0,28.6, 140.0, 179.5
564,11,06,14,525,-1.5, 13.3, -6.9,0.0, 138.9, 0.0,28.6, 139.2, 179.5
565,11,06,15,33,0.1, 13.9, -8.7,0.0, 137.1, 0.0,28.6, 137.4, 179.5
566,11,06,15,539,1.7, 14.4, -10.5,0.0, 135.8, 0.0,28.9, 136.1, 179.5
567,11,06,16,47,2.0, 14.5, -10.8,0.0, 135.7, 0.0,31.5, 136.0, 179.5
568,11,06,16,553,2.0, 14.5, -10.8,0.0, 135.5, 0.0,32.9, 135.8, 179.5
569,11,06,17,60,2.0, 14.5, -10.8,0.0, 135.6, 0.0,38.3, 135.8, 179.5
570,11,06,17,565,2.0, 14.5, -10.8,0.0, 135.5, 0.0,39.6, 135.7, 179.4
571,11,06,18,72,1.1, 14.4, -12.0,0.0, 135.5, 0.0,39.6, 135.7, 179.4
572,11,06,18,579,2.4, 14.9, -14.0,0.0, 138.8, 0.0,40.2, 139.0, 179.4
573,11,06,19,86,3.2, 15.3, -15.1,0.0, 144.2, 0.0,38.4, 144.4, 179.5
574,11,06,19,592,3.9, 15.7, -16.8,0.0, 142.0, 0.0,23.2, 142.4, 179.5
575,11,06,20,99,3.0, 15.7, -18.7,0.0, 140.2, 0.0,12.6, 140.6, 179.6
576,11,06,20,606,3.1, 15.8, -18.8,0.0, 136.0, 0.0,12.1, 136.4, 179.6
577,11,06,21,112,3.1, 15.8, -18.8,0.0, 133.2, 0.0,9.8, 133.6, 179.6
578,11,06,21,619,3.1, 15.8, -18.8,0.0, 127.4, 0.0,0.9, 127.8, 179.6
579,11,06,22,126,4.4, 16.1, -20.7,0.0, 155.8, 0.0,355.4, 156.2, 179.6
580,11,06,22,633,5.6, 16.5, -22.8,0.0, 128.7, 0.0,356.1, 129.1, 179.6
581,11,06,23,140,7.6, 16.8, -24.3,0.0, 128.4, 0.0,356.2, 128.8, 179.6
582,11,06,23,647,10.1, 17.0, -24.1,0.0, 109.4, 0.0,357.0, 109.8, 179.6
583,11,06,24,154,12.2, 17.0, -22.7,0.0, 101.0, 0.0,353.2, 101.4, 179.6
584,11,06,24,660,14.2, 17.0, -22.3,0.0, 102.4, 0.0,354.6, 102.8, 179.6
585,11,06,25,167,15.8, 17.1, -20.6,0.0, 104.4, 0.0,353.4, 104.8, 179.6
586,11,06,25,674,17.8, 17.0, -19.2,0.0, 100.8, 0.0,353.7, 101.2, 179.6
587,11,06,26,180,20.0, 16.5, -18.1,0.0, 105.7, 0.0,353.0, 106.1, 179.6
588,11,06,26,687,22.0, 16.4, -18.7,0.0, 118.3, 0.0,351.8, 118.7, 179.6
589,11,06,27,193,23.8, 16.2, -20.0,0.0, 125.8, 0.0,351.2, 126.2, 179.6
590,11,06,27,700,24.9, 16.8, -18.4,0.0, 130.7, 0.0,349.4, 131.1, 179.6
591,11,06,28,206,24.2, 16.4, -19.2,0.0, 132.4, 0.0,349.4, 132.8, 179.6
592,11,06,28,714,24.0, 16.2, -21.0,0.0, 132.8, 0.0,349.1, 133.2, 179.6
593,11,06,29,221,25.4, 16.4, -20.6,0.0, 114.1, 0.0,347.7, 114.5, 179.6
594,11,06,29,727,26.6, 17.0, -18.4,0.0, 124.0, 0.0,343.8, 124.4, 179.6
595,11,06,30,234,28.2, 16.9, -16.5,0.0, 127.5, 0.0,337.6, 127.9, 179.5
596,11,06,30,741,30.3, 16.8, -17.6,0.0, 129.0, 0.0,335.2, 129.4, 179.5
597,11,06,31,247,30.5, 16.8, -17.7,0.0, 134.1, 0.0,334.2, 134.5, 179.5
598,11,06,31,754,30.5, 16.8, -17.7,0.0, 133.9, 0.0,327.9, 134.4, 179.5
599,11,06,32,260,31.1, 16.8, -18.5,0.0, 142.1, 0.0,315.4, 142.6, 179.5
600,11,06,32,767,32.0, 16.7, -18.7,0.0, 139.3, 0.0,304.7, 139.9, 179.4
601,11,06,33,274,33.9, 16.4, -17.5,0.0, 152.6, 0.0,299.3, 153.3, 179.3
602,11,06,33,780,32.6, 16.6, -18.1,0.0, 152.9, 0.0,298.8, 153.6, 179.3
603,11,06,34,287,32.6, 16.6, -18.1,0.0, 153.6, 0.0,288.3, 154.6, 179.0
604,11,06,34,794,33.2, 16.7, -19.3,0.0, 153.9, 0.0,286.8, 155.0, 178.9
605,11,06,35,300,33.2, 16.7, -19.4,0.0, 155.7, 0.0,286.1, 156.8, 178.8
606,11,06,35,807,33.2, 16.7, -19.4,0.0, 150.6, 0.0,284.5, 151.9, 178.7
607,11,06,36,314,33.2, 16.7, -19.4,0.0, 151.5, 0.0,284.4, 152.8, 178.7
608,11,06,36,820,33.2, 16.7, -19.4,0.0, 152.6, 0.0,274.8, 156.1, 176.5
609,11,06,37,327,33.2, 16.7, -19.4,0.0, 151.8, 0.0,274.2, 155.8, 176.0
610,11,06,37,834,34.8, 16.7, -18.5,0.0, 151.6, 0.0,272.2, 159.2, 172.4
611,11,06,38,340,34.8, 16.7, -18.5,0.0, 151.4, 0.0,270.3, 213.9, 117.5
612,11,06,38,847,35.7, 17.0, -19.8,0.0, 147.0, 0.0,281.4, 325.7, 1.3
613,11,06,39,354,37.4, 17.0, -19.0,0.0, 160.1, 0.0,285.9, 339.2, 0.9
614,11,06,39,860,38.0, 16.9, -18.8,0.0, 177.7, 0.0,289.9, 357.0, 0.7
615,11,06,40,367,38.0, 16.9, -18.8,0.0, 182.3, 0.0,288.8, 1.6, 0.7
616,11,06,40,873,38.0, 16.9, -18.8,0.0, 178.8, 0.0,278.9, 357.3, 1.5
617,11,06,41,377,38.0, 16.9, -18.8,0.0, 165.0, 0.0,274.5, 342.0, 3.0
618,11,06,41,885,37.0, 17.0, -19.5,0.0, 127.8, 0.0,289.5, 307.1, 0.7
619,11,06,42,392,37.7, 17.0, -19.8,0.0, 115.8, 0.0,294.9, 295.3, 0.5
620,11,06,42,899,37.7, 17.0, -19.8,0.0, 115.7, 0.0,295.9, 295.2, 0.5
621,11,06,43,402,37.7, 17.0, -19.8,0.0, 44.3, 0.0,311.0, 224.0, 0.3
622,11,06,43,925,37.7, 17.0, -19.8,0.0, 6.5, 0.0,316.6, 186.2, 0.2
623,11,06,44,429,37.5, 17.0, -19.8,0.0, 356.1, 0.0,317.1, 175.9, 0.2
624,11,06,44,935,36.2, 17.0, -20.0,0.0, 356.6, 0.0,314.7, 176.3, 0.2
625,11,06,45,444,36.1, 17.0, -19.9,0.0, 28.0, 0.0,319.9, 207.8, 0.2
626,11,06,45,951,35.6, 17.1, -19.0,0.0, 65.5, 0.0,323.2, 245.3, 0.2
627,11,06,46,459,36.8, 16.9, -18.6,0.0, 78.4, 0.0,325.6, 258.2, 0.2
628,11,06,46,966,36.8, 16.9, -18.6,0.0, 114.5, 0.0,327.7, 294.3, 0.2
629,11,06,47,471,38.8, 17.0, -19.5,0.0, 114.2, 0.0,328.2, 294.0, 0.2
630,11,06,47,977,39.3, 17.0, -19.7,0.0, 45.9, 0.0,322.2, 225.7, 0.2
631,11,06,48,486,39.3, 17.0, -19.7,0.0, 25.8, 0.0,320.1, 205.6, 0.2
632,11,06,48,990,39.3, 17.0, -19.7,0.0, 8.5, 0.0,320.1, 188.3, 0.2
633,11,06,49,496,39.3, 17.0, -19.7,0.0, 4.1, 0.0,320.1, 183.9, 0.2
634,11,06,50,4,39.3, 17.0, -19.7,0.0, 4.1, 0.0,320.1, 183.9, 0.2
635,11,06,50,512,39.2, 16.9, -19.0,0.0, 4.0, 0.0,320.2, 183.8, 0.2
636,11,06,51,18,39.2, 16.9, -19.0,0.0, 4.0, 0.0,320.2, 183.8, 0.2
637,11,06,51,526,39.2, 16.9, -19.0,0.0, 4.0, 0.0,320.2, 183.8, 0.2
638,11,06,52,34,39.2, 16.9, -19.0,0.0, 4.0, 0.0,320.2, 183.8, 0.2
639,11,06,52,539,39.2, 16.9, -19.0,0.0, 7.5, 0.0,318.9, 187.3, 0.2
640,11,06,53,52,39.2, 16.9, -19.0,0.0, 339.8, 0.0,318.2, 159.6, 0.2
641,11,06,53,554,39.2, 16.9, -19.0,0.0, 329.9, 0.0,317.6, 149.7, 0.2
642,11,06,54,59,39.2, 16.9, -19.0,0.0, 3.7, 0.0,316.9, 183.5, 0.2
643,11,06,54,566,39.2, 16.9, -19.0,0.0, 3.8, 0.0,317.0, 183.6, 0.2
644,11,06,55,72,39.2, 16.9, -19.0,0.0, 3.8, 0.0,317.0, 183.6, 0.2
645,11,06,55,592,39.2, 16.9, -19.0,0.0, 352.1, 0.0,317.6, 171.9, 0.2
646,11,06,56,99,39.2, 16.9, -19.0,0.0, 353.4, 0.0,316.9, 173.2, 0.2
647,11,06,56,606,39.2, 16.9, -19.0,0.0, 353.5, 0.0,316.8, 173.3, 0.2
648,11,06,57,114,39.2, 16.9, -19.0,0.0, 328.2, 0.0,315.5, 148.0, 0.2
649,11,06,57,619,39.2, 16.9, -19.0,0.0, 325.8, 0.0,314.9, 145.6, 0.2
650,11,06,58,126,39.2, 16.9, -19.0,0.0, 325.7, 0.0,314.9, 145.5, 0.2
651,11,06,58,646,39.2, 16.9, -19.0,0.0, 325.7, 0.0,314.9, 145.5, 0.2
652,11,06,59,152,39.2, 16.9, -19.0,0.0, 325.7, 0.0,314.9, 145.5, 0.2
653,11,06,59,659,39.2, 16.9, -19.0,0.0, 322.7, 0.0,315.3, 142.5, 0.2
654,11,07,00,166,39.2, 16.9, -19.0,0.0, 320.9, 0.0,315.4, 140.7, 0.2
655,11,07,00,673,39.2, 16.9, -19.0,0.0, 322.1, 0.0,315.0, 141.9, 0.2
656,11,07,01,178,39.2, 16.9, -19.0,0.0, 322.4, 0.0,315.4, 142.2, 0.2
657,11,07,01,684,39.2, 16.9, -19.0,0.0, 348.4, 0.0,316.1, 168.2, 0.2
658,11,07,02,192,39.2, 16.9, -19.0,0.0, 351.2, 0.0,315.6, 171.0, 0.2
659,11,07,02,698,39.2, 16.9, -19.0,0.0, 351.2, 0.0,315.6, 171.0, 0.2
660,11,07,03,204,39.2, 16.9, -19.0,0.0, 341.1, 0.0,316.5, 160.9, 0.2
661,11,07,03,714,39.2, 16.9, -19.0,0.0, 348.0, 0.0,316.1, 167.8, 0.2
662,11,07,04,219,39.2, 16.9, -19.0,0.0, 64.7, 0.0,325.9, 244.5, 0.2
663,11,07,04,726,39.2, 16.9, -18.9,0.0, 64.0, 0.0,327.5, 243.8, 0.2
664,11,07,05,233,39.1, 16.9, -18.9,0.0, 63.9, 0.0,327.7, 243.7, 0.2
665,11,07,05,740,39.1, 16.9, -18.9,0.0, 63.6, 0.0,327.7, 243.4, 0.2
666,11,07,06,247,39.1, 16.9, -18.9,0.0, 63.3, 0.0,327.9, 243.1, 0.2
667,11,07,06,754,39.1, 16.9, -18.9,0.0, 63.3, 0.0,327.9, 243.1, 0.2
668,11,07,07,261,39.1, 16.9, -18.9,0.0, 63.7, 0.0,327.9, 243.5, 0.2
669,11,07,07,767,39.1, 16.9, -18.9,0.0, 70.9, 0.0,326.9, 250.7, 0.2
670,11,07,08,274,39.1, 16.9, -18.9,0.0, 73.6, 0.0,326.6, 253.4, 0.2
671,11,07,08,781,39.1, 16.9, -18.9,0.0, 61.4, 0.0,326.4, 241.2, 0.2
672,11,07,09,283,39.0, 16.9, -18.5,0.0, 338.5, 0.0,322.2, 158.3, 0.2
673,11,07,09,789,37.2, 16.7, -17.6,0.0, 274.4, 0.0,317.1, 94.2, 0.2
674,11,07,10,297,34.8, 17.1, -17.9,0.0, 277.5, 0.0,314.1, 97.3, 0.2
675,11,07,10,804,33.2, 16.4, -16.8,0.0, 276.8, 0.0,315.7, 96.6, 0.2
676,11,07,11,311,31.2, 16.7, -18.0,0.0, 275.7, 0.0,315.7, 95.5, 0.2
677,11,07,11,818,28.8, 17.0, -18.4,0.0, 268.1, 0.0,317.2, 87.9, 0.2
678,11,07,12,324,26.5, 17.0, -19.1,0.0, 244.5, 0.0,316.3, 64.3, 0.2
679,11,07,12,832,25.3, 16.6, -19.7,0.0, 242.4, 0.0,316.8, 62.2, 0.2
680,11,07,13,345,23.5, 16.2, -20.6,0.0, 293.4, 0.0,320.2, 113.2, 0.2
681,11,07,13,869,24.5, 16.3, -19.7,0.0, 322.3, 0.0,322.7, 142.1, 0.2
682,11,07,14,376,23.7, 16.4, -17.7,0.0, 332.6, 0.0,322.8, 152.4, 0.2
683,11,07,14,885,21.5, 16.3, -16.5,0.0, 345.1, 0.0,325.0, 164.9, 0.2
684,11,07,15,392,20.9, 16.3, -15.6,0.0, 345.1, 0.0,325.0, 164.9, 0.2
685,11,07,15,898,20.9, 16.3, -15.6,0.0, 280.4, 0.0,314.3, 100.2, 0.2
686,11,07,16,405,19.0, 16.7, -15.3,0.0, 277.3, 0.0,317.9, 97.1, 0.2
687,11,07,16,912,16.5, 17.1, -15.1,0.0, 283.6, 0.0,328.6, 103.4, 0.2
688,11,07,17,417,14.1, 17.5, -15.7,0.0, 285.1, 0.0,338.3, 104.9, 0.1
689,11,07,17,924,11.7, 17.2, -15.2,0.0, 280.7, 0.0,0.5, 100.6, 0.1
690,11,07,18,431,9.2, 17.2, -15.0,0.0, 292.3, 0.0,15.6, 112.2, 0.1
691,11,07,18,938,6.8, 16.7, -15.6,0.0, 299.3, 0.0,14.7, 119.2, 0.1
692,11,07,19,445,4.8, 15.8, -14.6,0.0, 299.3, 0.0,13.6, 119.2, 0.1
693,11,07,19,952,2.7, 14.9, -13.3,0.0, 298.8, 0.0,13.2, 118.7, 0.1
694,11,07,20,459,0.5, 14.3, -12.2,0.0, 297.9, 0.0,13.2, 117.8, 0.1
695,11,07,20,966,-0.3, 14.1, -11.8,0.0, 297.8, 0.0,13.1, 117.7, 0.1
696,11,07,21,474,-1.6, 13.8, -11.1,0.0, 294.9, 0.0,13.1, 114.8, 0.1
697,11,07,21,980,-3.6, 13.3, -9.9,0.0, 277.8, 0.0,13.8, 97.7, 0.1
698,11,07,22,487,-5.6, 12.8, -8.5,0.0, 276.3, 0.0,13.9, 96.2, 0.1
699,11,07,22,994,-8.0, 12.0, -8.3,0.0, 274.7, 0.0,15.0, 94.6, 0.1
700,11,07,23,500,-10.4, 11.5, -8.2,0.0, 273.4, 0.0,15.6, 93.3, 0.1
701,11,07,24,7,-12.8, 10.5, -8.0,0.0, 272.4, 0.0,15.3, 92.3, 0.1
702,11,07,24,513,-12.8, 10.5, -8.0,0.0, 271.3, 0.0,14.8, 91.2, 0.1
703,11,07,25,20,-14.5, 10.0, -8.2,0.0, 262.0, 0.0,19.2, 81.9, 0.1
704,11,07,25,526,-15.3, 9.8, -8.3,0.0, 275.5, 0.0,22.0, 95.4, 0.1
705,11,07,26,32,-15.4, 9.8, -7.9,0.0, 249.5, 0.0,22.7, 69.4, 0.1
706,11,07,26,540,-16.9, 9.6, -7.3,0.0, 134.5, 0.0,6.0, 314.4, 0.1
707,11,07,27,47,-16.9, 9.6, -7.3,0.0, 128.0, 0.0,0.6, 307.9, 0.1
708,11,07,27,554,-16.9, 9.6, -7.3,0.0, 127.1, 0.0,1.1, 307.0, 0.1
709,11,07,28,61,-16.9, 9.6, -7.3,0.0, 127.1, 0.0,1.1, 307.0, 0.1
710,11,07,28,568,-16.9, 9.6, -7.3,0.0, 127.1, 0.0,1.1, 307.0, 0.1
711,11,07,29,75,-16.9, 9.6, -7.3,0.0, 136.6, 0.0,0.5, 316.5, 0.1
712,11,07,29,580,-16.9, 9.6, -7.3,0.0, 197.8, 0.0,20.6, 17.7, 0.1
713,11,07,30,86,-16.9, 9.6, -7.3,0.0, 244.0, 0.0,21.9, 63.9, 0.1
714,11,07,30,599,-16.9, 9.6, -7.3,0.0, 244.5, 0.0,21.0, 64.4, 0.1
715,11,07,31,114,-16.9, 9.6, -7.3,0.0, 244.4, 0.0,21.2, 64.3, 0.1
716,11,07,31,616,-16.9, 9.6, -7.3,0.0, 242.6, 0.0,22.9, 62.5, 0.1
717,11,07,32,124,-17.5, 9.6, -6.3,0.0, 240.8, 0.0,23.5, 60.7, 0.1
718,11,07,32,631,-19.8, 9.1, -5.9,0.0, 240.7, 0.0,23.6, 60.6, 0.1
719,11,07,33,139,-21.8, 8.4, -7.2,0.0, 233.1, 0.0,22.8, 53.0, 0.1
720,11,07,33,645,-23.6, 7.6, -8.7,0.0, 232.0, 0.0,24.0, 51.9, 0.1
721,11,07,34,153,-25.6, 6.9, -10.2,0.0, 231.2, 0.0,25.2, 51.1, 0.1
722,11,07,34,660,-25.6, 6.9, -10.2,0.0, 230.9, 0.0,25.3, 50.8, 0.1
723,11,07,35,167,-27.4, 6.7, -9.3,0.0, 219.9, 0.0,29.8, 39.8, 0.1
724,11,07,35,673,-28.6, 6.4, -9.9,0.0, 219.6, 0.0,30.0, 39.5, 0.1
725,11,07,36,179,-28.6, 6.4, -9.9,0.0, 219.6, 0.0,30.0, 39.5, 0.1
726,11,07,36,686,-28.6, 6.4, -9.9,0.0, 218.0, 0.0,29.1, 37.9, 0.1
727,11,07,37,193,-26.9, 6.5, -11.2,0.0, 218.0, 0.0,29.1, 37.9, 0.1
728,11,07,37,700,-26.2, 6.6, -11.8,0.0, 218.0, 0.0,29.1, 37.9, 0.1
729,11,07,38,206,-26.9, 6.5, -11.2,0.0, 218.0, 0.0,29.1, 37.9, 0.1
730,11,07,38,713,-26.9, 6.5, -11.2,0.0, 218.0, 0.0,29.1, 37.9, 0.1
731,11,07,39,221,-26.9, 6.5, -11.2,0.0, 218.0, 0.0,29.1, 37.9, 0.1
732,11,07,39,727,-26.9, 6.5, -11.2,0.0, 219.6, 0.0,30.9, 39.5, 0.1
733,11,07,40,234,-26.9, 6.5, -11.2,0.0, 219.9, 0.0,32.6, 39.8, 0.1
734,11,07,40,740,-26.9, 6.5, -11.2,0.0, 222.1, 0.0,39.6, 42.0, 0.0
735,11,07,41,247,-28.0, 6.1, -12.5,0.0, 222.9, 0.0,47.0, 42.8, 0.0
736,11,07,41,751,-28.1, 6.0, -12.6,0.0, 223.1, 0.0,47.2, 43.0, 0.0
737,11,07,42,258,-28.1, 6.0, -12.6,0.0, 222.6, 0.0,47.0, 42.5, 0.0
738,11,07,42,765,-28.1, 6.0, -12.6,0.0, 222.5, 0.0,46.9, 42.4, 0.0
739,11,07,43,272,-28.1, 6.0, -12.6,0.0, 222.5, 0.0,46.6, 42.4, 0.0
740,11,07,43,779,-28.1, 6.0, -12.6,0.0, 222.5, 0.0,46.6, 42.4, 0.0
741,11,07,44,286,-28.1, 6.0, -12.6,0.0, 222.5, 0.0,46.6, 42.4, 0.0
742,11,07,44,793,-28.1, 6.0, -12.6,0.0, 219.7, 0.0,38.4, 39.6, 0.0
743,11,07,45,299,-28.1, 6.0, -12.6,0.0, 217.5, 0.0,18.3, 37.4, 0.0
744,11,07,45,806,-28.1, 6.0, -12.6,0.0, 222.0, 0.0,24.6, 41.9, 0.0
745,11,07,46,313,-28.1, 6.0, -12.6,0.0, 242.0, 0.0,32.7, 61.9, 0.0
746,11,07,46,820,-28.1, 6.0, -12.6,0.0, 236.0, 0.0,29.3, 55.9, 0.0
747,11,07,47,326,-28.7, 6.2, -11.0,0.0, 258.9, 0.0,39.0, 78.8, 0.0
748,11,07,47,833,-30.7, 6.0, -9.5,0.0, 239.9, 0.0,48.7, 59.8, 0.0
749,11,07,48,340,-33.1, 5.7, -9.5,0.0, 213.0, 0.0,53.8, 32.9, 0.0
750,11,07,48,845,-34.2, 5.4, -10.3,0.0, 204.0, 0.0,55.6, 23.9, 0.0
751,11,07,49,350,-34.2, 5.4, -10.7,0.0, 190.4, 0.0,64.1, 10.3, 0.0
752,11,07,49,858,-33.4, 5.4, -12.2,0.0, 189.6, 0.0,69.0, 9.6, 0.0
753,11,07,50,365,-34.3, 5.3, -11.9,0.0, 183.7, 0.0,73.2, 3.7, 0.0
754,11,07,50,873,-34.5, 5.3, -12.7,0.0, 175.6, 0.0,75.3, 355.6, 0.0
755,11,07,51,379,-34.5, 5.3, -12.7,0.0, 227.0, 0.0,80.4, 47.0, 0.0
756,11,07,51,885,-34.7, 5.2, -12.8,0.0, 233.2, 0.0,85.4, 53.2, 0.0
757,11,07,52,394,-36.4, 5.0, -14.7,0.0, 201.0, 0.0,83.0, 20.9, 0.0
758,11,07,52,894,-38.1, 4.9, -16.5,0.0, 175.2, 0.0,84.3, 355.1, 0.0
759,11,07,53,400,-38.8, 5.0, -18.1,0.0, 95.6, 0.0,79.2, 275.5, 0.0
760,11,07,53,904,-38.8, 5.0, -18.1,0.0, 21.5, 0.0,84.3, 201.4, 0.0
761,11,07,54,414,-38.7, 4.9, -17.3,0.0, 8.9, 0.0,84.5, 188.8, 0.0
762,11,07,54,922,-38.4, 4.9, -15.7,0.0, 9.1, 0.0,83.9, 189.0, 0.0
763,11,07,55,430,-38.4, 4.9, -15.7,0.0, 13.7, 0.0,82.5, 193.6, 0.0
764,11,07,55,934,-39.6, 4.9, -14.6,0.0, 51.8, 0.0,81.9, 231.7, 0.0
765,11,07,56,443,-38.5, 5.0, -13.4,0.0, 54.4, 0.0,82.3, 234.3, 0.0
766,11,07,56,949,-38.5, 5.0, -13.4,0.0, 352.4, 0.0,82.1, 172.3, 0.0
767,11,07,57,458,-38.5, 5.0, -13.4,0.0, 345.8, 0.0,88.6, 165.8, 0.0
768,11,07,57,965,-38.5, 5.0, -13.4,0.0, 341.0, 0.0,88.6, 160.9, 0.0
769,11,07,58,473,-38.5, 5.0, -13.4,0.0, 336.8, 0.0,86.9, 336.8, 180.0
770,11,07,58,980,-38.5, 5.0, -13.4,0.0, 331.1, 0.0,84.5, 331.1, 180.0
771,11,07,59,487,-38.5, 5.0, -13.4,0.0, 326.0, 0.0,85.9, 326.0, 180.0
772,11,07,59,995,-38.5, 5.0, -13.4,0.0, 325.2, 0.0,86.0, 325.2, 180.0
773,11,08,00,501,-38.5, 5.0, -13.4,0.0, 321.9, 0.0,84.9, 321.9, 180.0
774,11,08,01,8,-38.5, 5.0, -13.4,0.0, 307.7, 0.0,68.4, 307.7, 180.0
775,11,08,01,515,-38.5, 5.0, -13.4,0.0, 307.1, 0.0,68.5, 307.1, 180.0
776,11,08,02,21,-38.5, 5.0, -13.4,0.0, 310.3, 0.0,73.2, 310.3, 180.0
777,11,08,02,522,-38.5, 5.0, -13.4,0.0, 348.7, 0.0,87.1, 348.8, 180.2
778,11,08,03,32,-38.5, 5.1, -12.6,0.0, 357.1, 0.0,86.3, 357.2, 180.1
779,11,08,03,539,-38.6, 5.1, -10.5,0.0, 358.4, 0.0,87.1, 358.5, 180.2
780,11,08,04,41,-38.6, 5.1, -10.5,0.0, 31.1, 0.0,85.7, 31.2, 180.1
781,11,08,04,548,-38.6, 5.1, -10.5,0.0, 340.6, 0.0,85.5, 340.7, 180.1
782,11,08,05,57,-38.6, 5.1, -10.5,0.0, 341.9, 0.0,84.4, 341.9, 180.1
783,11,08,05,565,-39.2, 5.1, -9.3,0.0, 320.9, 0.0,87.4, 321.0, 180.2
784,11,08,06,73,-41.5, 5.3, -8.5,0.0, 309.7, 0.0,89.2, 310.3, 180.7
785,11,08,06,580,-43.6, 5.6, -7.3,0.0, 311.5, 0.0,89.5, 312.6, 181.1
786,11,08,07,87,-45.5, 6.1, -5.9,0.0, 312.3, 0.0,89.4, 313.2, 180.9
787,11,08,07,594,-47.6, 7.0, -4.9,0.0, 313.4, 0.0,88.7, 313.7, 180.4
788,11,08,08,101,-49.2, 7.9, -3.2,0.0, 313.2, 0.0,88.2, 313.4, 180.3
789,11,08,08,608,-50.7, 8.9, -1.6,0.0, 310.0, 0.0,87.5, 310.1, 180.2
790,11,08,09,115,-52.5, 10.1, 0.0,0.0, 306.3, 0.0,84.3, 306.3, 180.1
791,11,08,09,621,-54.4, 11.1, 1.3,0.0, 301.3, 0.0,79.5, 301.3, 180.0
792,11,08,10,124,-56.4, 11.9, 2.4,0.0, 287.6, 0.0,74.3, 287.6, 180.0
793,11,08,10,632,-57.8, 12.6, 4.5,0.0, 276.3, 0.0,72.2, 276.3, 180.0
794,11,08,11,140,-59.7, 13.0, 6.0,0.0, 246.4, 0.0,65.6, 246.4, 180.0
795,11,08,11,644,-62.1, 12.9, 6.7,0.0, 234.8, 0.0,62.9, 234.8, 180.0
796,11,08,12,152,-63.3, 12.8, 6.9,0.0, 232.7, 0.0,62.4, 232.7, 180.0
797,11,08,12,659,-63.3, 12.8, 6.9,0.0, 232.7, 0.0,62.4, 232.7, 180.0
798,11,08,13,166,-63.3, 12.8, 6.9,0.0, 232.4, 0.0,62.3, 232.4, 180.0
799,11,08,13,674,-63.3, 12.8, 6.9,0.0, 231.1, 0.0,62.0, 231.1, 180.0
800,11,08,14,181,-63.3, 12.8, 6.9,0.0, 228.1, 0.0,60.4, 228.1, 180.0
801,11,08,14,688,-63.3, 12.8, 6.9,0.0, 227.1, 0.0,60.6, 227.1, 180.0
802,11,08,15,195,-63.3, 12.8, 6.9,0.0, 227.0, 0.0,60.3, 227.0, 180.0
803,11,08,15,702,-63.3, 12.8, 6.9,0.0, 225.3, 0.0,58.4, 225.3, 180.0
804,11,08,16,208,-63.3, 12.8, 6.9,0.0, 223.2, 0.0,57.6, 223.2, 180.0
805,11,08,16,715,-63.3, 12.8, 6.9,0.0, 223.2, 0.0,57.6, 223.2, 180.0
806,11,08,17,222,-63.3, 12.8, 6.9,0.0, 221.8, 0.0,56.1, 221.8, 180.0
807,11,08,17,729,-63.7, 12.7, 6.4,0.0, 224.6, 0.0,45.0, 224.6, 180.0
808,11,08,18,235,-65.5, 12.7, 4.6,0.0, 226.1, 0.0,33.9, 226.1, 180.0
809,11,08,18,742,-66.2, 12.7, 3.9,0.0, 228.1, 0.0,22.7, 228.1, 180.0
810,11,08,19,248,-66.2, 12.7, 3.9,0.0, 218.6, 0.0,355.0, 218.6, 180.0
811,11,08,19,755,-66.2, 12.7, 3.9,0.0, 225.8, 0.0,332.8, 225.8, 180.0
812,11,08,20,262,-66.2, 12.7, 3.9,0.0, 224.0, 0.0,329.3, 224.0, 180.0
813,11,08,20,769,-66.6, 12.7, 3.5,0.0, 223.7, 0.0,325.9, 223.7, 180.0
814,11,08,21,275,-66.6, 12.7, 3.2,0.0, 233.4, 0.0,295.9, 233.4, 180.0
815,11,08,21,782,-66.6, 12.7, 3.2,0.0, 233.4, 0.0,295.9, 233.4, 180.0
816,11,08,22,289,-66.6, 12.7, 3.2,0.0, 223.6, 0.0,294.3, 223.6, 180.0
817,11,08,22,795,-66.6, 12.7, 3.2,0.0, 208.7, 0.0,294.4, 208.7, 180.0
818,11,08,23,308,-66.6, 12.7, 3.2,0.0, 181.0, 0.0,292.2, 180.9, 180.0
819,11,08,23,819,-66.6, 12.7, 3.2,0.0, 186.5, 0.0,296.1, 186.5, 180.0
820,11,08,24,328,-66.6, 12.7, 3.2,0.0, 167.3, 0.0,294.9, 167.3, 180.0
821,11,08,24,833,-66.6, 12.7, 3.2,0.0, 184.7, 0.0,296.4, 184.7, 180.0
822,11,08,25,342,-66.7, 12.7, 2.4,0.0, 186.5, 0.0,295.0, 186.5, 180.0
823,11,08,25,848,-66.7, 12.7, 2.4,0.0, 184.4, 0.0,283.2, 184.3, 180.1
824,11,08,26,355,-66.7, 12.7, 2.4,0.0, 184.4, 0.0,283.0, 184.3, 180.1
825,11,08,26,865,-66.7, 12.7, 2.4,0.0, 163.8, 0.0,281.7, 163.7, 180.1
826,11,08,27,366,-66.7, 12.7, 2.4,0.0, 162.3, 0.0,282.0, 162.2, 180.1
827,11,08,27,907,-66.7, 12.7, 2.4,0.0, 114.7, 0.0,282.0, 114.6, 180.1
828,11,08,28,416,-66.5, 12.7, 2.5,0.0, 62.7, 0.0,284.1, 62.6, 180.1
829,11,08,28,924,-64.7, 12.7, 4.3,0.0, 33.5, 0.0,282.0, 33.4, 180.1
830,11,08,29,432,-63.3, 12.8, 6.5,0.0, 30.2, 0.0,283.6, 30.1, 180.1
831,11,08,29,939,-62.2, 12.9, 8.7,0.0, 32.3, 0.0,284.6, 32.2, 180.1
832,11,08,30,445,-61.5, 12.7, 10.9,0.0, 61.6, 0.0,276.0, 61.5, 180.1
833,11,08,30,950,-59.4, 13.0, 12.2,0.0, 52.1, 0.0,271.4, 51.6, 180.5
834,11,08,31,457,-58.1, 13.2, 14.4,0.0, 29.1, 0.0,271.0, 28.4, 180.7
835,11,08,31,965,-56.9, 13.7, 16.5,0.0, 29.1, 0.0,271.0, 28.4, 180.7
836,11,08,32,472,-55.6, 13.7, 18.8,0.0, 29.1, 0.0,271.0, 28.4, 180.7
837,11,08,32,980,-53.8, 13.2, 20.4,0.0, 57.7, 0.0,279.6, 237.8, 359.9
838,11,08,33,487,-51.7, 12.6, 21.6,0.0, 53.9, 0.0,281.2, 233.9, 359.9
839,11,08,33,993,-49.7, 12.1, 23.1,0.0, 44.3, 0.0,281.2, 224.3, 359.9
840,11,08,34,500,-48.0, 11.5, 24.9,0.0, 41.0, 0.0,281.1, 221.0, 359.9
841,11,08,35,7,-46.5, 11.4, 26.8,0.0, 39.0, 0.0,281.5, 219.0, 359.9
842,11,08,35,513,-46.1, 11.5, 27.2,0.0, 35.9, 0.0,283.3, 215.9, 360.0
843,11,08,36,21,-46.1, 11.5, 27.2,0.0, 30.5, 0.0,283.1, 210.5, 360.0
844,11,08,36,528,-46.8, 11.5, 27.4,0.0, 14.3, 0.0,283.0, 194.3, 360.0
845,11,08,37,34,-48.3, 11.6, 29.4,0.0, 16.5, 0.0,288.2, 196.5, 360.0
846,11,08,37,542,-49.5, 11.5, 31.6,0.0, 16.1, 0.0,289.0, 196.1, 360.0
847,11,08,38,48,-49.5, 11.2, 34.0,0.0, 10.3, 0.0,296.1, 190.3, 360.0
848,11,08,38,555,-49.5, 10.8, 35.8,0.0, 8.0, 0.0,297.9, 188.0, 360.0
849,11,08,39,61,-50.2, 10.6, 38.1,0.0, 8.0, 0.0,297.9, 188.0, 360.0
850,11,08,39,567,-50.2, 10.6, 38.4,0.0, 8.0, 0.0,297.9, 188.0, 360.0
851,11,08,40,74,-50.2, 10.6, 38.4,0.0, 7.9, 0.0,297.8, 187.9, 360.0
852,11,08,40,581,-50.2, 10.6, 38.4,0.0, 7.9, 0.0,297.8, 187.9, 360.0
853,11,08,41,88,-50.2, 10.6, 38.4,0.0, 7.9, 0.0,297.8, 187.9, 360.0
854,11,08,41,594,-49.8, 10.4, 38.3,0.0, 7.9, 0.0,297.8, 187.9, 360.0
855,11,08,42,101,-47.6, 9.4, 37.8,0.0, 6.8, 0.0,294.3, 186.8, 360.0
856,11,08,42,608,-47.2, 9.2, 37.7,0.0, 359.8, 0.0,280.7, 359.7, 180.0
857,11,08,43,115,-47.2, 9.2, 37.7,0.0, 359.8, 0.0,280.8, 359.7, 180.0
858,11,08,43,622,-47.2, 9.2, 37.7,0.0, 359.8, 0.0,280.8, 359.7, 180.0
859,11,08,44,128,-47.2, 9.2, 37.7,0.0, 359.8, 0.0,280.8, 359.7, 180.0
860,11,08,44,634,-47.2, 9.2, 37.7,0.0, 359.3, 0.0,281.9, 359.2, 180.0
861,11,08,45,141,-47.2, 9.2, 37.7,0.0, 359.3, 0.0,281.9, 359.2, 180.0
862,11,08,45,645,-47.2, 9.2, 37.7,0.0, 359.3, 0.0,281.9, 359.2, 180.0
863,11,08,46,153,-47.2, 9.2, 37.7,0.0, 359.3, 0.0,281.9, 359.2, 180.0
864,11,08,46,661,-47.2, 9.2, 37.7,0.0, 359.3, 0.0,281.9, 359.2, 180.0
865,11,08,47,162,-47.2, 9.2, 37.7,0.0, 47.1, 0.0,274.8, 47.0, 180.1
866,11,08,47,682,-47.2, 9.2, 37.7,0.0, 54.2, 0.0,275.0, 54.1, 180.1
867,11,08,48,190,-47.2, 9.2, 37.7,0.0, 50.9, 0.0,274.5, 50.8, 180.1
868,11,08,48,698,-47.2, 9.2, 37.7,0.0, 26.5, 0.0,277.2, 26.4, 180.1
869,11,08,49,205,-47.2, 9.2, 37.7,0.0, 9.2, 0.0,277.9, 9.1, 180.1
870,11,08,49,713,-47.2, 9.2, 37.7,0.0, 326.8, 0.0,290.2, 326.8, 180.0
871,11,08,50,221,-47.2, 9.2, 37.7,0.0, 284.0, 0.0,291.1, 284.0, 180.0
872,11,08,50,728,-47.2, 9.2, 37.7,0.0, 260.8, 0.0,291.6, 260.8, 180.0
873,11,08,51,236,-46.7, 9.4, 35.8,0.0, 264.4, 0.0,289.1, 264.4, 180.0
874,11,08,51,742,-46.9, 9.9, 34.8,0.0, 317.3, 0.0,281.9, 317.2, 180.0
875,11,08,52,248,-46.9, 9.9, 34.8,0.0, 352.8, 0.0,275.2, 352.7, 180.1
876,11,08,52,751,-46.9, 9.9, 34.8,0.0, 51.6, 0.0,281.8, 231.6, 360.0
877,11,08,53,258,-46.9, 9.9, 34.8,0.0, 63.4, 0.0,285.4, 243.4, 360.0
878,11,08,53,765,-46.9, 9.9, 34.8,0.0, 63.0, 0.0,285.3, 243.0, 360.0
879,11,08,54,274,-46.9, 9.9, 34.8,0.0, 60.6, 0.0,287.2, 240.6, 360.0
880,11,08,54,776,-46.9, 9.9, 34.8,0.0, 355.2, 0.0,280.8, 175.2, 360.0
881,11,08,55,286,-48.4, 10.7, 34.5,0.0, 336.8, 0.0,281.7, 156.8, 360.0
882,11,08,55,794,-50.1, 11.5, 33.2,0.0, 268.0, 0.0,279.5, 88.0, 359.9
883,11,08,56,301,-50.9, 11.6, 31.9,0.0, 256.7, 0.0,282.2, 76.7, 360.0
884,11,08,56,808,-52.4, 11.5, 30.1,0.0, 195.1, 0.0,285.5, 15.1, 360.0
885,11,08,57,314,-52.5, 11.5, 29.7,0.0, 275.0, 0.0,291.3, 95.0, 360.0
886,11,08,57,821,-53.6, 11.6, 28.5,0.0, 310.8, 0.0,296.2, 130.8, 360.0
887,11,08,58,327,-55.6, 11.8, 29.7,0.0, 310.8, 0.0,296.2, 130.8, 360.0
888,11,08,58,835,-55.6, 11.8, 29.7,0.0, 308.0, 0.0,297.1, 128.0, 360.0
889,11,08,59,341,-55.6, 11.8, 29.7,0.0, 309.0, 0.0,305.7, 129.0, 360.0
890,11,08,59,848,-55.6, 11.8, 29.7,0.0, 309.5, 0.0,307.2, 129.5, 360.0
891,11,09,00,355,-56.3, 11.9, 30.4,0.0, 314.7, 0.0,311.0, 134.7, 360.0
892,11,09,00,862,-58.0, 12.2, 32.1,0.0, 318.1, 0.0,316.9, 138.1, 360.0
893,11,09,01,367,-60.4, 12.6, 32.9,0.0, 339.2, 0.0,324.3, 159.2, 360.0
894,11,09,01,875,-62.3, 12.9, 34.5,0.0, 340.1, 0.0,324.3, 160.1, 360.0
895,11,09,02,381,-62.5, 13.0, 35.1,0.0, 332.6, 0.0,325.8, 152.6, 360.0
896,11,09,02,888,-62.5, 13.0, 35.1,0.0, 332.1, 0.0,324.7, 152.1, 360.0
897,11,09,03,395,-62.5, 13.0, 35.1,0.0, 332.2, 0.0,325.6, 152.2, 360.0
898,11,09,03,902,-63.2, 13.2, 36.5,0.0, 331.6, 0.0,327.0, 151.6, 360.0
899,11,09,04,409,-64.0, 13.6, 38.8,0.0, 351.1, 0.0,329.2, 171.1, 360.0
900,11,09,04,917,-65.5, 14.2, 40.8,0.0, 7.0, 0.0,334.2, 187.0, 360.0
901,11,09,05,419,-66.0, 14.4, 43.1,0.0, 7.0, 0.0,335.7, 187.0, 360.0
902,11,09,05,926,-65.7, 14.8, 45.6,0.0, 7.1, 0.0,335.6, 187.1, 360.0
903,11,09,06,435,-66.3, 15.4, 48.0,0.0, 7.9, 0.0,335.3, 187.9, 360.0
904,11,09,06,943,-66.1, 15.5, 49.1,0.0, 11.3, 0.0,332.8, 191.3, 360.0
905,11,09,07,448,-65.4, 16.0, 51.5,0.0, 16.6, 0.0,328.4, 196.6, 360.0
906,11,09,07,956,-65.1, 16.2, 52.4,0.0, 18.1, 0.0,327.8, 198.1, 360.0
907,11,09,08,462,-64.0, 16.9, 54.5,0.0, 24.3, 0.0,319.9, 204.3, 360.0
908,11,09,08,969,-63.0, 17.5, 56.5,0.0, 24.3, 0.0,319.9, 204.3, 360.0
909,11,09,09,472,-63.0, 17.5, 56.5,0.0, 70.1, 0.0,334.9, 250.1, 360.0
910,11,09,09,978,-61.9, 17.4, 56.1,0.0, 15.6, 0.0,326.9, 195.6, 360.0
911,11,09,10,485,-60.0, 17.5, 56.6,0.0, 346.1, 0.0,324.8, 166.1, 360.0
912,11,09,10,993,-60.6, 18.0, 59.0,0.0, 343.4, 0.0,325.6, 163.4, 360.0
913,11,09,11,499,-60.3, 18.7, 61.4,0.0, 326.3, 0.0,326.5, 146.3, 360.0
914,11,09,12,6,-60.3, 19.5, 63.8,0.0, 315.0, 0.0,330.5, 135.0, 360.0
915,11,09,12,514,-60.1, 20.1, 66.2,0.0, 316.5, 0.0,333.3, 136.5, 360.0
916,11,09,13,21,-59.7, 20.8, 68.6,0.0, 327.4, 0.0,332.3, 147.4, 360.0
917,11,09,13,528,-60.7, 21.4, 70.7,0.0, 307.4, 0.0,328.7, 127.4, 360.0
918,11,09,14,35,-62.7, 22.3, 72.1,0.0, 248.6, 0.0,331.9, 68.6, 360.0
919,11,09,14,542,-64.9, 23.0, 72.6,0.0, 244.8, 0.0,332.4, 64.8, 360.0
920,11,09,15,49,-67.0, 24.0, 72.3,0.0, 244.9, 0.0,332.4, 64.9, 360.0
921,11,09,15,556,-68.3, 24.4, 73.4,0.0, 245.3, 0.0,332.4, 65.3, 360.0
922,11,09,16,63,-69.5, 24.9, 72.7,0.0, 236.0, 0.0,332.7, 56.0, 360.0
923,11,09,16,569,-71.5, 25.6, 71.4,0.0, 232.4, 0.0,332.8, 52.4, 360.0
924,11,09,17,76,-73.6, 26.4, 70.6,0.0, 232.4, 0.0,332.8, 52.4, 360.0
925,11,09,17,582,-75.5, 27.3, 69.2,0.0, 232.4, 0.0,332.8, 52.4, 360.0
926,11,09,18,89,-77.3, 28.3, 67.8,0.0, 232.4, 0.0,332.8, 52.4, 360.0
927,11,09,18,596,-79.1, 29.4, 66.4,0.0, 232.6, 0.0,334.4, 52.6, 360.0
928,11,09,19,103,-81.0, 30.5, 65.1,0.0, 233.7, 0.0,334.2, 53.7, 360.0
929,11,09,19,610,-82.9, 31.6, 63.8,0.0, 237.6, 0.0,336.0, 57.6, 360.0
930,11,09,20,117,-85.0, 32.5, 62.8,0.0, 249.2, 0.0,341.8, 69.2, 0.0
931,11,09,20,623,-86.7, 33.5, 61.2,0.0, 273.9, 0.0,350.2, 93.9, 0.0
932,11,09,21,129,-88.8, 34.4, 60.3,0.0, 285.0, 0.0,353.4, 105.0, 0.0
933,11,09,21,636,-89.6, 34.8, 59.6,0.0, 289.0, 0.0,357.8, 109.0, 0.0
934,11,09,22,143,-91.6, 35.3, 60.0,0.0, 307.5, 0.0,5.6, 127.5, 0.0
935,11,09,22,649,-93.0, 35.9, 61.3,0.0, 308.6, 0.0,8.1, 128.6, 0.0
936,11,09,23,156,-93.0, 35.9, 61.3,0.0, 309.5, 0.0,8.8, 129.5, 0.0
937,11,09,23,664,-94.4, 36.5, 62.5,0.0, 308.3, 0.0,10.0, 128.3, 0.0
938,11,09,24,170,-95.8, 37.0, 62.7,0.0, 343.8, 0.0,25.2, 163.8, 0.0
939,11,09,24,677,-97.1, 37.8, 64.0,0.0, 354.6, 0.0,34.8, 174.6, 0.0
940,11,09,25,184,-97.0, 38.5, 66.0,0.0, 5.3, 0.0,38.5, 185.3, 0.0
941,11,09,25,684,-97.0, 38.5, 66.0,0.0, 20.3, 0.0,59.1, 200.3, 0.0
942,11,09,26,191,-96.8, 38.6, 66.4,0.0, 20.4, 0.0,59.0, 200.4, 0.0
943,11,09,26,700,-95.7, 39.4, 68.6,0.0, 14.3, 0.0,61.9, 194.3, 0.0
944,11,09,27,208,-96.0, 40.3, 70.7,0.0, 8.9, 0.0,61.9, 188.9, 0.0
945,11,09,27,715,-95.5, 41.0, 72.7,0.0, 7.7, 0.0,62.4, 187.7, 0.0
946,11,09,28,222,-95.1, 41.9, 75.2,0.0, 2.9, 0.0,63.4, 182.9, 0.0
947,11,09,28,730,-94.9, 42.7, 77.5,0.0, 2.1, 0.0,63.7, 182.1, 0.0
948,11,09,29,237,-94.9, 43.5, 79.1,0.0, 354.0, 0.0,66.6, 174.0, 0.0
949,11,09,29,744,-94.2, 44.2, 81.3,0.0, 344.6, 0.0,68.7, 164.6, 0.0
950,11,09,30,250,-93.3, 44.9, 83.5,0.0, 334.4, 0.0,72.3, 154.4, 0.0
951,11,09,30,757,-94.4, 45.9, 85.3,0.0, 348.0, 0.0,75.9, 168.0, 0.0
952,11,09,31,261,-94.4, 45.9, 85.3,0.0, 7.7, 0.0,86.1, 187.7, 0.0
953,11,09,31,768,-94.1, 46.6, 87.4,0.0, 6.8, 0.0,86.5, 186.8, 0.0
954,11,09,32,276,-93.7, 47.4, 89.8,0.0, 8.7, 0.0,87.3, 8.7, 180.0
955,11,09,32,782,-93.3, 47.9, 92.2,0.0, 10.6, 0.0,82.5, 10.6, 180.0
956,11,09,33,289,-93.2, 48.1, 92.7,0.0, 7.4, 0.0,85.2, 7.4, 180.0
957,11,09,33,796,-93.2, 48.1, 92.7,0.0, 313.6, 0.0,88.8, 133.6, 0.0
958,11,09,34,304,-93.2, 48.1, 92.7,0.0, 292.3, 0.0,84.8, 112.3, 0.0
959,11,09,34,811,-93.2, 48.1, 92.7,0.0, 290.9, 0.0,83.4, 110.9, 0.0
960,11,09,35,317,-93.2, 48.1, 92.7,0.0, 290.9, 0.0,83.4, 110.9, 0.0
961,11,09,35,824,-93.2, 48.1, 92.7,0.0, 290.9, 0.0,83.4, 110.9, 0.0
962,11,09,36,331,-93.2, 48.1, 92.7,0.0, 292.7, 0.0,82.7, 112.7, 0.0
963,11,09,36,837,-93.2, 48.1, 92.7,0.0, 293.9, 0.0,82.7, 113.9, 0.0
964,11,09,37,344,-93.2, 48.1, 92.7,0.0, 309.2, 0.0,85.0, 129.2, 0.0
965,11,09,37,850,-93.2, 48.1, 92.7,0.0, 333.1, 0.0,88.8, 333.1, 180.0
966,11,09,38,357,-92.8, 48.2, 93.3,0.0, 295.2, 0.0,89.7, 115.2, 0.0
967,11,09,38,864,-93.8, 48.4, 94.9,0.0, 264.5, 0.0,89.2, 264.5, 180.0
968,11,09,39,371,-95.4, 48.5, 94.7,0.0, 226.5, 0.0,88.2, 46.5, 0.0
969,11,09,39,877,-95.4, 48.5, 94.7,0.0, 223.8, 0.0,89.0, 43.8, 0.0
970,11,09,40,383,-95.4, 48.5, 94.7,0.0, 296.8, 0.0,85.9, 116.8, 0.0
971,11,09,40,890,-95.4, 48.5, 94.7,0.0, 281.3, 0.0,79.1, 101.3, 0.0
972,11,09,41,398,-95.4, 48.5, 94.7,0.0, 321.3, 0.0,84.0, 321.3, 180.0
973,11,09,41,904,-95.4, 48.5, 94.7,0.0, 5.7, 0.0,69.6, 5.7, 180.0
974,11,09,42,410,-94.9, 49.0, 96.4,0.0, 14.9, 0.0,56.2, 14.9, 180.0
975,11,09,42,917,-93.4, 49.1, 97.8,0.0, 13.0, 0.0,51.0, 13.0, 180.0
976,11,09,43,424,-91.9, 49.3, 99.5,0.0, 2.4, 0.0,49.6, 2.4, 180.0
977,11,09,43,930,-91.9, 49.5, 100.8,0.0, 359.4, 0.0,42.3, 359.4, 180.0
978,11,09,44,451,-92.1, 49.9, 103.4,0.0, 14.0, 0.0,37.4, 14.0, 180.0
979,11,09,44,953,-91.8, 49.7, 105.4,0.0, 78.7, 0.0,18.3, 78.7, 180.0
980,11,09,45,459,-91.8, 49.7, 105.4,0.0, 82.4, 0.0,13.2, 82.4, 180.0
981,11,09,45,968,-91.8, 49.7, 105.3,0.0, 82.1, 0.0,11.3, 82.1, 180.0
982,11,09,46,474,-90.6, 49.5, 103.4,0.0, 27.1, 0.0,6.9, 27.1, 180.0
983,11,09,46,981,-90.4, 49.4, 103.3,0.0, 27.7, 0.0,359.4, 27.7, 180.0
984,11,09,47,488,-90.4, 49.4, 103.3,0.0, 29.6, 0.0,349.0, 29.6, 180.0
985,11,09,47,995,-90.3, 49.4, 103.2,0.0, 29.1, 0.0,340.2, 29.1, 180.0
986,11,09,48,502,-88.1, 49.4, 102.1,0.0, 16.1, 0.0,332.0, 16.1, 180.0
987,11,09,49,9,-88.8, 49.4, 101.6,0.0, 335.1, 0.0,319.2, 335.1, 180.0
988,11,09,49,528,-91.0, 49.6, 102.3,0.0, 47.3, 0.0,306.7, 47.3, 180.0
989,11,09,50,42,-91.1, 49.6, 102.4,0.0, 34.5, 0.0,316.5, 34.5, 180.0
990,11,09,50,553,-91.1, 49.6, 102.4,0.0, 29.7, 0.0,318.3, 29.7, 180.0
991,11,09,51,61,-91.1, 49.6, 102.4,0.0, 26.8, 0.0,318.5, 26.8, 180.0
992,11,09,51,568,-91.1, 49.6, 102.4,0.0, 23.3, 0.0,319.8, 23.3, 180.0
993,11,09,52,75,-90.8, 49.6, 103.2,0.0, 24.3, 0.0,319.4, 24.3, 180.0
994,11,09,52,582,-90.3, 49.4, 104.2,0.0, 24.6, 0.0,320.4, 24.6, 180.0
995,11,09,53,89,-90.3, 49.4, 104.2,0.0, 25.7, 0.0,318.8, 25.7, 180.0
996,11,09,53,596,-89.8, 49.4, 105.3,0.0, 28.0, 0.0,318.4, 28.0, 180.0
997,11,09,54,104,-89.5, 49.4, 105.8,0.0, 27.3, 0.0,318.0, 27.3, 180.0
998,11,09,54,610,-89.5, 49.4, 105.8,0.0, 27.3, 0.0,319.4, 27.3, 180.0
999,11,09,55,118,-88.3, 49.7, 105.3,0.0, 26.3, 0.0,319.4, 26.3, 180.0
1000,11,09,55,623,-86.9, 49.4, 106.8,0.0, 26.3, 0.0,319.4, 26.3, 180.0
1001,11,09,56,131,-86.3, 49.4, 108.0,0.0, 26.1, 0.0,319.4, 26.1, 180.0
1002,11,09,56,637,-83.8, 49.4, 107.4,0.0, 21.0, 0.0,317.0, 21.0, 180.0
1003,11,09,57,144,-83.0, 49.4, 107.6,0.0, 15.5, 0.0,314.9, 15.5, 180.0
1004,11,09,57,650,-84.4, 49.4, 108.0,0.0, 15.4, 0.0,315.2, 15.4, 180.0
1005,11,09,58,158,-86.8, 49.5, 108.8,0.0, 15.4, 0.0,315.2, 15.4, 180.0
1006,11,09,58,665,-85.4, 49.6, 110.6,0.0, 15.8, 0.0,314.9, 15.8, 180.0
1007,11,09,59,171,-83.4, 49.4, 110.2,0.0, 15.8, 0.0,314.9, 15.8, 180.0
1008,11,09,59,678,-83.4, 49.4, 110.2,0.0, 15.7, 0.0,315.1, 15.7, 180.0
1009,11,10,00,184,-83.4, 49.4, 110.2,0.0, 15.7, 0.0,315.1, 15.7, 180.0
1010,11,10,00,691,-83.4, 49.4, 110.2,0.0, 15.3, 0.0,315.1, 15.3, 180.0
1011,11,10,01,195,-83.4, 49.4, 110.2,0.0, 13.1, 0.0,313.2, 13.1, 180.0
1012,11,10,01,702,-84.9, 49.5, 110.6,0.0, 12.2, 0.0,310.6, 12.2, 180.0
1013,11,10,02,209,-85.9, 49.7, 110.7,0.0, 11.9, 0.0,310.1, 11.9, 180.0
1014,11,10,02,716,-84.2, 49.5, 110.4,0.0, 11.7, 0.0,309.9, 11.7, 180.0
1015,11,10,03,223,-84.2, 49.5, 110.4,0.0, 10.1, 0.0,309.9, 10.1, 180.0
1016,11,10,03,730,-84.2, 49.5, 110.4,0.0, 9.5, 0.0,310.1, 9.5, 180.0
1017,11,10,04,237,-84.7, 49.5, 110.5,0.0, 9.5, 0.0,311.1, 9.5, 180.0
1018,11,10,04,744,-85.7, 49.6, 110.6,0.0, 10.7, 0.0,308.9, 10.7, 180.0
1019,11,10,05,250,-88.0, 50.0, 111.2,0.0, 17.8, 0.0,302.9, 17.8, 180.0
1020,11,10,05,757,-88.0, 50.0, 111.2,0.0, 25.5, 0.0,301.2, 25.5, 180.0
1021,11,10,06,268,-88.0, 50.0, 111.2,0.0, 53.3, 0.0,297.5, 53.3, 180.0
1022,11,10,06,780,-86.9, 49.7, 109.7,0.0, 52.2, 0.0,296.4, 52.2, 180.0
1023,11,10,07,286,-85.6, 49.4, 108.2,0.0, 24.8, 0.0,298.0, 24.8, 180.0
1024,11,10,07,794,-85.7, 49.4, 108.2,0.0, 24.4, 0.0,298.1, 24.4, 180.0
1025,11,10,08,302,-87.2, 49.5, 108.9,0.0, 24.3, 0.0,297.6, 24.3, 180.0
1026,11,10,08,809,-88.8, 49.9, 109.8,0.0, 42.9, 0.0,285.6, 42.9, 180.0
1027,11,10,09,316,-90.4, 50.0, 111.7,0.0, 61.1, 0.0,273.6, 61.1, 180.0
1028,11,10,09,821,-91.5, 50.1, 114.0,0.0, 70.6, 0.0,271.5, 250.6, 0.0
1029,11,10,10,326,-90.3, 50.2, 115.1,0.0, 69.7, 0.0,278.7, 249.7, 0.0
1030,11,10,10,834,-89.0, 50.2, 115.5,0.0, 71.3, 0.0,288.3, 251.3, 0.0
1031,11,10,11,341,-89.4, 50.2, 117.4,0.0, 83.8, 0.0,299.0, 263.8, 0.0
1032,11,10,11,846,-89.4, 50.2, 117.4,0.0, 85.6, 0.0,297.9, 265.6, 0.0
1033,11,10,12,367,-89.4, 50.2, 117.9,0.0, 91.8, 0.0,303.2, 271.8, 0.0
1034,11,10,12,888,-89.5, 50.3, 118.0,0.0, 94.4, 0.0,304.9, 274.4, 0.0
1035,11,10,13,408,-89.5, 50.2, 115.4,0.0, 84.5, 0.0,305.3, 264.5, 0.0
1036,11,10,13,916,-89.3, 50.2, 114.2,0.0, 67.4, 0.0,308.5, 247.4, 0.0
1037,11,10,14,422,-90.0, 50.2, 115.3,0.0, 61.0, 0.0,317.1, 241.0, 0.0
1038,11,10,14,929,-89.5, 50.2, 117.3,0.0, 62.5, 0.0,318.3, 242.5, 0.0
1039,11,10,15,436,-89.4, 50.4, 118.8,0.0, 72.8, 0.0,333.7, 252.8, 0.0
1040,11,10,15,942,-88.0, 50.5, 120.9,0.0, 83.3, 0.0,347.6, 263.3, 0.0
1041,11,10,16,450,-86.1, 50.3, 122.6,0.0, 104.8, 0.0,4.2, 284.8, 0.0
1042,11,10,16,957,-83.9, 50.0, 123.6,0.0, 131.9, 0.0,10.9, 311.9, 0.0
1043,11,10,17,478,-82.8, 49.9, 123.6,0.0, 134.3, 0.0,11.1, 314.3, 0.0
1044,11,10,17,983,-82.8, 49.9, 123.6,0.0, 134.5, 0.0,11.1, 314.5, 0.0
1045,11,10,18,503,-82.8, 49.9, 123.6,0.0, 152.8, 0.0,14.4, 332.8, 0.0
1046,11,10,19,9,-82.8, 49.9, 123.6,0.0, 88.4, 0.0,10.6, 268.4, 0.0
1047,11,10,19,518,-82.8, 49.9, 123.6,0.0, 115.0, 0.0,13.3, 295.0, 0.0
1048,11,10,20,23,-82.8, 49.9, 123.6,0.0, 114.8, 0.0,5.5, 294.8, 0.0
1049,11,10,20,544,-82.8, 49.9, 123.6,0.0, 98.0, 0.0,12.9, 278.0, 0.0
1050,11,10,21,50,-82.9, 49.9, 123.1,0.0, 98.3, 0.0,12.5, 278.3, 0.0
1051,11,10,21,557,-82.9, 49.9, 122.5,0.0, 97.3, 0.0,13.6, 277.3, 0.0
1052,11,10,22,77,-82.3, 49.9, 124.9,0.0, 97.3, 0.0,13.6, 277.3, 0.0
1053,11,10,22,584,-80.2, 49.6, 124.8,0.0, 97.3, 0.0,13.6, 277.3, 0.0
1054,11,10,23,91,-80.2, 49.6, 124.8,0.0, 130.4, 0.0,18.0, 310.4, 0.0
1055,11,10,23,593,-80.2, 49.6, 124.8,0.0, 68.6, 0.0,15.0, 248.6, 0.0
1056,11,10,24,102,-80.2, 49.6, 124.8,0.0, 65.0, 0.0,31.2, 245.0, 0.0
1057,11,10,24,610,-80.2, 49.6, 124.8,0.0, 332.9, 0.0,37.8, 152.9, 0.0
1058,11,10,25,117,-80.2, 49.6, 124.8,0.0, 53.9, 0.0,54.8, 233.9, 0.0
1059,11,10,25,624,-80.6, 49.8, 125.6,0.0, 57.2, 0.0,56.2, 237.2, 0.0
1060,11,10,26,131,-79.9, 49.8, 127.6,0.0, 59.9, 0.0,63.5, 239.9, 0.0
1061,11,10,26,638,-77.9, 49.4, 128.8,0.0, 60.2, 0.0,64.1, 240.2, 0.0
1062,11,10,27,143,-77.4, 49.3, 129.1,0.0, 64.2, 0.0,66.7, 244.2, 0.0
1063,11,10,27,653,-75.3, 49.2, 130.0,0.0, 143.8, 0.0,86.4, 323.8, 0.0
1064,11,10,28,163,-77.0, 49.2, 128.5,0.0, 174.2, 0.0,89.4, 354.2, 0.0
1065,11,10,28,674,-79.3, 49.6, 127.7,0.0, 184.1, 0.0,89.1, 184.1, 180.0
1066,11,10,29,182,-80.7, 49.8, 125.6,0.0, 176.6, 0.0,87.9, 176.6, 180.0
1067,11,10,29,688,-80.0, 49.5, 124.0,0.0, 91.6, 0.0,85.8, 91.6, 180.0
1068,11,10,30,194,-78.6, 49.4, 125.9,0.0, 56.9, 0.0,78.7, 56.9, 180.0
1069,11,10,30,702,-77.2, 49.2, 127.7,0.0, 57.0, 0.0,79.0, 57.0, 180.0
1070,11,10,31,209,-77.4, 49.4, 129.9,0.0, 53.7, 0.0,72.5, 53.7, 180.0
1071,11,10,31,714,-75.4, 49.4, 131.3,0.0, 56.9, 0.0,67.0, 56.9, 180.0
1072,11,10,32,222,-72.9, 49.3, 131.9,0.0, 52.1, 0.0,60.3, 52.1, 180.0
1073,11,10,32,730,-70.6, 49.3, 132.8,0.0, 50.9, 0.0,53.1, 50.9, 180.0
1074,11,10,33,237,-68.2, 49.0, 132.9,0.0, 53.2, 0.0,50.7, 53.2, 180.0
1075,11,10,33,745,-66.2, 48.8, 134.5,0.0, 51.3, 0.0,53.7, 51.3, 180.0
1076,11,10,34,252,-63.9, 48.4, 135.1,0.0, 51.0, 0.0,53.7, 51.0, 180.0
1077,11,10,34,758,-61.5, 48.0, 135.6,0.0, 47.9, 0.0,53.0, 47.9, 180.0
1078,11,10,35,265,-59.7, 47.8, 137.4,0.0, 46.8, 0.0,53.0, 46.8, 180.0
1079,11,10,35,772,-57.9, 47.5, 138.7,0.0, 54.9, 0.0,44.8, 54.9, 180.0
1080,11,10,36,279,-55.4, 47.2, 138.5,0.0, 63.3, 0.0,28.8, 63.3, 180.0
1081,11,10,36,786,-53.2, 46.9, 139.8,0.0, 46.9, 0.0,19.1, 46.9, 180.0
1082,11,10,37,292,-51.3, 46.6, 141.4,0.0, 49.2, 0.0,8.3, 49.2, 180.0
1083,11,10,37,798,-49.5, 46.1, 143.1,0.0, 48.5, 0.0,5.7, 48.5, 180.0
1084,11,10,38,302,-47.3, 45.7, 144.3,0.0, 63.8, 0.0,354.9, 63.8, 180.0
1085,11,10,38,807,-45.2, 45.3, 145.6,0.0, 47.6, 0.0,351.5, 47.6, 180.0
1086,11,10,39,316,-44.2, 45.0, 147.8,0.0, 48.8, 0.0,340.4, 48.8, 180.0
1087,11,10,39,823,-42.3, 44.6, 149.5,0.0, 50.6, 0.0,337.4, 50.6, 180.0
1088,11,10,40,328,-41.1, 44.3, 150.5,0.0, 49.2, 0.0,336.9, 49.2, 180.0
1089,11,10,40,835,-39.7, 44.0, 151.7,0.0, 51.0, 0.0,325.9, 51.0, 180.0
1090,11,10,41,342,-39.0, 43.9, 152.3,0.0, 54.7, 0.0,324.6, 54.7, 180.0
1091,11,10,41,848,-39.0, 43.9, 152.3,0.0, 54.5, 0.0,323.4, 54.5, 180.0
1092,11,10,42,355,-37.6, 43.5, 153.3,0.0, 58.4, 0.0,311.8, 58.4, 180.0
1093,11,10,42,859,-36.5, 43.2, 153.9,0.0, 85.9, 0.0,303.5, 85.9, 180.0
1094,11,10,43,367,-36.5, 43.2, 153.1,0.0, 89.2, 0.0,301.2, 89.2, 180.0
1095,11,10,43,873,-34.6, 42.7, 152.6,0.0, 88.8, 0.0,300.5, 88.8, 180.0
1096,11,10,44,380,-34.6, 42.7, 152.6,0.0, 46.0, 0.0,299.1, 46.0, 180.0
1097,11,10,44,888,-34.2, 42.4, 153.9,0.0, 22.0, 0.0,303.8, 22.0, 180.0
1098,11,10,45,396,-33.6, 42.2, 155.5,0.0, 18.7, 0.0,303.6, 18.7, 180.0
1099,11,10,45,903,-33.6, 42.2, 155.5,0.0, 18.4, 0.0,303.2, 18.4, 180.0
1100,11,10,46,410,-33.6, 42.2, 155.5,0.0, 19.6, 0.0,295.8, 19.6, 180.0
1101,11,10,46,917,-33.8, 42.3, 157.1,0.0, 21.3, 0.0,285.0, 21.3, 180.0
1102,11,10,47,446,-33.4, 42.4, 158.2,0.0, 17.5, 0.0,278.1, 17.5, 180.0
1103,11,10,47,956,-33.4, 42.4, 158.2,0.0, 16.4, 0.0,276.0, 16.4, 180.0
1104,11,10,48,463,-33.4, 42.4, 158.2,0.0, 16.1, 0.0,275.7, 16.1, 180.0
1105,11,10,48,971,-33.4, 42.4, 158.2,0.0, 16.1, 0.0,275.7, 16.1, 180.0
1106,11,10,49,477,-33.4, 42.4, 158.2,0.0, 16.1, 0.0,275.7, 16.1, 180.0
1107,11,10,49,985,-33.4, 42.4, 158.2,0.0, 26.3, 0.0,272.4, 26.3, 180.0
1108,11,10,50,490,-33.4, 42.4, 158.2,0.0, 45.8, 0.0,273.3, 225.8, 0.0
1109,11,10,50,996,-33.4, 42.4, 158.2,0.0, 33.0, 0.0,272.7, 213.0, 0.0
1110,11,10,51,505,-33.4, 42.4, 158.2,0.0, 41.8, 0.0,273.0, 221.8, 0.0
1111,11,10,52,11,-33.1, 42.1, 157.3,0.0, 70.2, 0.0,278.7, 250.2, 0.0
1112,11,10,52,517,-31.7, 41.8, 156.4,0.0, 55.0, 0.0,279.3, 235.0, 0.0
1113,11,10,53,25,-30.5, 41.6, 156.0,0.0, 21.7, 0.0,281.4, 21.7, 180.0
1114,11,10,53,532,-29.8, 41.2, 158.3,0.0, 9.4, 0.0,291.0, 9.4, 180.0
1115,11,10,54,39,-29.0, 41.0, 159.5,0.0, 8.1, 0.0,297.3, 8.1, 180.0
1116,11,10,54,546,-28.4, 40.9, 160.0,0.0, 57.0, 0.0,287.7, 237.0, 0.0
1117,11,10,55,51,-26.4, 40.3, 161.4,0.0, 62.2, 0.0,296.4, 242.2, 0.0
1118,11,10,55,553,-24.4, 39.4, 162.2,0.0, 81.9, 0.0,314.1, 261.9, 0.0
1119,11,10,56,61,-22.1, 38.4, 162.7,0.0, 82.1, 0.0,314.9, 262.1, 0.0
1120,11,10,56,568,-19.7, 37.6, 162.8,0.0, 92.8, 0.0,322.2, 272.8, 0.0
1121,11,10,57,75,-18.9, 37.2, 162.7,0.0, 94.1, 0.0,322.1, 274.1, 0.0
1122,11,10,57,582,-17.8, 36.9, 164.6,0.0, 98.6, 0.0,323.9, 278.6, 0.0
1123,11,10,58,89,-15.5, 36.0, 164.5,0.0, 98.9, 0.0,324.0, 278.9, 0.0
1124,11,10,58,595,-13.3, 34.9, 164.3,0.0, 106.9, 0.0,323.5, 286.9, 0.0
1125,11,10,59,116,-11.0, 33.7, 164.0,0.0, 108.2, 0.0,322.8, 288.2, 0.0
1126,11,10,59,623,-8.7, 32.7, 163.4,0.0, 113.0, 0.0,321.8, 293.0, 0.0
1127,11,11,00,143,-6.5, 31.6, 162.5,0.0, 114.5, 0.0,321.5, 294.5, 0.0
1128,11,11,00,650,-4.4, 30.6, 161.5,0.0, 114.5, 0.0,321.5, 294.5, 0.0
1129,11,11,01,156,-2.3, 29.6, 160.6,0.0, 114.5, 0.0,321.5, 294.5, 0.0
1130,11,11,01,664,-0.3, 28.9, 159.6,0.0, 114.5, 0.0,321.5, 294.5, 0.0
1131,11,11,02,171,0.6, 28.4, 157.6,0.0, 114.4, 0.0,320.2, 294.4, 0.0
1132,11,11,02,678,2.5, 27.7, 156.4,0.0, 115.5, 0.0,318.9, 295.5, 0.0
1133,11,11,03,179,4.7, 26.9, 155.3,0.0, 125.9, 0.0,317.4, 305.9, 0.0
1134,11,11,03,688,6.5, 26.1, 153.7,0.0, 131.6, 0.0,317.4, 311.6, 0.0
1135,11,11,04,195,8.7, 25.6, 152.8,0.0, 132.1, 0.0,317.1, 312.1, 0.0
1136,11,11,04,716,10.9, 24.8, 152.0,0.0, 131.9, 0.0,318.0, 311.9, 0.0
1137,11,11,05,236,12.8, 24.1, 150.3,0.0, 131.9, 0.0,320.2, 311.9, 0.0
1138,11,11,05,743,14.7, 23.5, 148.6,0.0, 131.9, 0.0,320.2, 311.9, 0.0
1139,11,11,06,249,16.5, 22.9, 147.0,0.0, 132.2, 0.0,320.0, 312.2, 0.0
1140,11,11,06,756,18.5, 22.3, 145.8,0.0, 134.9, 0.0,319.2, 314.9, 0.0
1141,11,11,07,277,20.2, 21.5, 144.0,0.0, 135.7, 0.0,318.9, 315.7, 0.0
1142,11,11,07,784,21.9, 21.0, 142.1,0.0, 142.6, 0.0,318.3, 322.6, 0.0
1143,11,11,08,290,23.3, 20.7, 140.1,0.0, 144.4, 0.0,318.3, 324.4, 0.0
1144,11,11,08,799,24.6, 20.2, 138.1,0.0, 159.1, 0.0,319.6, 339.1, 0.0
1145,11,11,09,305,25.0, 19.9, 136.7,0.0, 168.4, 0.0,319.7, 348.4, 0.0
1146,11,11,09,811,26.1, 19.9, 136.8,0.0, 181.0, 0.0,321.5, 1.0, 0.0
1147,11,11,10,313,26.4, 19.7, 134.6,0.0, 203.3, 0.0,327.0, 23.3, 0.0
1148,11,11,10,822,25.8, 19.8, 132.2,0.0, 222.1, 0.0,332.4, 42.1, 0.0
1149,11,11,11,328,25.4, 19.9, 131.8,0.0, 230.8, 0.0,336.9, 50.8, 0.0
1150,11,11,11,835,25.4, 19.9, 131.8,0.0, 230.0, 0.0,337.0, 50.0, 0.0
1151,11,11,12,338,25.4, 19.9, 131.8,0.0, 125.9, 0.0,329.7, 305.9, 0.0
1152,11,11,12,846,25.4, 19.9, 131.8,0.0, 92.0, 0.0,329.3, 272.0, 0.0
1153,11,11,13,354,25.4, 19.9, 131.8,0.0, 79.5, 0.0,329.8, 259.5, 0.0
1154,11,11,13,862,25.7, 19.9, 131.9,0.0, 78.2, 0.0,330.1, 258.2, 0.0
1155,11,11,14,370,27.6, 19.6, 133.6,0.0, 109.0, 0.0,337.0, 289.0, 0.0
1156,11,11,14,877,29.9, 19.3, 133.5,0.0, 125.9, 0.0,338.4, 305.9, 0.0
1157,11,11,15,395,31.9, 19.1, 131.8,0.0, 140.9, 0.0,342.1, 320.9, 0.0
1158,11,11,15,900,34.3, 18.8, 131.2,0.0, 156.2, 0.0,347.8, 336.2, 0.0
1159,11,11,16,408,35.7, 18.5, 130.1,0.0, 160.6, 0.0,348.7, 340.6, 0.0
1160,11,11,16,916,36.6, 18.3, 127.8,0.0, 168.3, 0.0,351.0, 348.3, 0.0
1161,11,11,17,421,38.1, 18.0, 127.2,0.0, 82.9, 0.0,340.6, 262.9, 0.0
1162,11,11,17,928,40.7, 17.6, 127.6,0.0, 82.6, 0.0,340.5, 262.6, 0.0
1163,11,11,18,435,43.1, 17.4, 128.0,0.0, 78.0, 0.0,341.7, 258.0, 0.0
1164,11,11,18,943,45.3, 17.4, 128.6,0.0, 70.4, 0.0,342.3, 250.4, 0.0
1165,11,11,19,450,47.6, 17.3, 129.6,0.0, 66.7, 0.0,343.0, 246.7, 0.0
1166,11,11,19,957,49.9, 17.1, 130.6,0.0, 66.5, 0.0,343.3, 246.5, 0.0
1167,11,11,20,465,52.4, 16.9, 130.7,0.0, 66.5, 0.0,343.3, 246.5, 0.0
1168,11,11,20,971,54.1, 16.9, 131.3,0.0, 66.5, 0.0,343.3, 246.5, 0.0
1169,11,11,21,478,54.7, 16.9, 131.5,0.0, 68.3, 0.0,348.3, 248.3, 0.0
1170,11,11,21,985,57.1, 16.8, 132.4,0.0, 74.3, 0.0,3.2, 254.3, 0.0
1171,11,11,22,492,59.5, 16.7, 133.1,0.0, 74.0, 0.0,1.9, 254.0, 0.0
1172,11,11,22,999,61.9, 16.7, 133.8,0.0, 73.3, 0.0,3.5, 253.3, 0.0
1173,11,11,23,506,64.4, 16.7, 134.1,0.0, 70.6, 0.0,12.6, 250.6, 0.0
1174,11,11,24,12,66.6, 16.9, 133.2,0.0, 77.9, 0.0,32.0, 257.9, 0.0
1175,11,11,24,519,69.1, 17.1, 133.7,0.0, 77.9, 0.0,45.3, 257.9, 0.0
1176,11,11,25,26,71.6, 17.2, 134.3,0.0, 77.7, 0.0,55.7, 257.7, 0.0
1177,11,11,25,532,74.1, 17.3, 134.8,0.0, 78.2, 0.0,57.7, 258.2, 0.0
1178,11,11,26,40,76.5, 17.7, 135.3,0.0, 79.8, 0.0,62.3, 259.8, 0.0
1179,11,11,26,546,79.0, 17.7, 135.8,0.0, 80.7, 0.0,64.1, 260.7, 0.0
1180,11,11,27,52,80.4, 17.5, 136.0,0.0, 81.2, 0.0,64.1, 261.2, 0.0
1181,11,11,27,559,80.4, 17.5, 136.0,0.0, 81.2, 0.0,64.1, 261.2, 0.0
1182,11,11,28,66,80.4, 17.5, 136.0,0.0, 81.2, 0.0,64.1, 261.2, 0.0
1183,11,11,28,572,80.4, 17.5, 136.0,0.0, 80.6, 0.0,64.1, 260.6, 0.0
1184,11,11,29,79,80.4, 17.5, 136.0,0.0, 79.8, 0.0,64.1, 259.8, 0.0
1185,11,11,29,586,80.4, 17.5, 136.0,0.0, 78.1, 0.0,64.0, 258.1, 0.0
1186,11,11,30,93,80.4, 17.5, 136.0,0.0, 36.0, 0.0,61.9, 216.0, 0.0
1187,11,11,30,599,80.4, 17.5, 136.0,0.0, 54.7, 0.0,65.5, 234.7, 0.0
1188,11,11,31,107,80.4, 17.5, 136.0,0.0, 51.4, 0.0,64.6, 231.4, 0.0
1189,11,11,31,611,80.4, 17.5, 136.0,0.0, 72.1, 0.0,72.0, 252.1, 0.0
1190,11,11,32,117,80.4, 17.5, 136.0,0.0, 72.8, 0.0,72.9, 252.8, 0.0
1191,11,11,32,625,80.4, 17.5, 136.0,0.0, 73.1, 0.0,72.9, 253.1, 0.0
1192,11,11,33,132,80.4, 17.5, 136.0,0.0, 74.1, 0.0,72.6, 254.1, 0.0
1193,11,11,33,638,80.4, 17.5, 136.0,0.0, 74.1, 0.0,73.1, 254.1, 0.0
1194,11,11,34,145,80.9, 17.6, 134.5,0.0, 61.4, 0.0,73.3, 241.4, 0.0
1195,11,11,34,652,80.9, 17.6, 134.5,0.0, 61.4, 0.0,73.3, 241.4, 0.0
1196,11,11,35,158,80.9, 17.6, 134.5,0.0, 59.2, 0.0,73.2, 239.2, 0.0
1197,11,11,35,666,80.9, 17.6, 134.5,0.0, 319.1, 0.0,63.8, 139.1, 0.0
1198,11,11,36,169,80.9, 17.6, 134.5,0.0, 280.8, 0.0,66.6, 100.8, 0.0
1199,11,11,36,676,80.7, 17.7, 133.2,0.0, 281.6, 0.0,67.1, 101.6, 0.0
1200,11,11,37,183,78.7, 17.8, 132.7,0.0, 281.6, 0.0,67.1, 101.6, 0.0
1201,11,11,37,689,78.7, 17.8, 132.7,0.0, 321.5, 0.0,71.5, 141.5, 0.0
1202,11,11,38,198,78.7, 17.8, 132.7,0.0, 338.7, 0.0,65.8, 158.7, 0.0
1203,11,11,38,705,78.7, 17.8, 132.7,0.0, 339.2, 0.0,67.1, 159.2, 0.0
1204,11,11,39,212,78.7, 17.8, 132.7,0.0, 287.9, 0.0,67.3, 107.9, 0.0
1205,11,11,39,715,76.7, 17.7, 132.7,0.0, 277.1, 0.0,68.3, 97.1, 0.0
1206,11,11,40,222,75.3, 17.6, 133.5,0.0, 306.8, 0.0,70.9, 126.8, 0.0
1207,11,11,40,729,73.9, 17.1, 131.7,0.0, 306.8, 0.0,70.9, 126.8, 0.0
1208,11,11,41,236,71.6, 16.8, 130.9,0.0, 306.5, 0.0,70.9, 126.5, 0.0
1209,11,11,41,742,69.2, 16.7, 130.5,0.0, 305.9, 0.0,71.1, 125.9, 0.0
1210,11,11,42,248,68.3, 16.5, 129.6,0.0, 276.0, 0.0,71.0, 96.0, 0.0
1211,11,11,42,756,68.3, 16.5, 129.6,0.0, 313.8, 0.0,73.6, 133.8, 0.0
1212,11,11,43,263,68.3, 16.5, 129.6,0.0, 313.4, 0.0,73.6, 133.4, 0.0
1213,11,11,43,772,68.3, 16.5, 129.6,0.0, 312.5, 0.0,73.9, 132.5, 0.0
1214,11,11,44,294,67.0, 16.4, 128.4,0.0, 259.9, 0.0,76.6, 79.9, 0.0
1215,11,11,44,797,64.9, 16.3, 127.2,0.0, 255.1, 0.0,80.3, 75.1, 0.0
1216,11,11,45,303,62.5, 16.1, 126.4,0.0, 252.0, 0.0,82.5, 72.0, 0.0
1217,11,11,45,811,60.1, 15.9, 125.6,0.0, 251.5, 0.0,82.9, 71.5, 0.0
1218,11,11,46,314,57.7, 15.8, 124.8,0.0, 251.5, 0.0,82.9, 71.5, 0.0
1219,11,11,46,834,55.3, 15.9, 124.0,0.0, 245.3, 0.0,84.4, 65.3, 0.0
1220,11,11,47,341,53.1, 16.0, 122.7,0.0, 240.0, 0.0,85.3, 60.0, 0.0
1221,11,11,47,849,50.8, 16.2, 121.4,0.0, 239.9, 0.0,85.3, 59.9, 0.0
1222,11,11,48,357,48.6, 16.5, 120.4,0.0, 227.9, 0.0,87.3, 47.9, 0.0
1223,11,11,48,864,46.2, 16.7, 120.2,0.0, 218.3, 0.0,88.3, 38.3, 0.0
1224,11,11,49,370,43.9, 16.9, 119.0,0.0, 218.3, 0.0,88.3, 38.3, 0.0
1225,11,11,49,878,42.4, 17.1, 117.1,0.0, 217.4, 0.0,88.3, 37.4, 0.0
1226,11,11,50,384,40.3, 17.3, 116.1,0.0, 220.1, 0.0,87.9, 40.1, 0.0
1227,11,11,50,891,38.1, 17.6, 114.9,0.0, 220.1, 0.0,87.9, 40.1, 0.0
1228,11,11,51,398,36.5, 17.7, 113.0,0.0, 220.1, 0.0,87.9, 40.1, 0.0
1229,11,11,51,904,34.9, 17.7, 111.1,0.0, 211.5, 0.0,88.8, 31.5, 0.0
1230,11,11,52,425,32.5, 17.7, 110.1,0.0, 204.3, 0.0,88.4, 24.3, 0.0
1231,11,11,52,931,30.3, 17.4, 108.9,0.0, 197.6, 0.0,88.1, 17.6, 0.0
1232,11,11,53,438,29.3, 17.2, 106.6,0.0, 196.1, 0.0,87.6, 16.1, 0.0
1233,11,11,53,944,28.4, 17.0, 104.4,0.0, 195.9, 0.0,87.9, 15.9, 0.0
1234,11,11,54,451,26.2, 16.8, 103.0,0.0, 195.5, 0.0,88.5, 15.5, 0.0
1235,11,11,54,971,25.2, 16.7, 100.7,0.0, 191.5, 0.0,88.8, 191.5, 180.0
1236,11,11,55,493,24.7, 16.7, 98.1,0.0, 189.5, 0.0,86.6, 189.5, 180.0
1237,11,11,55,998,23.1, 16.9, 96.2,0.0, 176.6, 0.0,83.0, 176.6, 180.0
1238,11,11,56,506,22.4, 17.1, 93.8,0.0, 173.0, 0.0,81.8, 173.0, 180.0
1239,11,11,57,12,21.4, 17.4, 91.7,0.0, 170.9, 0.0,81.2, 170.9, 180.0
1240,11,11,57,518,20.7, 17.6, 90.7,0.0, 170.9, 0.0,81.2, 170.9, 180.0
1241,11,11,58,24,20.7, 17.6, 90.7,0.0, 170.9, 0.0,81.2, 170.9, 180.0
1242,11,11,58,532,20.8, 17.6, 90.2,0.0, 169.8, 0.0,79.1, 169.8, 180.0
1243,11,11,59,38,21.2, 17.4, 87.7,0.0, 169.7, 0.0,74.7, 169.7, 180.0
1244,11,11,59,546,21.6, 17.4, 85.2,0.0, 169.9, 0.0,72.4, 169.9, 180.0
1245,11,12,00,51,22.1, 17.5, 82.7,0.0, 168.5, 0.0,70.1, 168.5, 180.0
1246,11,12,00,558,22.6, 17.6, 80.7,0.0, 161.8, 0.0,65.9, 161.8, 180.0
1247,11,12,01,66,22.1, 17.6, 78.3,0.0, 150.9, 0.0,61.1, 150.9, 180.0
1248,11,12,01,572,21.7, 17.8, 75.7,0.0, 149.5, 0.0,58.8, 149.5, 180.0
1249,11,12,02,79,20.9, 18.0, 73.9,0.0, 146.2, 0.0,55.8, 146.2, 180.0
1250,11,12,02,586,20.3, 18.3, 71.5,0.0, 144.8, 0.0,51.1, 144.8, 180.0
1251,11,12,03,93,19.1, 18.7, 69.3,0.0, 144.5, 0.0,35.7, 144.5, 180.0
1252,11,12,03,599,18.4, 18.8, 68.9,0.0, 141.8, 0.0,34.8, 141.8, 180.0
1253,11,12,04,106,18.4, 18.8, 68.9,0.0, 141.6, 0.0,34.7, 141.6, 180.0
1254,11,12,04,613,18.4, 18.8, 68.9,0.0, 141.6, 0.0,33.9, 141.6, 180.0
1255,11,12,05,120,18.4, 18.8, 68.9,0.0, 141.6, 0.0,33.9, 141.6, 180.0
1256,11,12,05,626,18.4, 18.8, 68.9,0.0, 141.6, 0.0,33.9, 141.6, 180.0
1257,11,12,06,133,18.4, 18.8, 68.9,0.0, 139.9, 0.0,29.9, 139.9, 180.0
1258,11,12,06,639,20.0, 18.6, 70.1,0.0, 139.4, 0.0,16.3, 139.4, 180.0
1259,11,12,07,146,21.6, 18.8, 70.5,0.0, 137.6, 0.0,11.8, 137.6, 180.0
1260,11,12,07,653,21.0, 18.8, 70.0,0.0, 138.2, 0.0,352.3, 138.2, 180.0
1261,11,12,08,159,19.5, 18.9, 68.2,0.0, 140.9, 0.0,340.6, 140.9, 180.0
1262,11,12,08,666,20.0, 18.8, 66.1,0.0, 141.9, 0.0,339.3, 141.9, 180.0
1263,11,12,09,173,20.1, 19.1, 63.6,0.0, 152.9, 0.0,326.0, 152.9, 180.0
1264,11,12,09,674,19.3, 18.7, 61.9,0.0, 245.1, 0.0,305.6, 245.1, 180.0
1265,11,12,10,176,18.9, 18.7, 64.3,0.0, 272.0, 0.0,302.9, 272.0, 180.0
1266,11,12,10,677,17.3, 18.7, 66.3,0.0, 276.7, 0.0,300.9, 276.7, 180.0
1267,11,12,11,183,16.9, 18.8, 68.3,0.0, 276.9, 0.0,297.7, 276.9, 180.0
1268,11,12,11,690,14.7, 18.4, 69.4,0.0, 275.4, 0.0,297.7, 275.4, 180.0
1269,11,12,12,197,12.5, 18.3, 70.3,0.0, 275.4, 0.0,297.5, 275.4, 180.0
1270,11,12,12,704,10.6, 18.3, 71.8,0.0, 275.3, 0.0,296.4, 275.3, 180.0
1271,11,12,13,210,8.6, 18.5, 73.0,0.0, 220.5, 0.0,276.8, 220.5, 180.0
1272,11,12,13,716,7.6, 18.6, 72.8,0.0, 209.0, 0.0,271.2, 29.0, 0.0
1273,11,12,14,234,6.4, 18.8, 73.4,0.0, 184.5, 0.0,277.8, 4.5, 0.0
1274,11,12,14,755,5.1, 19.1, 73.6,0.0, 161.3, 0.0,280.5, 341.3, 0.0
1275,11,12,15,261,4.7, 19.0, 74.2,0.0, 239.0, 0.0,278.6, 59.0, 0.0
1276,11,12,15,770,3.6, 19.2, 74.8,0.0, 237.0, 0.0,279.4, 57.0, 0.0
1277,11,12,16,277,2.6, 19.2, 76.2,0.0, 266.1, 0.0,282.3, 86.1, 0.0
1278,11,12,16,784,0.9, 18.9, 76.6,0.0, 321.8, 0.0,277.7, 141.8, 0.0
1279,11,12,17,292,0.9, 18.9, 76.6,0.0, 331.8, 0.0,278.7, 151.8, 0.0
1280,11,12,17,800,-0.7, 18.8, 76.4,0.0, 232.7, 0.0,283.3, 52.7, 0.0
1281,11,12,18,304,-3.1, 18.5, 75.7,0.0, 199.4, 0.0,293.1, 19.4, 0.0
1282,11,12,18,821,-4.4, 18.2, 73.9,0.0, 193.5, 0.0,295.9, 13.5, 0.0
1283,11,12,19,329,-5.9, 18.1, 71.9,0.0, 191.6, 0.0,296.7, 11.6, 0.0
1284,11,12,19,837,-7.8, 18.1, 70.3,0.0, 179.4, 0.0,298.5, 359.4, 0.0
1285,11,12,20,343,-8.8, 17.7, 68.1,0.0, 179.4, 0.0,298.5, 359.4, 0.0
1286,11,12,20,851,-8.8, 17.6, 67.8,0.0, 179.4, 0.0,298.5, 359.4, 0.0
1287,11,12,21,357,-8.8, 17.6, 67.8,0.0, 167.7, 0.0,298.0, 347.7, 0.0
1288,11,12,21,865,-8.8, 17.6, 67.8,0.0, 157.1, 0.0,298.0, 337.1, 0.0
1289,11,12,22,373,-8.8, 17.6, 67.8,0.0, 157.1, 0.0,298.0, 337.1, 0.0
1290,11,12,22,879,-8.8, 17.6, 67.8,0.0, 156.8, 0.0,297.9, 336.8, 0.0
1291,11,12,23,386,-8.8, 17.6, 67.8,0.0, 156.8, 0.0,297.9, 336.8, 0.0
1292,11,12,23,893,-8.8, 17.6, 67.8,0.0, 156.8, 0.0,297.9, 336.8, 0.0
1293,11,12,24,400,-8.8, 17.6, 67.8,0.0, 156.8, 0.0,297.9, 336.8, 0.0
1294,11,12,24,906,-10.3, 17.7, 66.8,0.0, 156.8, 0.0,297.9, 336.8, 0.0
1295,11,12,25,413,-10.0, 17.0, 64.4,0.0, 156.8, 0.0,297.9, 336.8, 0.0
1296,11,12,25,926,-9.4, 16.6, 62.3,0.0, 216.8, 0.0,301.0, 36.8, 0.0
1297,11,12,26,436,-9.4, 16.6, 62.3,0.0, 241.4, 0.0,298.8, 61.4, 0.0
1298,11,12,26,944,-9.4, 16.6, 62.3,0.0, 249.1, 0.0,300.6, 69.1, 0.0
1299,11,12,27,452,-9.4, 16.6, 62.3,0.0, 292.5, 0.0,306.1, 112.5, 0.0
1300,11,12,27,959,-8.6, 16.7, 63.5,0.0, 273.2, 0.0,311.1, 93.2, 0.0
1301,11,12,28,469,-8.7, 17.0, 64.6,0.0, 227.4, 0.0,320.5, 47.4, 0.0
