id,hour,min,sec,ms,xpos,ypos,zpos,uMousePos,vMousePos,wMousePos,uGazePos,vGazePos,wGazePos
50,12,12,48,75,80.8, 17.6, 134.0,0.0, 124.0, 0.0,26.4, 118.6, 2.5
51,12,12,48,600,80.1, 17.7, 132.9,0.0, 121.7, 0.0,24.1, 116.2, 2.4
52,12,12,49,108,80.2, 17.6, 130.4,0.0, 113.0, 0.0,346.7, 105.9, 2.3
53,12,12,49,615,80.4, 17.9, 127.9,0.0, 85.9, 0.0,344.0, 78.7, 2.3
54,12,12,50,126,79.8, 17.9, 127.7,0.0, 44.2, 0.0,352.6, 37.4, 2.2
55,12,12,50,634,79.7, 17.7, 130.1,0.0, 25.7, 0.0,351.6, 18.8, 2.2
56,12,12,51,141,80.5, 17.7, 132.5,0.0, 3.0, 0.0,352.2, 356.2, 2.2
57,12,12,51,668,80.5, 17.7, 133.1,0.0, 312.5, 0.0,0.7, 306.0, 2.2
58,12,12,52,189,80.5, 17.7, 133.1,0.0, 296.4, 0.0,7.5, 290.2, 2.2
59,12,12,52,701,80.4, 17.7, 134.2,0.0, 13.4, 0.0,359.4, 6.8, 2.2
60,12,12,53,205,81.2, 17.4, 136.6,0.0, 22.8, 0.0,0.6, 16.3, 2.2
61,12,12,53,724,83.3, 17.4, 137.8,0.0, 76.3, 0.0,2.4, 69.9, 2.2
62,12,12,54,235,84.9, 17.2, 139.8,0.0, 89.5, 0.0,1.1, 83.0, 2.2
63,12,12,54,762,85.3, 17.3, 141.7,0.0, 97.7, 0.0,359.1, 91.1, 2.2
64,12,12,55,265,85.3, 17.3, 141.7,0.0, 115.8, 0.0,336.6, 108.3, 2.4
65,12,12,55,769,84.2, 17.4, 139.7,0.0, 115.8, 0.0,336.3, 108.3, 2.4
66,12,12,56,273,82.2, 17.6, 138.2,0.0, 98.8, 0.0,350.6, 91.9, 2.2
67,12,12,56,786,80.3, 17.5, 136.5,0.0, 83.6, 0.0,352.5, 76.8, 2.2
68,12,12,57,294,78.9, 17.7, 135.8,0.0, 80.9, 0.0,352.5, 74.1, 2.2
69,12,12,57,802,80.4, 17.7, 137.9,0.0, 90.5, 0.0,353.2, 83.7, 2.2
70,12,12,58,308,81.9, 17.9, 139.2,0.0, 91.6, 0.0,352.7, 84.8, 2.2
71,12,12,58,814,81.4, 17.6, 138.0,0.0, 123.6, 0.0,342.3, 116.4, 2.3
72,12,12,59,329,80.2, 17.6, 135.7,0.0, 107.9, 0.0,344.1, 100.7, 2.3
73,12,12,59,854,79.5, 17.8, 133.2,0.0, 103.4, 0.0,344.8, 96.3, 2.3
74,12,13,00,362,79.1, 17.7, 130.6,0.0, 96.2, 0.0,344.6, 89.1, 2.3
75,12,13,00,869,79.0, 17.7, 129.2,0.0, 95.0, 0.0,344.8, 87.9, 2.3
76,12,13,01,378,78.3, 17.6, 131.4,0.0, 45.7, 0.0,330.4, 37.9, 2.5
77,12,13,01,877,78.2, 17.7, 132.6,0.0, 29.8, 0.0,321.4, 21.5, 2.8
78,12,13,02,396,79.5, 17.7, 134.8,0.0, 39.7, 0.0,316.6, 31.1, 3.0
79,12,13,02,896,79.5, 17.7, 134.8,0.0, 58.7, 0.0,316.3, 50.1, 3.1
80,12,13,03,403,79.5, 17.7, 134.8,0.0, 58.7, 0.0,316.3, 50.1, 3.1
81,12,13,03,913,79.5, 17.7, 134.8,0.0, 1.6, 0.0,317.0, 353.0, 3.0
82,12,13,04,419,79.5, 17.7, 134.8,0.0, 328.7, 0.0,312.7, 319.8, 3.3
83,12,13,04,930,79.5, 17.7, 134.8,0.0, 288.3, 0.0,309.0, 279.0, 3.5
84,12,13,05,444,79.5, 17.7, 134.8,0.0, 240.3, 0.0,308.2, 231.0, 3.6
85,12,13,05,963,79.5, 17.7, 134.8,0.0, 186.0, 0.0,307.3, 176.6, 3.7
86,12,13,06,478,79.5, 17.7, 134.8,0.0, 133.7, 0.0,306.7, 124.2, 3.7
87,12,13,06,987,79.5, 17.7, 134.8,0.0, 154.1, 0.0,304.9, 144.4, 3.9
88,12,13,07,525,79.5, 17.7, 134.8,0.0, 204.1, 0.0,302.4, 194.1, 4.1
89,12,13,08,69,77.5, 17.8, 136.6,0.0, 219.6, 0.0,301.9, 209.5, 4.2
90,12,13,08,571,75.4, 17.7, 137.8,0.0, 260.3, 0.0,302.2, 250.3, 4.2
91,12,13,09,90,72.9, 17.3, 137.8,0.0, 270.4, 0.0,301.6, 260.3, 4.2
92,12,13,09,597,71.0, 17.4, 139.1,0.0, 271.2, 0.0,298.0, 260.5, 4.7
93,12,13,10,103,68.5, 17.2, 138.7,0.0, 251.0, 0.0,297.1, 240.1, 4.9
94,12,13,10,613,66.3, 17.0, 137.6,0.0, 222.3, 0.0,296.7, 211.4, 4.9
95,12,13,11,115,64.7, 16.7, 135.7,0.0, 217.7, 0.0,296.4, 206.7, 5.0
96,12,13,11,640,62.6, 16.7, 134.1,0.0, 254.3, 0.0,295.3, 243.1, 5.2
97,12,13,12,171,60.0, 16.7, 133.4,0.0, 255.6, 0.0,292.6, 243.8, 5.8
98,12,13,12,681,57.5, 16.8, 132.7,0.0, 255.4, 0.0,291.1, 243.1, 6.1
99,12,13,13,203,55.1, 16.9, 131.9,0.0, 247.5, 0.0,291.5, 235.4, 6.0
100,12,13,13,723,53.1, 16.8, 130.2,0.0, 221.6, 0.0,292.9, 209.8, 5.7
101,12,13,14,244,51.7, 16.6, 128.1,0.0, 182.9, 0.0,292.8, 171.1, 5.7
102,12,13,14,759,51.7, 16.6, 127.9,0.0, 168.7, 0.0,290.5, 156.3, 6.3
103,12,13,15,283,51.0, 16.5, 127.3,0.0, 223.8, 0.0,287.2, 210.1, 7.5
104,12,13,15,797,48.9, 16.6, 126.2,0.0, 258.8, 0.0,280.3, 240.0, 12.5
105,12,13,16,303,47.4, 16.7, 125.9,0.0, 257.0, 0.0,274.9, 224.0, 26.6
106,12,13,16,853,47.4, 16.7, 125.9,0.0, 216.8, 0.0,274.0, 176.7, 33.6
107,12,13,17,361,46.4, 16.7, 125.5,0.0, 260.6, 0.0,272.6, 196.9, 57.2
108,12,13,17,884,43.9, 17.0, 125.6,0.0, 291.4, 0.0,272.5, 223.9, 61.0
109,12,13,18,400,43.1, 17.4, 127.7,0.0, 317.3, 0.0,274.8, 283.2, 27.6
110,12,13,18,927,40.7, 17.8, 128.6,0.0, 280.6, 0.0,272.2, 187.3, 86.7
111,12,13,19,450,38.3, 18.1, 129.3,0.0, 271.8, 0.0,271.7, 178.1, 86.3
112,12,13,19,971,35.9, 18.4, 129.9,0.0, 209.7, 0.0,271.9, 148.2, 53.8
113,12,13,20,473,33.6, 18.9, 130.3,0.0, 209.9, 0.0,271.6, 127.1, 75.0
114,12,13,20,973,32.7, 19.0, 132.5,0.0, 263.5, 0.0,271.3, 169.5, 86.0
115,12,13,21,486,30.8, 19.2, 134.2,0.0, 247.4, 0.0,272.1, 199.3, 40.1
116,12,13,21,997,29.0, 19.5, 135.7,0.0, 255.6, 0.0,271.7, 194.2, 53.4
117,12,13,22,518,28.3, 19.8, 138.1,0.0, 256.1, 0.0,271.4, 174.5, 73.6
118,12,13,23,42,25.9, 20.2, 139.2,0.0, 209.9, 0.0,271.3, 115.9, 86.0
119,12,13,23,568,23.4, 20.6, 139.6,0.0, 199.1, 0.0,272.6, 161.8, 29.3
120,12,13,24,67,21.4, 21.0, 140.8,0.0, 253.3, 0.0,271.1, 159.1, 85.9
121,12,13,24,569,21.0, 21.1, 142.4,0.0, 254.3, 0.0,271.0, 160.1, 85.8
122,12,13,25,83,21.0, 21.1, 142.4,0.0, 196.3, 0.0,274.0, 175.2, 12.5
123,12,13,25,608,21.0, 21.1, 142.4,0.0, 181.2, 0.0,276.7, 165.3, 7.3
124,12,13,26,130,21.0, 21.1, 142.4,0.0, 231.8, 0.0,273.2, 207.6, 15.6
125,12,13,26,638,21.0, 21.1, 142.4,0.0, 245.0, 0.0,271.5, 202.3, 34.0
126,12,13,27,157,21.3, 21.1, 141.8,0.0, 151.1, 0.0,271.5, 111.1, 31.3
127,12,13,27,676,23.1, 20.7, 140.2,0.0, 110.3, 0.0,275.9, 94.1, 7.5
128,12,13,28,186,25.4, 20.3, 139.5,0.0, 106.5, 0.0,276.0, 90.5, 7.3
129,12,13,28,692,25.4, 20.3, 139.5,0.0, 108.8, 0.0,275.1, 91.5, 8.6
130,12,13,29,194,25.4, 20.3, 139.5,0.0, 174.3, 0.0,270.5, 79.8, 85.5
131,12,13,29,697,25.4, 20.3, 139.5,0.0, 217.7, 0.0,270.3, 302.7, 265.1
132,12,13,30,196,23.3, 20.3, 138.2,0.0, 241.4, 0.0,271.8, 325.8, 264.4
133,12,13,30,717,20.8, 20.8, 138.2,0.0, 243.6, 0.0,272.1, 327.9, 264.3
134,12,13,31,226,18.7, 21.4, 139.5,0.0, 248.4, 0.0,272.9, 332.5, 264.1
135,12,13,31,733,16.4, 22.0, 140.4,0.0, 240.5, 0.0,274.5, 324.1, 263.6
136,12,13,32,242,16.1, 22.3, 142.9,0.0, 284.2, 0.0,274.5, 2.8, 268.6
137,12,13,32,749,14.9, 22.9, 144.9,0.0, 265.4, 0.0,274.7, 349.0, 263.6
138,12,13,33,256,12.9, 23.4, 146.4,0.0, 264.2, 0.0,274.9, 347.7, 263.5
139,12,13,33,764,11.0, 24.1, 148.0,0.0, 270.0, 0.0,274.9, 353.5, 263.5
140,12,13,34,271,9.4, 24.7, 149.8,0.0, 274.9, 0.0,274.9, 358.4, 263.5
141,12,13,34,779,7.7, 25.4, 151.4,0.0, 247.5, 0.0,274.9, 322.9, 271.6
142,12,13,35,284,5.4, 26.1, 152.3,0.0, 244.7, 0.0,274.9, 324.7, 267.0
143,12,13,35,792,3.8, 26.8, 154.1,0.0, 262.7, 0.0,275.2, 346.1, 263.5
144,12,13,36,301,1.8, 27.7, 155.6,0.0, 262.7, 0.0,275.2, 346.1, 263.5
145,12,13,36,807,0.0, 28.5, 157.0,0.0, 264.9, 0.0,276.3, 348.1, 263.2
146,12,13,37,317,-1.9, 29.3, 158.4,0.0, 237.8, 0.0,279.5, 271.1, 312.4
147,12,13,37,822,-4.3, 30.1, 158.5,0.0, 202.9, 0.0,291.5, 207.3, 340.5
148,12,13,38,335,-6.8, 30.8, 158.5,0.0, 181.0, 0.0,301.9, 178.5, 346.7
149,12,13,38,881,-9.4, 31.2, 158.3,0.0, 181.0, 0.0,301.9, 178.5, 346.7
150,12,13,39,419,-12.0, 31.9, 158.0,0.0, 181.0, 0.0,301.9, 178.5, 346.7
151,12,13,39,919,-14.0, 33.3, 158.3,0.0, 215.9, 0.0,281.2, 240.5, 321.1
152,12,13,40,443,-15.9, 34.8, 159.1,0.0, 252.0, 0.0,277.1, 319.6, 278.5
153,12,13,40,951,-16.3, 35.7, 161.4,0.0, 229.4, 0.0,278.1, 274.8, 300.5
154,12,13,41,456,-18.1, 36.7, 162.6,0.0, 251.9, 0.0,277.6, 334.9, 263.0
155,12,13,41,982,-20.0, 37.8, 161.5,0.0, 222.1, 0.0,281.4, 249.0, 318.5
156,12,13,42,483,-22.0, 38.5, 160.4,0.0, 216.9, 0.0,283.1, 237.4, 324.8
157,12,13,43,4,-24.4, 39.4, 159.9,0.0, 207.6, 0.0,285.4, 222.2, 330.5
158,12,13,43,530,-26.7, 40.2, 159.1,0.0, 180.4, 0.0,294.2, 183.5, 341.4
159,12,13,44,55,-28.9, 40.9, 158.2,0.0, 134.3, 0.0,313.2, 128.4, 349.0
160,12,13,44,557,-30.4, 41.5, 156.3,0.0, 115.9, 0.0,339.9, 104.7, 352.0
161,12,13,45,63,-32.5, 41.9, 156.7,0.0, 109.1, 0.0,352.0, 96.1, 352.4
162,12,13,45,582,-34.3, 42.4, 156.2,0.0, 185.4, 0.0,313.7, 179.3, 349.1
163,12,13,46,99,-36.2, 43.1, 154.6,0.0, 192.6, 0.0,305.1, 189.4, 346.8
164,12,13,46,624,-38.2, 43.6, 152.9,0.0, 162.6, 0.0,307.5, 158.5, 347.6
165,12,13,47,125,-39.1, 43.9, 150.6,0.0, 157.3, 0.0,309.7, 152.4, 348.2
166,12,13,47,626,-40.7, 44.4, 149.0,0.0, 204.3, 0.0,299.0, 204.1, 344.3
167,12,13,48,133,-42.9, 44.7, 147.8,0.0, 205.1, 0.0,292.4, 209.8, 339.9
168,12,13,48,642,-44.0, 45.2, 145.5,0.0, 205.4, 0.0,288.5, 214.6, 335.7
169,12,13,49,149,-45.8, 45.5, 144.0,0.0, 204.3, 0.0,288.2, 214.0, 335.2
170,12,13,49,656,-48.0, 45.9, 142.9,0.0, 204.3, 0.0,288.2, 214.0, 335.2
171,12,13,50,167,-49.2, 46.5, 140.7,0.0, 204.3, 0.0,288.2, 214.0, 335.2
172,12,13,50,686,-51.6, 46.8, 139.7,0.0, 203.8, 0.0,289.7, 211.4, 337.2
173,12,13,51,194,-53.9, 47.0, 138.8,0.0, 204.0, 0.0,291.9, 209.1, 339.5
174,12,13,51,702,-56.3, 47.3, 137.9,0.0, 204.0, 0.0,292.3, 208.7, 339.8
175,12,13,52,222,-58.7, 47.7, 137.0,0.0, 204.0, 0.0,292.4, 208.7, 339.9
176,12,13,52,728,-61.0, 48.0, 136.1,0.0, 204.0, 0.0,292.7, 208.4, 340.2
177,12,13,53,236,-63.3, 48.3, 135.1,0.0, 203.9, 0.0,293.3, 207.8, 340.7
178,12,13,53,744,-65.7, 48.7, 134.2,0.0, 203.9, 0.0,293.3, 207.8, 340.7
179,12,13,54,248,-68.0, 49.0, 133.2,0.0, 203.0, 0.0,298.4, 203.1, 344.0
180,12,13,54,755,-70.3, 49.1, 132.2,0.0, 202.0, 0.0,301.3, 200.5, 345.4
181,12,13,55,264,-72.6, 49.2, 131.1,0.0, 195.2, 0.0,304.0, 192.5, 346.5
182,12,13,55,782,-74.8, 49.1, 129.7,0.0, 188.9, 0.0,309.2, 184.2, 348.1
183,12,13,56,303,-76.9, 49.2, 128.2,0.0, 188.0, 0.0,310.3, 183.0, 348.3
184,12,13,56,822,-78.9, 49.5, 126.6,0.0, 186.5, 0.0,309.9, 181.6, 348.2
185,12,13,57,332,-80.8, 49.8, 125.0,0.0, 183.5, 0.0,310.2, 178.5, 348.3
186,12,13,57,854,-83.1, 49.9, 123.8,0.0, 159.3, 0.0,308.9, 154.7, 348.0
187,12,13,58,393,-85.5, 50.2, 122.6,0.0, 151.0, 0.0,308.6, 146.5, 347.9
188,12,13,58,915,-87.9, 50.6, 121.7,0.0, 165.2, 0.0,304.1, 162.4, 346.5
189,12,13,59,423,-89.4, 50.5, 119.7,0.0, 163.1, 0.0,304.1, 160.3, 346.5
190,12,13,59,969,-90.6, 50.2, 117.3,0.0, 153.9, 0.0,304.1, 151.1, 346.5
191,12,14,00,494,-90.7, 50.2, 114.7,0.0, 103.1, 0.0,303.3, 100.7, 346.2
192,12,14,01,30,-91.7, 50.0, 112.4,0.0, 147.5, 0.0,300.0, 146.7, 344.9
193,12,14,01,553,-93.2, 50.2, 111.5,0.0, 168.7, 0.0,299.5, 168.2, 344.6
194,12,14,02,89,-93.2, 50.2, 111.5,0.0, 118.2, 0.0,298.3, 118.4, 344.0
195,12,14,02,623,-92.2, 50.0, 109.3,0.0, 76.9, 0.0,297.7, 77.4, 343.7
196,12,14,03,145,-89.7, 49.8, 108.6,0.0, 55.6, 0.0,298.1, 55.9, 343.9
197,12,14,03,664,-87.5, 49.4, 107.6,0.0, 48.2, 0.0,298.8, 48.1, 344.2
198,12,14,04,172,-87.1, 49.4, 107.3,0.0, 41.6, 0.0,298.8, 41.5, 344.2
199,12,14,04,681,-87.0, 49.6, 109.4,0.0, 358.9, 0.0,301.6, 357.3, 345.5
200,12,14,05,189,-88.1, 50.0, 111.4,0.0, 310.5, 0.0,281.2, 338.5, 317.5
201,12,14,05,702,-90.0, 50.0, 113.1,0.0, 310.9, 0.0,278.8, 354.9, 301.7
202,12,14,06,219,-92.4, 50.0, 113.3,0.0, 255.6, 0.0,284.8, 271.6, 329.2
203,12,14,06,727,-93.3, 50.3, 113.0,0.0, 252.2, 0.0,280.1, 285.9, 311.8
204,12,14,07,235,-93.3, 50.3, 113.0,0.0, 252.2, 0.0,280.1, 285.9, 311.8
205,12,14,07,743,-92.6, 50.1, 110.8,0.0, 261.1, 0.0,278.5, 308.5, 298.3
206,12,14,08,248,-90.8, 50.0, 109.1,0.0, 263.5, 0.0,278.5, 311.5, 297.7
207,12,14,08,755,-89.8, 49.7, 107.7,0.0, 314.2, 0.0,279.8, 350.1, 309.6
208,12,14,09,271,-89.8, 49.7, 107.7,0.0, 347.4, 0.0,282.2, 11.2, 321.6
209,12,14,09,783,-90.4, 49.7, 107.7,0.0, 266.6, 0.0,284.9, 282.4, 329.4
210,12,14,10,286,-92.9, 50.0, 107.9,0.0, 219.1, 0.0,304.5, 216.2, 346.6
211,12,14,10,791,-95.0, 50.2, 106.9,0.0, 160.4, 0.0,318.4, 153.1, 349.9
212,12,14,11,325,-96.5, 50.3, 104.8,0.0, 149.3, 0.0,320.1, 141.6, 350.2
213,12,14,11,829,-98.8, 50.0, 104.0,0.0, 194.3, 0.0,320.1, 186.6, 350.2
214,12,14,12,358,-100.6, 50.0, 102.6,0.0, 185.1, 0.0,320.7, 177.3, 350.3
215,12,14,12,872,-100.7, 49.6, 100.0,0.0, 178.4, 0.0,329.6, 168.8, 351.3
216,12,14,13,386,-100.7, 49.2, 97.5,0.0, 177.9, 0.0,331.1, 168.1, 351.4
217,12,14,13,909,-100.7, 49.0, 94.9,0.0, 168.1, 0.0,331.0, 158.3, 351.4
218,12,14,14,411,-101.5, 48.8, 92.5,0.0, 150.6, 0.0,333.2, 140.4, 351.6
219,12,14,14,911,-102.1, 48.7, 90.3,0.0, 150.1, 0.0,333.9, 139.8, 351.6
220,12,14,15,459,-102.1, 48.7, 90.3,0.0, 132.4, 0.0,325.4, 123.6, 350.9
221,12,14,15,976,-102.1, 48.7, 90.3,0.0, 137.0, 0.0,308.9, 132.4, 348.0
222,12,14,16,491,-102.1, 48.7, 90.3,0.0, 145.7, 0.0,308.8, 141.1, 347.9
223,12,14,16,996,-101.3, 48.7, 89.0,0.0, 140.0, 0.0,308.9, 135.4, 348.0
224,12,14,17,521,-99.8, 48.7, 89.0,0.0, 101.9, 0.0,294.8, 104.5, 341.8
225,12,14,18,56,-99.1, 49.0, 91.0,0.0, 100.6, 0.0,281.7, 126.2, 319.8
226,12,14,18,576,-98.2, 48.6, 93.2,0.0, 103.5, 0.0,279.0, 146.4, 302.8
227,12,14,19,97,-96.0, 48.6, 94.6,0.0, 105.5, 0.0,278.2, 157.2, 294.0
228,12,14,19,618,-93.7, 48.6, 95.8,0.0, 106.7, 0.0,277.6, 176.8, 275.9
229,12,14,20,157,-91.1, 48.7, 95.6,0.0, 101.1, 0.0,277.5, 173.5, 273.6
230,12,14,20,657,-88.6, 48.5, 95.3,0.0, 95.3, 0.0,277.5, 167.7, 273.6
231,12,14,21,166,-86.1, 49.0, 95.0,0.0, 94.7, 0.0,277.6, 164.8, 275.9
232,12,14,21,717,-83.5, 49.5, 94.7,0.0, 93.9, 0.0,282.2, 117.4, 321.9
233,12,14,22,228,-81.2, 49.8, 94.9,0.0, 99.4, 0.0,293.8, 102.8, 341.1
234,12,14,22,741,-78.8, 49.7, 94.7,0.0, 100.3, 0.0,299.6, 99.7, 344.6
235,12,14,23,269,-77.2, 49.7, 94.4,0.0, 93.9, 0.0,308.1, 89.6, 347.8
236,12,14,23,797,-77.2, 49.7, 94.4,0.0, 119.5, 0.0,311.6, 114.0, 348.6
237,12,14,24,344,-77.2, 49.7, 94.4,0.0, 123.7, 0.0,318.0, 116.5, 349.9
238,12,14,24,864,-77.6, 49.6, 93.6,0.0, 110.6, 0.0,315.3, 104.1, 349.4
239,12,14,25,392,-77.8, 49.0, 92.0,0.0, 87.2, 0.0,300.6, 86.1, 345.1
240,12,14,25,900,-77.8, 49.5, 92.7,0.0, 86.2, 0.0,298.6, 86.2, 344.1
241,12,14,26,419,-77.8, 49.5, 92.7,0.0, 103.7, 0.0,286.6, 115.9, 332.8
242,12,14,26,934,-77.8, 49.5, 92.7,0.0, 120.6, 0.0,284.8, 136.6, 329.2
243,12,14,27,480,-77.8, 49.5, 92.7,0.0, 123.8, 0.0,294.7, 126.5, 341.7
244,12,14,28,11,-77.8, 49.5, 92.7,0.0, 141.3, 0.0,293.9, 144.6, 341.2
245,12,14,28,520,-77.8, 49.5, 92.7,0.0, 142.5, 0.0,292.1, 147.4, 339.7
246,12,14,29,61,-77.8, 49.5, 92.7,0.0, 153.2, 0.0,290.2, 160.2, 337.7
247,12,14,29,570,-77.8, 49.5, 92.7,0.0, 122.0, 0.0,286.4, 134.7, 332.3
248,12,14,30,106,-77.8, 49.5, 92.7,0.0, 87.1, 0.0,282.2, 110.9, 321.6
249,12,14,30,632,-77.8, 49.5, 92.7,0.0, 94.4, 0.0,279.7, 130.8, 309.2
250,12,14,31,177,-77.8, 49.5, 92.7,0.0, 96.5, 0.0,279.7, 132.9, 309.2
251,12,14,31,685,-77.8, 49.5, 92.7,0.0, 96.2, 0.0,279.5, 134.5, 307.3
252,12,14,32,232,-77.8, 49.5, 92.7,0.0, 114.7, 0.0,278.7, 160.4, 300.0
253,12,14,32,767,-77.8, 49.5, 92.7,0.0, 168.6, 0.0,278.5, 251.5, 262.9
254,12,14,33,292,-77.8, 49.5, 92.7,0.0, 199.7, 0.0,278.8, 282.6, 262.9
255,12,14,33,797,-77.8, 49.5, 92.7,0.0, 217.8, 0.0,279.3, 300.6, 262.8
256,12,14,34,334,-77.8, 49.5, 92.7,0.0, 167.7, 0.0,293.0, 175.9, 335.6
257,12,14,34,868,-77.8, 49.5, 92.7,0.0, 154.0, 0.0,295.6, 159.5, 338.0
258,12,14,35,377,-77.8, 49.5, 92.7,0.0, 154.3, 0.0,295.6, 159.8, 338.0
259,12,14,35,911,-77.8, 49.5, 92.7,0.0, 141.1, 0.0,295.5, 146.7, 338.0
260,12,14,36,433,-77.8, 49.5, 92.7,0.0, 124.2, 0.0,290.5, 135.7, 332.5
261,12,14,36,956,-77.8, 49.5, 92.7,0.0, 112.1, 0.0,285.3, 134.3, 322.3
262,12,14,37,487,-77.8, 49.5, 92.7,0.0, 106.4, 0.0,283.6, 134.6, 316.5
263,12,14,38,12,-77.8, 49.5, 92.7,0.0, 127.1, 0.0,285.7, 148.2, 323.4
264,12,14,38,565,-77.8, 49.5, 92.7,0.0, 135.8, 0.0,287.9, 151.6, 328.4
265,12,14,39,87,-77.8, 49.5, 92.7,0.0, 135.9, 0.0,288.0, 151.6, 328.6
266,12,14,39,623,-77.8, 49.5, 92.7,0.0, 110.1, 0.0,281.5, 149.1, 306.0
267,12,14,40,145,-77.8, 49.5, 92.7,0.0, 118.2, 0.0,281.6, 156.8, 306.4
268,12,14,40,696,-77.8, 49.5, 92.7,0.0, 132.9, 0.0,281.3, 173.1, 304.8
269,12,14,41,219,-77.8, 49.5, 92.7,0.0, 126.0, 0.0,279.5, 189.2, 282.1
270,12,14,41,730,-77.8, 49.5, 92.7,0.0, 107.9, 0.0,279.3, 189.5, 264.0
271,12,14,42,242,-77.8, 49.5, 92.7,0.0, 106.5, 0.0,279.6, 189.3, 262.8
272,12,14,42,750,-77.8, 49.5, 92.7,0.0, 176.3, 0.0,279.8, 255.5, 266.2
273,12,14,43,287,-77.8, 49.5, 92.7,0.0, 149.0, 0.0,280.3, 231.7, 262.7
274,12,14,43,819,-77.8, 49.5, 92.7,0.0, 196.3, 0.0,282.2, 278.9, 262.6
275,12,14,44,334,-78.8, 49.6, 93.6,0.0, 220.8, 0.0,289.2, 303.4, 262.6
276,12,14,44,847,-79.2, 49.6, 94.0,0.0, 247.4, 0.0,290.8, 330.2, 262.8
277,12,14,45,353,-79.7, 49.7, 95.1,0.0, 243.5, 0.0,293.3, 323.0, 266.3
278,12,14,45,863,-81.7, 49.7, 96.6,0.0, 277.1, 0.0,294.5, 0.3, 263.2
279,12,14,46,370,-84.2, 49.7, 96.9,0.0, 249.2, 0.0,294.9, 332.5, 263.3
280,12,14,46,879,-86.4, 49.0, 95.9,0.0, 202.5, 0.0,295.4, 282.6, 266.3
281,12,14,47,388,-88.8, 48.6, 95.7,0.0, 179.0, 0.0,295.7, 245.2, 278.9
282,12,14,47,890,-90.3, 48.2, 93.7,0.0, 158.7, 0.0,300.1, 199.5, 301.5
283,12,14,48,406,-92.0, 48.0, 92.0,0.0, 182.3, 0.0,298.3, 229.9, 295.5
284,12,14,48,930,-93.8, 48.0, 92.8,0.0, 205.5, 0.0,296.6, 262.8, 286.9
285,12,14,49,436,-93.8, 48.0, 92.8,0.0, 164.7, 0.0,299.2, 208.8, 298.6
286,12,14,49,991,-93.1, 47.8, 90.9,0.0, 116.4, 0.0,300.6, 155.8, 302.6
287,12,14,50,505,-92.6, 47.0, 88.5,0.0, 150.8, 0.0,301.0, 188.8, 303.9
288,12,14,51,38,-93.3, 46.1, 86.2,0.0, 145.6, 0.0,301.6, 182.1, 305.1
289,12,14,51,558,-93.1, 45.1, 83.9,0.0, 121.3, 0.0,301.4, 158.1, 304.8
290,12,14,52,62,-93.1, 44.1, 81.5,0.0, 146.8, 0.0,300.7, 185.9, 302.9
291,12,14,52,577,-92.2, 43.2, 79.4,0.0, 143.9, 0.0,301.1, 181.7, 304.0
292,12,14,53,93,-92.2, 42.4, 77.1,0.0, 164.9, 0.0,304.4, 194.8, 310.7
293,12,14,53,615,-93.4, 41.6, 75.0,0.0, 157.7, 0.0,303.9, 188.7, 309.8
294,12,14,54,139,-94.3, 40.8, 72.7,0.0, 125.2, 0.0,302.6, 159.1, 307.3
295,12,14,54,653,-93.3, 39.9, 70.5,0.0, 110.0, 0.0,301.7, 146.1, 305.5
296,12,14,55,169,-93.7, 38.6, 68.4,0.0, 86.0, 0.0,296.7, 142.5, 287.6
297,12,14,55,704,-93.3, 37.3, 66.1,0.0, 66.0, 0.0,296.5, 124.0, 286.3
298,12,14,56,223,-92.2, 36.0, 64.1,0.0, 64.9, 0.0,296.3, 124.0, 285.3
299,12,14,56,743,-90.1, 34.7, 63.5,0.0, 62.9, 0.0,295.3, 140.0, 269.1
300,12,14,57,251,-87.9, 33.6, 62.8,0.0, 101.6, 0.0,296.1, 185.1, 263.5
301,12,14,57,787,-85.5, 32.7, 62.8,0.0, 101.9, 0.0,296.1, 185.4, 263.5
302,12,14,58,319,-84.0, 31.8, 64.7,0.0, 50.9, 0.0,295.9, 130.3, 267.2
303,12,14,58,837,-82.0, 30.8, 65.8,0.0, 85.6, 0.0,296.4, 168.0, 264.6
304,12,14,59,359,-79.9, 29.7, 66.8,0.0, 57.5, 0.0,296.4, 129.6, 273.8
305,12,14,59,869,-78.0, 28.5, 68.1,0.0, 58.0, 0.0,296.4, 130.1, 273.8
306,12,15,00,376,-76.0, 27.5, 69.2,0.0, 64.5, 0.0,296.3, 140.0, 270.8
307,12,15,00,891,-73.8, 26.6, 70.1,0.0, 107.6, 0.0,297.4, 191.3, 263.7
308,12,15,01,426,-71.5, 26.0, 71.2,0.0, 106.1, 0.0,297.9, 189.9, 263.8
309,12,15,01,958,-69.4, 25.0, 72.0,0.0, 110.7, 0.0,299.0, 194.8, 264.1
310,12,15,02,508,-67.0, 23.9, 73.0,0.0, 113.1, 0.0,305.1, 198.8, 265.7
311,12,15,03,24,-64.8, 23.1, 74.0,0.0, 127.5, 0.0,306.5, 213.7, 266.2
312,12,15,03,549,-62.4, 22.2, 73.7,0.0, 150.4, 0.0,306.8, 235.5, 267.3
313,12,15,04,75,-59.9, 21.7, 73.0,0.0, 159.0, 0.0,307.0, 245.4, 266.4
314,12,15,04,581,-57.8, 21.5, 71.5,0.0, 168.5, 0.0,307.2, 254.9, 266.4
315,12,15,05,94,-57.3, 21.2, 69.1,0.0, 173.2, 0.0,307.6, 259.8, 266.6
316,12,15,05,624,-57.2, 20.6, 66.5,0.0, 165.8, 0.0,307.5, 250.3, 268.3
317,12,15,06,172,-57.9, 19.7, 64.1,0.0, 140.6, 0.0,307.5, 222.4, 270.4
318,12,15,06,676,-57.8, 19.0, 61.7,0.0, 136.8, 0.0,308.1, 223.6, 266.8
319,12,15,07,213,-59.1, 18.2, 59.7,0.0, 137.9, 0.0,308.1, 224.2, 267.2
320,12,15,07,715,-60.9, 17.7, 58.0,0.0, 169.4, 0.0,310.4, 257.2, 267.8
321,12,15,08,248,-62.3, 17.3, 55.8,0.0, 163.4, 0.0,311.8, 251.8, 268.4
322,12,15,08,758,-63.5, 16.6, 53.7,0.0, 160.7, 0.0,311.8, 249.1, 268.4
323,12,15,09,271,-64.6, 15.9, 51.5,0.0, 160.7, 0.0,312.0, 249.2, 268.5
324,12,15,09,791,-65.8, 15.5, 49.2,0.0, 159.0, 0.0,312.1, 247.5, 268.6
325,12,15,10,308,-65.6, 15.1, 46.7,0.0, 106.1, 0.0,312.1, 192.3, 270.3
326,12,15,10,829,-64.0, 14.5, 44.8,0.0, 91.7, 0.0,312.1, 178.3, 270.0
327,12,15,11,367,-63.3, 14.0, 42.3,0.0, 80.3, 0.0,312.4, 169.0, 268.7
328,12,15,11,892,-61.5, 13.6, 40.6,0.0, 74.9, 0.0,312.8, 163.8, 268.9
329,12,15,12,440,-59.7, 13.2, 38.8,0.0, 64.9, 0.0,312.8, 153.8, 268.9
330,12,15,12,944,-58.7, 12.7, 36.4,0.0, 85.6, 0.0,316.3, 176.5, 270.9
331,12,15,13,455,-58.4, 12.4, 34.7,0.0, 148.7, 0.0,321.0, 243.0, 274.3
332,12,15,13,958,-57.2, 12.1, 32.5,0.0, 145.1, 0.0,321.4, 239.8, 274.8
333,12,15,14,458,-55.6, 11.8, 30.7,0.0, 127.8, 0.0,321.4, 222.3, 274.9
334,12,15,14,965,-53.0, 11.6, 30.4,0.0, 65.0, 0.0,321.9, 153.9, 278.4
335,12,15,15,485,-50.6, 11.5, 29.5,0.0, 59.4, 0.0,322.0, 147.6, 278.8
336,12,15,16,17,-48.9, 11.4, 27.6,0.0, 41.4, 0.0,322.3, 127.8, 279.9
337,12,15,16,538,-46.9, 11.4, 25.9,0.0, 40.1, 0.0,322.2, 126.6, 279.8
338,12,15,17,68,-44.8, 11.5, 24.2,0.0, 53.9, 0.0,322.2, 140.8, 279.6
339,12,15,17,574,-43.2, 11.5, 22.4,0.0, 135.7, 0.0,321.9, 224.9, 278.2
340,12,15,18,111,-41.4, 11.8, 20.4,0.0, 140.1, 0.0,321.9, 229.1, 278.3
341,12,15,18,646,-39.7, 12.0, 18.4,0.0, 141.8, 0.0,322.3, 228.0, 280.1
342,12,15,19,168,-38.2, 11.9, 16.6,0.0, 140.5, 0.0,322.4, 225.8, 280.6
343,12,15,19,677,-38.2, 11.9, 16.6,0.0, 146.0, 0.0,322.8, 229.1, 281.9
344,12,15,20,178,-38.2, 11.9, 16.6,0.0, 188.6, 0.0,321.7, 279.7, 277.0
345,12,15,20,691,-38.2, 11.9, 16.6,0.0, 194.1, 0.0,321.6, 286.4, 276.3
346,12,15,21,193,-38.2, 11.9, 16.6,0.0, 197.2, 0.0,321.5, 290.4, 275.7
347,12,15,21,695,-38.2, 11.9, 16.6,0.0, 165.6, 0.0,321.9, 254.5, 278.4
348,12,15,22,207,-38.2, 11.9, 16.6,0.0, 142.9, 0.0,323.8, 220.5, 285.2
349,12,15,22,738,-38.2, 11.9, 16.6,0.0, 81.8, 0.0,322.6, 166.1, 281.2
350,12,15,23,262,-38.1, 11.9, 17.5,0.0, 4.8, 0.0,321.7, 96.5, 276.7
351,12,15,23,787,-40.1, 11.9, 19.1,0.0, 324.8, 0.0,321.6, 56.7, 276.5
352,12,15,24,296,-41.6, 11.7, 21.0,0.0, 321.2, 0.0,321.7, 52.5, 276.9
353,12,15,24,820,-42.2, 11.3, 23.5,0.0, 356.3, 0.0,321.6, 88.5, 276.3
354,12,15,25,339,-43.7, 11.3, 25.1,0.0, 310.9, 0.0,322.6, 46.8, 275.9
355,12,15,25,845,-46.1, 11.5, 24.3,0.0, 272.4, 0.0,324.2, 10.0, 277.6
356,12,15,26,367,-48.2, 11.4, 25.7,0.0, 257.3, 0.0,324.3, 355.1, 277.8
357,12,15,26,874,-50.5, 11.5, 26.7,0.0, 248.4, 0.0,324.3, 346.2, 277.8
358,12,15,27,382,-52.8, 11.5, 27.9,0.0, 285.8, 0.0,326.8, 27.2, 281.4
359,12,15,27,886,-54.6, 11.6, 29.6,0.0, 320.6, 0.0,328.3, 65.1, 284.5
360,12,15,28,392,-56.4, 11.9, 31.3,0.0, 305.8, 0.0,329.8, 44.4, 287.6
361,12,15,28,898,-58.4, 12.3, 32.7,0.0, 305.6, 0.0,329.9, 44.1, 287.7
362,12,15,29,428,-59.0, 12.5, 35.0,0.0, 41.6, 0.0,330.0, 139.8, 287.9
363,12,15,29,934,-58.0, 12.8, 37.2,0.0, 49.7, 0.0,330.0, 147.6, 288.0
364,12,15,30,490,-57.2, 12.9, 37.8,0.0, 25.9, 0.0,329.0, 127.8, 286.0
365,12,15,30,993,-57.2, 12.9, 37.8,0.0, 21.6, 0.0,328.5, 125.4, 285.0
366,12,15,31,498,-58.9, 13.2, 39.2,0.0, 338.6, 0.0,329.7, 88.6, 290.0
367,12,15,32,19,-61.0, 13.5, 40.6,0.0, 338.0, 0.0,329.8, 89.8, 291.8
368,12,15,32,530,-61.8, 14.0, 43.0,0.0, 342.4, 0.0,329.7, 95.1, 292.8
369,12,15,33,37,-62.5, 14.6, 45.3,0.0, 354.4, 0.0,329.7, 108.0, 293.7
370,12,15,33,546,-62.5, 15.2, 47.7,0.0, 55.6, 0.0,331.8, 164.1, 296.2
371,12,15,34,61,-63.7, 15.6, 49.8,0.0, 60.3, 0.0,332.4, 167.4, 296.9
372,12,15,34,568,-64.1, 16.1, 52.2,0.0, 60.2, 0.0,332.4, 167.3, 296.9
373,12,15,35,85,-62.8, 16.5, 53.4,0.0, 78.7, 0.0,330.8, 189.4, 295.2
374,12,15,35,607,-60.6, 16.3, 52.1,0.0, 71.3, 0.0,329.5, 186.7, 295.4
375,12,15,36,137,-60.7, 15.8, 50.1,0.0, 71.3, 0.0,329.3, 187.6, 296.4
376,12,15,36,656,-61.0, 15.2, 48.3,0.0, 98.6, 0.0,330.2, 213.1, 297.6
377,12,15,37,185,-61.5, 14.8, 45.8,0.0, 113.5, 0.0,328.8, 231.7, 298.2
378,12,15,37,699,-60.6, 14.1, 43.6,0.0, 87.7, 0.0,328.5, 206.8, 299.1
379,12,15,38,209,-59.7, 13.5, 41.2,0.0, 66.9, 0.0,328.2, 186.9, 300.0
380,12,15,38,752,-58.6, 13.2, 38.8,0.0, 66.9, 0.0,328.2, 186.9, 300.0
381,12,15,39,297,-57.4, 12.6, 36.4,0.0, 68.3, 0.0,327.8, 189.2, 300.9
382,12,15,39,822,-55.1, 12.2, 35.1,0.0, 72.2, 0.0,327.1, 194.5, 302.4
383,12,15,40,363,-53.8, 11.9, 32.9,0.0, 72.4, 0.0,326.9, 195.2, 302.8
384,12,15,40,896,-53.0, 11.6, 30.5,0.0, 72.4, 0.0,326.9, 195.2, 302.8
385,12,15,41,409,-50.7, 11.5, 29.7,0.0, 72.4, 0.0,326.9, 195.2, 302.8
386,12,15,41,940,-48.2, 11.6, 30.1,0.0, 72.5, 0.0,326.8, 195.5, 303.0
387,12,15,42,462,-46.0, 11.6, 28.6,0.0, 72.5, 0.0,326.8, 195.5, 303.0
388,12,15,42,973,-43.8, 11.6, 27.5,0.0, 72.5, 0.0,326.8, 195.5, 303.0
389,12,15,43,490,-41.5, 11.3, 26.2,0.0, 90.4, 0.0,325.9, 215.0, 304.6
390,12,15,44,18,-39.3, 11.3, 25.0,0.0, 103.1, 0.0,325.9, 227.7, 304.6
391,12,15,44,527,-36.8, 11.0, 24.4,0.0, 103.1, 0.0,325.9, 227.7, 304.6
392,12,15,45,27,-34.4, 10.7, 23.8,0.0, 111.2, 0.0,325.7, 236.1, 304.9
393,12,15,45,560,-32.0, 10.6, 22.9,0.0, 111.2, 0.0,325.7, 236.1, 304.9
394,12,15,46,85,-29.5, 10.6, 21.9,0.0, 118.8, 0.0,325.3, 244.2, 305.4
395,12,15,46,603,-27.2, 10.7, 20.6,0.0, 125.5, 0.0,325.3, 250.9, 305.4
396,12,15,47,106,-25.2, 10.7, 19.1,0.0, 126.7, 0.0,325.1, 252.4, 305.7
397,12,15,47,611,-23.3, 10.7, 17.5,0.0, 141.1, 0.0,324.6, 267.5, 306.4
398,12,15,48,114,-21.8, 10.7, 15.5,0.0, 142.1, 0.0,324.6, 268.5, 306.4
399,12,15,48,618,-20.3, 10.7, 13.6,0.0, 142.9, 0.0,324.7, 269.2, 306.5
400,12,15,49,135,-18.7, 10.9, 11.5,0.0, 142.9, 0.0,324.7, 269.2, 306.5
401,12,15,49,641,-17.2, 11.2, 9.4,0.0, 142.9, 0.0,324.7, 269.2, 306.5
402,12,15,50,157,-15.5, 11.3, 7.5,0.0, 135.5, 0.0,324.0, 262.7, 307.2
403,12,15,50,657,-13.8, 11.3, 5.8,0.0, 135.4, 0.0,323.4, 263.3, 308.0
404,12,15,51,181,-11.9, 11.3, 3.8,0.0, 135.4, 0.0,323.2, 263.6, 308.2
405,12,15,51,689,-10.1, 11.6, 2.1,0.0, 133.5, 0.0,323.2, 261.7, 308.2
406,12,15,52,197,-8.3, 11.9, 0.4,0.0, 133.5, 0.0,323.2, 261.7, 308.2
407,12,15,52,703,-7.5, 12.0, -0.4,0.0, 188.3, 0.0,322.5, 317.3, 309.0
408,12,15,53,237,-7.5, 12.0, -0.4,0.0, 236.6, 0.0,319.1, 9.0, 312.4
409,12,15,53,757,-7.5, 12.0, -0.4,0.0, 255.7, 0.0,316.2, 30.6, 314.9
410,12,15,54,258,-7.5, 12.0, -0.4,0.0, 190.1, 0.0,316.0, 325.1, 315.0
411,12,15,54,767,-7.5, 12.0, -0.4,0.0, 155.6, 0.0,315.7, 290.8, 315.4
412,12,15,55,275,-7.5, 12.0, -0.4,0.0, 155.6, 0.0,315.7, 290.8, 315.4
413,12,15,55,794,-7.5, 12.0, -0.4,0.0, 216.4, 0.0,314.9, 352.2, 315.8
414,12,15,56,331,-7.5, 12.0, -0.4,0.0, 237.2, 0.0,314.2, 13.5, 316.3
415,12,15,56,843,-7.5, 12.0, -0.4,0.0, 217.4, 0.0,314.2, 353.7, 316.3
416,12,15,57,343,-7.5, 12.0, -0.4,0.0, 153.8, 0.0,316.4, 287.1, 318.8
417,12,15,57,848,-7.5, 12.0, -0.4,0.0, 155.3, 0.0,314.5, 290.9, 317.2
418,12,15,58,351,-5.8, 12.1, -1.1,0.0, 97.3, 0.0,323.5, 223.2, 323.6
419,12,15,58,879,-4.1, 12.1, -0.9,0.0, 55.2, 0.0,329.4, 176.1, 326.4
420,12,15,59,430,-4.1, 12.1, -0.9,0.0, 36.2, 0.0,326.2, 159.7, 325.0
421,12,15,59,939,-3.3, 12.3, -1.5,0.0, 38.4, 0.0,325.6, 162.4, 324.7
422,12,16,00,450,-1.3, 12.8, -3.0,0.0, 38.4, 0.0,325.6, 162.4, 324.7
423,12,16,01,4,0.9, 13.7, -4.6,0.0, 36.0, 0.0,325.4, 160.2, 324.6
424,12,16,01,523,3.1, 14.5, -5.7,0.0, 28.2, 0.0,324.6, 153.0, 324.2
425,12,16,02,54,5.1, 15.7, -6.8,0.0, 27.4, 0.0,324.2, 152.7, 324.0
426,12,16,02,571,7.1, 15.9, -7.9,0.0, 18.3, 0.0,322.4, 145.2, 323.0
427,12,16,03,91,9.0, 16.2, -8.6,0.0, 38.7, 0.0,321.5, 166.4, 322.5
428,12,16,03,608,9.0, 16.2, -8.6,0.0, 5.3, 0.0,321.9, 132.7, 322.7
429,12,16,04,156,9.0, 16.2, -8.6,0.0, 25.9, 0.0,321.1, 154.0, 322.2
430,12,16,04,672,9.0, 16.2, -8.6,0.0, 38.9, 0.0,321.5, 166.6, 322.5
431,12,16,05,173,9.0, 16.2, -8.6,0.0, 47.0, 0.0,322.1, 174.2, 322.8
432,12,16,05,697,9.0, 16.2, -8.6,0.0, 44.2, 0.0,328.6, 165.7, 326.0
433,12,16,06,232,9.0, 16.2, -8.6,0.0, 39.0, 0.0,332.6, 157.5, 327.5
434,12,16,06,736,9.0, 16.2, -8.6,0.0, 36.9, 0.0,331.8, 156.0, 327.3
435,12,16,07,259,9.0, 16.2, -8.6,0.0, 9.0, 0.0,331.3, 128.4, 327.1
436,12,16,07,765,9.0, 16.2, -8.6,0.0, 342.3, 0.0,330.7, 102.2, 326.9
437,12,16,08,272,9.0, 16.2, -8.6,0.0, 12.5, 0.0,324.3, 137.6, 324.0
438,12,16,08,782,9.0, 16.2, -8.6,0.0, 104.7, 0.0,313.7, 241.3, 316.7
439,12,16,09,297,11.0, 16.2, -9.2,0.0, 114.7, 0.0,312.0, 252.5, 317.8
440,12,16,09,818,13.1, 16.9, -10.6,0.0, 118.1, 0.0,311.6, 256.1, 318.0
441,12,16,10,327,15.3, 17.1, -11.8,0.0, 120.3, 0.0,308.7, 260.1, 319.8
442,12,16,10,835,17.1, 17.0, -13.4,0.0, 141.5, 0.0,304.7, 283.4, 322.0
443,12,16,11,344,17.1, 17.0, -16.0,0.0, 122.4, 0.0,296.7, 268.0, 325.6
444,12,16,11,851,17.7, 17.0, -18.4,0.0, 135.6, 0.0,300.1, 274.9, 332.7
445,12,16,12,356,16.4, 17.1, -20.4,0.0, 144.5, 0.0,309.6, 276.4, 338.9
446,12,16,12,866,16.0, 17.0, -23.0,0.0, 137.0, 0.0,311.9, 267.5, 339.9
447,12,16,13,372,16.4, 16.7, -25.4,0.0, 120.4, 0.0,312.7, 250.5, 340.2
448,12,16,13,878,16.8, 16.9, -27.8,0.0, 115.8, 0.0,314.3, 245.1, 340.8
449,12,16,14,385,16.2, 17.2, -30.3,0.0, 91.7, 0.0,318.0, 219.3, 342.0
450,12,16,14,891,16.2, 17.4, -31.1,0.0, 91.6, 0.0,318.0, 219.2, 342.0
451,12,16,15,409,17.3, 17.4, -30.3,0.0, 51.8, 0.0,317.0, 179.8, 341.7
452,12,16,15,917,18.7, 17.1, -28.3,0.0, 19.6, 0.0,318.3, 147.0, 342.1
453,12,16,16,436,19.6, 16.7, -25.9,0.0, 36.0, 0.0,318.2, 163.5, 342.0
454,12,16,16,954,21.5, 16.4, -24.2,0.0, 49.3, 0.0,318.2, 176.8, 342.0
455,12,16,17,462,23.5, 16.4, -22.6,0.0, 50.4, 0.0,318.1, 177.9, 342.0
456,12,16,17,970,25.4, 16.4, -20.9,0.0, 47.5, 0.0,321.8, 173.5, 343.0
457,12,16,18,476,27.5, 17.0, -19.8,0.0, 66.7, 0.0,324.0, 191.9, 343.5
458,12,16,18,983,30.0, 16.9, -19.1,0.0, 80.3, 0.0,325.7, 204.8, 343.9
459,12,16,19,489,30.5, 16.9, -19.0,0.0, 72.6, 0.0,325.4, 197.2, 343.8
460,12,16,19,997,30.5, 16.9, -19.0,0.0, 53.0, 0.0,323.9, 178.2, 343.5
461,12,16,20,499,32.7, 16.6, -18.1,0.0, 42.3, 0.0,323.0, 167.8, 343.3
462,12,16,21,7,34.5, 16.6, -18.1,0.0, 42.3, 0.0,323.0, 167.8, 343.3
463,12,16,21,516,34.9, 16.7, -18.5,0.0, 53.3, 0.0,319.9, 180.1, 342.5
464,12,16,22,23,36.7, 17.1, -20.0,0.0, 49.9, 0.0,324.5, 174.9, 343.6
465,12,16,22,529,38.6, 16.9, -18.6,0.0, 42.6, 0.0,331.1, 165.4, 344.8
466,12,16,23,70,38.8, 16.8, -17.7,0.0, 344.8, 0.0,328.0, 108.6, 344.3
467,12,16,23,599,38.8, 16.8, -17.7,0.0, 353.9, 0.0,325.5, 118.5, 343.8
468,12,16,24,123,38.8, 16.8, -17.7,0.0, 2.5, 0.0,325.5, 127.1, 343.8
469,12,16,24,629,38.8, 16.8, -17.7,0.0, 39.7, 0.0,323.9, 164.9, 343.5
470,12,16,25,149,38.8, 16.8, -17.7,0.0, 51.6, 0.0,320.4, 178.1, 342.7
471,12,16,25,660,38.8, 16.8, -17.7,0.0, 70.9, 0.0,315.5, 199.6, 341.2
472,12,16,26,167,38.8, 16.8, -17.7,0.0, 107.0, 0.0,310.1, 238.5, 339.1
473,12,16,26,676,38.8, 16.8, -17.7,0.0, 118.0, 0.0,308.5, 250.6, 338.3
474,12,16,27,183,38.8, 16.8, -17.7,0.0, 41.9, 0.0,314.7, 171.0, 340.9
475,12,16,27,695,38.8, 16.8, -17.7,0.0, 3.3, 0.0,314.8, 132.3, 341.0
476,12,16,28,198,38.8, 16.8, -17.7,0.0, 357.0, 0.0,314.7, 126.1, 340.9
477,12,16,28,718,38.8, 16.8, -17.7,0.0, 356.2, 0.0,317.7, 123.9, 341.9
478,12,16,29,250,38.8, 16.8, -17.7,0.0, 356.4, 0.0,317.9, 124.0, 342.0
479,12,16,29,772,38.8, 16.8, -17.7,0.0, 356.6, 0.0,317.7, 124.3, 341.9
480,12,16,30,290,38.8, 16.8, -17.7,0.0, 356.6, 0.0,317.7, 124.3, 341.9
481,12,16,30,823,38.8, 16.8, -17.7,0.0, 356.2, 0.0,318.0, 123.8, 342.0
482,12,16,31,345,38.8, 16.8, -17.7,0.0, 356.2, 0.0,317.4, 124.0, 341.8
483,12,16,31,851,38.8, 16.8, -17.7,0.0, 356.1, 0.0,317.6, 123.8, 341.9
484,12,16,32,372,38.8, 16.8, -17.7,0.0, 355.6, 0.0,317.9, 123.2, 342.0
485,12,16,32,892,38.8, 16.8, -17.7,0.0, 354.9, 0.0,318.0, 122.5, 342.0
486,12,16,33,401,38.4, 16.7, -17.2,0.0, 354.7, 0.0,318.2, 122.2, 342.0
487,12,16,33,924,38.7, 16.7, -17.4,0.0, 22.5, 0.0,321.6, 148.6, 342.9
488,12,16,34,447,38.8, 16.8, -17.8,0.0, 2.5, 0.0,318.9, 129.7, 342.3
489,12,16,34,959,38.8, 16.8, -17.8,0.0, 2.6, 0.0,318.7, 129.8, 342.2
490,12,16,35,466,38.8, 16.8, -17.8,0.0, 6.5, 0.0,319.1, 133.6, 342.3
491,12,16,35,973,38.8, 16.8, -17.8,0.0, 4.3, 0.0,309.9, 135.9, 339.0
492,12,16,36,497,38.8, 16.8, -17.8,0.0, 350.3, 0.0,299.9, 129.8, 332.5
493,12,16,37,32,38.8, 16.8, -17.8,0.0, 307.7, 0.0,294.2, 94.2, 326.6
494,12,16,37,556,38.8, 16.8, -17.8,0.0, 12.8, 0.0,293.1, 159.7, 326.9
495,12,16,38,78,38.8, 16.8, -17.8,0.0, 49.4, 0.0,292.7, 196.5, 327.1
496,12,16,38,584,38.8, 16.8, -17.8,0.0, 63.8, 0.0,292.7, 210.9, 327.1
497,12,16,39,93,39.5, 17.0, -19.9,0.0, 25.7, 0.0,290.1, 173.7, 328.0
498,12,16,39,606,39.6, 17.0, -20.6,0.0, 315.1, 0.0,285.2, 104.7, 329.6
499,12,16,40,126,38.4, 17.0, -19.7,0.0, 280.9, 0.0,270.5, 254.7, 153.8
500,12,16,40,655,35.8, 17.0, -19.3,0.0, 276.8, 0.0,278.5, 252.3, 155.5
501,12,16,41,191,33.3, 16.6, -18.6,0.0, 276.8, 0.0,284.7, 253.4, 156.6
502,12,16,41,699,31.0, 16.8, -17.8,0.0, 298.6, 0.0,286.4, 275.8, 156.7
503,12,16,42,230,28.6, 16.9, -16.6,0.0, 273.7, 0.0,291.7, 251.4, 157.7
504,12,16,42,741,27.8, 16.9, -16.5,0.0, 301.0, 0.0,292.4, 278.8, 157.8
505,12,16,43,278,27.8, 16.9, -16.5,0.0, 302.3, 0.0,292.7, 280.2, 157.9
506,12,16,43,799,27.8, 16.9, -16.5,0.0, 302.3, 0.0,292.7, 280.2, 157.9
507,12,16,44,303,27.8, 16.9, -16.5,0.0, 329.0, 0.0,295.5, 307.3, 158.3
508,12,16,44,814,27.8, 16.9, -16.5,0.0, 336.7, 0.0,297.5, 315.2, 158.5
509,12,16,45,316,27.8, 16.9, -16.5,0.0, 338.7, 0.0,298.3, 317.3, 158.7
510,12,16,45,832,27.8, 16.9, -16.5,0.0, 271.4, 0.0,302.1, 250.5, 159.1
511,12,16,46,366,27.8, 16.9, -16.5,0.0, 223.8, 0.0,302.7, 203.0, 159.2
512,12,16,46,885,26.2, 17.0, -16.6,0.0, 171.7, 0.0,305.0, 151.2, 159.5
513,12,16,47,393,24.0, 16.6, -17.4,0.0, 147.5, 0.0,314.8, 128.4, 160.3
514,12,16,47,902,21.8, 16.4, -18.8,0.0, 145.9, 0.0,314.5, 127.0, 160.2
515,12,16,48,409,19.8, 16.7, -20.2,0.0, 145.9, 0.0,314.6, 126.9, 160.2
516,12,16,48,926,17.4, 17.0, -20.3,0.0, 197.8, 0.0,322.2, 178.9, 161.1
517,12,16,49,450,16.7, 17.1, -20.1,0.0, 224.2, 0.0,328.1, 205.7, 161.5
518,12,16,49,966,16.7, 17.1, -20.1,0.0, 200.3, 0.0,325.5, 182.9, 160.9
519,12,16,50,476,16.7, 17.1, -20.1,0.0, 156.5, 0.0,328.0, 138.0, 161.5
520,12,16,50,978,16.7, 17.1, -20.1,0.0, 112.5, 0.0,336.7, 94.5, 162.0
521,12,16,51,487,16.7, 17.1, -20.1,0.0, 76.1, 0.0,330.9, 60.2, 161.0
522,12,16,52,23,16.7, 17.1, -20.1,0.0, 61.7, 0.0,333.2, 45.0, 161.5
523,12,16,52,529,16.7, 17.1, -20.1,0.0, 340.2, 0.0,331.8, 324.0, 161.2
524,12,16,53,41,16.7, 17.1, -20.1,0.0, 3.2, 0.0,335.2, 345.7, 161.8
525,12,16,53,560,18.7, 16.8, -19.4,0.0, 54.8, 0.0,337.0, 36.8, 162.0
526,12,16,54,86,21.4, 16.5, -19.6,0.0, 51.7, 0.0,334.5, 34.6, 161.6
527,12,16,54,594,23.4, 16.4, -18.1,0.0, 50.2, 0.0,333.5, 33.4, 161.5
528,12,16,55,154,25.5, 17.0, -16.5,0.0, 7.2, 0.0,320.9, 355.9, 158.5
529,12,16,55,658,27.8, 16.9, -15.8,0.0, 5.3, 0.0,310.8, 0.2, 154.2
530,12,16,56,169,30.4, 16.6, -16.1,0.0, 5.3, 0.0,309.9, 0.8, 153.7
531,12,16,56,690,29.9, 16.7, -15.9,0.0, 23.8, 0.0,308.0, 20.9, 152.5
532,12,16,57,194,28.1, 16.7, -14.3,0.0, 29.8, 0.0,308.0, 26.9, 152.5
533,12,16,57,700,26.9, 16.7, -13.1,0.0, 29.8, 0.0,308.0, 26.9, 152.5
534,12,16,58,219,26.9, 16.7, -13.1,0.0, 40.4, 0.0,309.2, 36.4, 153.3
535,12,16,58,753,26.9, 16.7, -13.1,0.0, 40.4, 0.0,309.3, 36.4, 153.4
536,12,16,59,259,26.9, 16.7, -13.1,0.0, 30.2, 0.0,310.8, 25.1, 154.2
537,12,16,59,778,26.9, 16.7, -13.1,0.0, 30.1, 0.0,310.9, 24.9, 154.2
538,12,17,00,278,27.2, 16.7, -13.3,0.0, 30.1, 0.0,310.9, 24.9, 154.2
539,12,17,00,789,29.3, 16.6, -14.7,0.0, 46.2, 0.0,323.1, 33.8, 159.2
540,12,17,01,297,31.0, 16.6, -16.5,0.0, 70.8, 0.0,334.6, 53.6, 161.7
541,12,17,01,804,33.4, 16.4, -17.6,0.0, 38.9, 0.0,332.3, 22.6, 161.3
542,12,17,02,310,35.1, 16.8, -18.6,0.0, 29.6, 0.0,330.7, 13.9, 161.0
543,12,17,02,811,35.1, 16.8, -18.6,0.0, 29.6, 0.0,330.7, 13.9, 161.0
544,12,17,03,318,35.1, 16.8, -18.6,0.0, 331.7, 0.0,332.4, 315.4, 161.3
545,12,17,03,870,34.6, 16.7, -18.5,0.0, 248.6, 0.0,337.3, 230.6, 162.0
546,12,17,04,371,32.6, 16.8, -19.8,0.0, 206.4, 0.0,335.3, 189.1, 161.7
547,12,17,04,895,30.2, 17.0, -20.7,0.0, 147.4, 0.0,339.5, 129.5, 162.1
548,12,17,05,406,27.6, 16.8, -20.9,0.0, 155.4, 0.0,352.8, 137.9, 162.5
549,12,17,05,911,25.7, 16.5, -22.3,0.0, 140.6, 0.0,4.3, 123.0, 162.5
550,12,17,06,421,24.1, 16.6, -23.6,0.0, 140.6, 0.0,4.3, 123.0, 162.5
551,12,17,06,928,22.0, 16.5, -24.9,0.0, 175.4, 0.0,7.3, 157.8, 162.4
552,12,17,07,434,19.6, 16.6, -25.5,0.0, 147.8, 0.0,6.5, 130.4, 162.4
553,12,17,07,942,18.1, 16.7, -26.5,0.0, 146.8, 0.0,7.5, 129.2, 162.4
554,12,17,08,449,18.1, 16.7, -26.5,0.0, 178.3, 0.0,26.9, 159.6, 161.2
555,12,17,08,954,18.1, 16.7, -26.5,0.0, 196.4, 0.0,21.9, 179.6, 162.0
556,12,17,09,494,17.2, 17.0, -28.4,0.0, 213.0, 0.0,18.8, 197.2, 162.4
557,12,17,10,12,14.9, 17.0, -29.3,0.0, 243.9, 0.0,16.1, 229.0, 162.6
558,12,17,10,544,12.7, 16.7, -27.7,0.0, 270.2, 0.0,16.0, 255.4, 162.6
559,12,17,11,56,12.4, 17.0, -25.5,0.0, 326.0, 0.0,16.2, 311.1, 162.6
560,12,17,11,573,12.8, 17.0, -22.9,0.0, 284.9, 0.0,19.4, 268.9, 162.3
561,12,17,12,101,12.4, 17.3, -20.2,0.0, 263.6, 0.0,22.7, 246.5, 161.9
562,12,17,12,609,12.2, 17.1, -17.8,0.0, 267.7, 0.0,24.8, 249.8, 161.6
563,12,17,13,114,12.9, 17.4, -15.5,0.0, 323.8, 0.0,24.1, 306.2, 161.7
564,12,17,13,644,15.2, 17.3, -14.1,0.0, 330.5, 0.0,23.9, 313.0, 161.7
565,12,17,14,175,17.6, 17.0, -13.2,0.0, 350.0, 0.0,21.8, 333.2, 162.0
566,12,17,14,709,19.2, 16.5, -11.6,0.0, 319.7, 0.0,22.2, 302.8, 162.0
567,12,17,15,236,19.2, 16.4, -9.1,0.0, 321.2, 0.0,22.2, 304.2, 162.0
568,12,17,15,748,19.8, 16.9, -6.6,0.0, 330.8, 0.0,23.1, 313.5, 161.8
569,12,17,16,257,19.1, 17.4, -4.4,0.0, 324.1, 0.0,22.2, 307.2, 162.0
570,12,17,16,781,18.9, 17.9, -2.1,0.0, 326.6, 0.0,23.0, 309.4, 161.8
571,12,17,17,296,18.9, 18.4, 0.2,0.0, 325.3, 0.0,25.3, 307.2, 161.5
572,12,17,17,827,19.0, 18.7, 2.3,0.0, 315.4, 0.0,29.4, 296.3, 160.9
573,12,17,18,357,19.5, 18.7, 4.7,0.0, 313.1, 0.0,29.9, 293.9, 160.9
574,12,17,18,898,21.3, 18.7, 6.8,0.0, 303.4, 0.0,51.8, 279.1, 155.7
575,12,17,19,428,21.0, 18.7, 9.3,0.0, 285.3, 0.0,55.3, 259.5, 154.2
576,12,17,19,956,20.3, 18.7, 11.7,0.0, 263.6, 0.0,49.1, 242.3, 157.7
577,12,17,20,457,19.7, 18.7, 14.2,0.0, 256.8, 0.0,48.0, 236.2, 158.2
578,12,17,20,971,19.2, 18.7, 16.7,0.0, 270.7, 0.0,50.1, 248.8, 157.2
579,12,17,21,482,19.1, 18.7, 19.2,0.0, 236.5, 0.0,46.7, 216.6, 158.8
580,12,17,22,4,18.4, 18.8, 19.9,0.0, 201.9, 0.0,44.7, 183.1, 159.6
581,12,17,22,523,18.4, 18.8, 19.9,0.0, 280.2, 0.0,48.6, 259.2, 157.9
582,12,17,23,47,19.3, 18.7, 22.0,0.0, 334.6, 0.0,51.7, 311.6, 156.4
583,12,17,23,580,20.8, 18.7, 23.8,0.0, 334.1, 0.0,52.1, 310.8, 156.2
584,12,17,24,112,19.9, 18.7, 26.3,0.0, 8.6, 0.0,52.8, 344.8, 155.7
585,12,17,24,627,20.4, 18.7, 28.8,0.0, 10.6, 0.0,52.9, 346.7, 155.7
586,12,17,25,150,19.9, 18.7, 31.3,0.0, 332.0, 0.0,52.5, 308.4, 155.9
587,12,17,25,686,18.6, 18.7, 33.6,0.0, 331.0, 0.0,54.3, 306.0, 154.8
588,12,17,26,216,19.0, 18.7, 36.2,0.0, 330.0, 0.0,54.4, 304.9, 154.7
589,12,17,26,728,18.5, 18.7, 38.7,0.0, 294.0, 0.0,53.6, 269.5, 155.2
590,12,17,27,259,19.3, 18.7, 41.0,0.0, 344.6, 0.0,57.0, 317.7, 153.1
591,12,17,27,771,19.7, 18.7, 43.4,0.0, 334.5, 0.0,57.0, 307.6, 153.1
592,12,17,28,275,18.6, 18.7, 45.7,0.0, 336.0, 0.0,58.1, 308.4, 152.4
593,12,17,28,789,18.1, 18.7, 48.2,0.0, 2.9, 0.0,55.8, 337.4, 154.2
594,12,17,29,296,18.3, 18.7, 50.7,0.0, 2.9, 0.0,55.8, 337.4, 154.2
595,12,17,29,802,18.3, 18.7, 53.3,0.0, 357.2, 0.0,55.9, 331.6, 154.1
596,12,17,30,310,18.2, 18.7, 55.8,0.0, 357.7, 0.0,56.2, 331.9, 153.9
597,12,17,30,816,18.1, 18.7, 58.3,0.0, 357.7, 0.0,56.2, 331.9, 153.9
598,12,17,31,326,18.0, 18.7, 60.9,0.0, 359.1, 0.0,62.2, 328.4, 149.4
599,12,17,31,833,17.9, 18.7, 63.4,0.0, 355.7, 0.0,61.7, 325.7, 149.9
600,12,17,32,337,17.6, 18.7, 65.9,0.0, 344.4, 0.0,61.5, 314.6, 150.1
601,12,17,32,846,18.7, 18.9, 68.2,0.0, 343.0, 0.0,63.9, 310.7, 147.7
602,12,17,33,353,18.9, 18.4, 70.5,0.0, 341.3, 0.0,75.0, 286.3, 125.0
603,12,17,33,865,18.8, 18.3, 70.9,0.0, 34.3, 0.0,67.0, 2.6, 147.1
604,12,17,34,368,18.8, 18.3, 70.9,0.0, 57.8, 0.0,65.8, 28.0, 148.8
605,12,17,34,874,19.8, 18.1, 72.5,0.0, 21.4, 0.0,66.9, 349.9, 147.3
606,12,17,35,380,20.0, 17.8, 74.8,0.0, 328.0, 0.0,72.7, 282.7, 134.3
607,12,17,35,885,19.6, 17.6, 77.2,0.0, 319.1, 0.0,73.9, 269.4, 130.1
608,12,17,36,393,20.4, 17.5, 79.4,0.0, 274.1, 0.0,77.9, 198.7, 104.6
609,12,17,36,919,20.1, 17.5, 81.9,0.0, 262.8, 0.0,78.3, 154.2, 71.4
610,12,17,37,433,17.8, 17.8, 83.1,0.0, 239.3, 0.0,76.8, 113.0, 53.8
611,12,17,37,944,16.0, 18.1, 84.8,0.0, 216.1, 0.0,76.1, 85.3, 49.2
612,12,17,38,484,13.7, 18.1, 86.1,0.0, 201.2, 0.0,68.3, 47.5, 26.4
613,12,17,39,32,12.1, 18.0, 85.3,0.0, 198.0, 0.0,66.2, 41.4, 23.4
614,12,17,39,540,11.5, 18.2, 83.0,0.0, 198.0, 0.0,66.2, 41.4, 23.4
615,12,17,40,46,10.7, 19.5, 80.9,0.0, 196.4, 0.0,66.8, 40.5, 24.0
616,12,17,40,557,9.3, 20.7, 79.3,0.0, 161.6, 0.0,73.9, 17.6, 35.3
617,12,17,41,91,8.1, 21.6, 77.2,0.0, 125.7, 0.0,72.0, 337.6, 31.3
618,12,17,41,593,9.2, 21.9, 75.8,0.0, 110.3, 0.0,72.5, 323.2, 32.3
619,12,17,42,103,11.3, 23.2, 75.2,0.0, 105.9, 0.0,74.6, 323.9, 37.2
620,12,17,42,613,12.8, 24.3, 74.4,0.0, 67.6, 0.0,76.8, 293.3, 44.6
621,12,17,43,134,14.2, 24.9, 73.1,0.0, 13.2, 0.0,76.7, 238.2, 44.0
622,12,17,43,638,15.3, 25.3, 74.5,0.0, 1.3, 0.0,76.4, 225.2, 42.9
623,12,17,44,155,16.4, 26.4, 76.5,0.0, 333.8, 0.0,77.6, 203.4, 48.5
624,12,17,44,705,16.7, 27.0, 79.1,0.0, 268.2, 0.0,80.7, 184.5, 94.4
625,12,17,45,266,14.5, 27.0, 80.5,0.0, 210.4, 0.0,48.2, 201.7, 166.1
626,12,17,45,814,13.9, 27.0, 80.8,0.0, 205.7, 0.0,45.2, 198.1, 166.8
627,12,17,46,321,13.9, 27.0, 80.8,0.0, 176.3, 0.0,53.2, 165.6, 164.5
628,12,17,46,851,14.0, 27.0, 80.4,0.0, 166.6, 0.0,57.3, 153.7, 162.7
629,12,17,47,389,14.3, 27.2, 77.9,0.0, 168.8, 0.0,58.1, 155.4, 162.3
630,12,17,47,919,12.0, 27.2, 77.0,0.0, 177.8, 0.0,61.7, 162.1, 160.2
631,12,17,48,437,11.7, 27.2, 77.0,0.0, 234.2, 0.0,68.4, 211.8, 154.2
632,12,17,48,955,12.5, 27.2, 76.2,0.0, 243.5, 0.0,80.7, 163.5, 98.1
633,12,17,49,463,12.7, 27.2, 76.1,0.0, 271.4, 0.0,65.6, 114.1, 22.7
634,12,17,49,974,12.7, 27.2, 76.7,0.0, 241.1, 0.0,61.1, 79.3, 18.2
635,12,17,50,489,12.7, 27.2, 76.7,0.0, 240.5, 0.0,61.1, 78.7, 18.2
636,12,17,51,8,12.7, 27.2, 76.7,0.0, 259.4, 0.0,54.7, 93.4, 14.0
637,12,17,51,527,12.7, 27.2, 76.7,0.0, 278.5, 0.0,51.9, 111.2, 12.7
638,12,17,52,33,12.7, 27.2, 76.7,0.0, 271.2, 0.0,54.5, 104.9, 13.5
639,12,17,52,539,12.7, 27.2, 76.7,0.0, 259.6, 0.0,60.8, 96.4, 16.1
640,12,17,53,40,12.7, 27.2, 76.7,0.0, 250.1, 0.0,67.5, 92.0, 20.7
641,12,17,53,571,12.7, 27.2, 76.7,0.0, 216.2, 0.0,73.7, 66.8, 29.0
642,12,17,54,73,12.7, 27.2, 76.7,0.0, 211.1, 0.0,73.9, 62.1, 29.3
643,12,17,54,586,12.7, 27.2, 76.7,0.0, 208.5, 0.0,74.1, 59.8, 29.7
644,12,17,55,108,11.8, 27.2, 77.1,0.0, 204.9, 0.0,74.3, 56.8, 30.2
645,12,17,55,620,10.6, 27.2, 77.6,0.0, 204.9, 0.0,74.3, 56.8, 30.2
646,12,17,56,123,11.5, 27.2, 77.2,0.0, 203.4, 0.0,74.6, 55.8, 30.7
647,12,17,56,650,12.2, 27.2, 76.9,0.0, 222.8, 0.0,72.3, 70.9, 26.5
648,12,17,57,155,12.2, 27.2, 76.9,0.0, 185.6, 0.0,74.6, 38.0, 30.7
649,12,17,57,688,12.2, 27.2, 76.9,0.0, 174.9, 0.0,74.8, 27.7, 31.1
650,12,17,58,194,12.2, 27.2, 76.9,0.0, 132.9, 0.0,75.3, 347.0, 32.3
651,12,17,58,710,12.8, 27.2, 76.4,0.0, 130.4, 0.0,75.4, 344.7, 32.5
652,12,17,59,239,13.8, 27.2, 75.7,0.0, 130.4, 0.0,75.4, 344.7, 32.5
653,12,17,59,765,13.8, 27.2, 75.7,0.0, 97.1, 0.0,75.9, 66.7, 146.2
654,12,18,00,283,13.8, 27.2, 75.7,0.0, 84.8, 0.0,76.0, 54.2, 145.9
655,12,18,00,790,13.8, 27.2, 75.7,0.0, 90.7, 0.0,77.8, 54.0, 140.0
656,12,18,01,303,13.8, 27.2, 75.7,0.0, 93.1, 0.0,77.8, 56.4, 140.0
657,12,18,01,828,13.8, 27.2, 75.7,0.0, 110.9, 0.0,77.5, 75.3, 141.1
658,12,18,02,390,13.8, 27.2, 75.7,0.0, 148.6, 0.0,81.9, 46.0, 74.9
659,12,18,02,923,13.8, 27.2, 75.7,0.0, 149.7, 0.0,81.7, 42.4, 70.3
660,12,18,03,444,13.8, 27.2, 75.7,0.0, 149.7, 0.0,81.7, 42.4, 70.3
661,12,18,03,956,13.8, 27.2, 75.7,0.0, 149.7, 0.0,81.7, 42.4, 70.3
662,12,18,04,483,13.8, 27.2, 75.7,0.0, 149.7, 0.0,81.7, 42.4, 70.3
663,12,18,05,5,13.8, 27.2, 75.7,0.0, 191.3, 0.0,80.9, 72.6, 59.0
664,12,18,05,514,13.8, 27.2, 75.7,0.0, 215.9, 0.0,79.5, 85.9, 47.9
665,12,18,06,45,13.8, 27.2, 75.7,0.0, 213.8, 0.0,79.3, 82.6, 46.7
666,12,18,06,549,13.8, 27.2, 75.7,0.0, 155.0, 0.0,79.1, 23.0, 45.9
667,12,18,07,77,13.8, 27.2, 75.7,0.0, 146.1, 0.0,79.3, 15.3, 47.1
668,12,18,07,589,13.8, 27.2, 75.7,0.0, 135.8, 0.0,79.3, 5.0, 47.1
669,12,18,08,128,13.7, 27.2, 75.8,0.0, 132.8, 0.0,79.5, 2.8, 47.9
670,12,18,08,673,11.4, 27.2, 77.1,0.0, 176.3, 0.0,70.4, 21.6, 23.9
671,12,18,09,184,10.8, 27.2, 77.2,0.0, 134.4, 0.0,71.9, 341.8, 25.8
672,12,18,09,723,10.8, 27.2, 77.2,0.0, 166.1, 0.0,77.6, 27.4, 39.3
673,12,18,10,226,10.8, 27.2, 77.2,0.0, 165.7, 0.0,78.2, 29.2, 41.5
674,12,18,10,759,10.8, 27.2, 77.2,0.0, 141.7, 0.0,78.3, 5.8, 42.1
675,12,18,11,262,12.4, 27.2, 76.3,0.0, 141.7, 0.0,78.0, 4.5, 40.8
676,12,18,11,788,13.6, 27.2, 75.7,0.0, 141.7, 0.0,78.0, 4.5, 40.8
677,12,18,12,304,13.6, 27.2, 75.7,0.0, 142.2, 0.0,76.9, 0.7, 36.6
678,12,18,12,810,13.6, 27.2, 75.7,0.0, 193.7, 0.0,68.3, 36.5, 21.5
679,12,18,13,331,13.6, 27.2, 75.7,0.0, 208.2, 0.0,66.5, 49.2, 19.9
680,12,18,13,854,13.6, 27.2, 75.7,0.0, 232.6, 0.0,66.3, 73.4, 19.8
681,12,18,14,391,13.6, 27.2, 75.7,0.0, 198.7, 0.0,66.9, 40.0, 20.2
682,12,18,14,921,13.6, 27.2, 75.7,0.0, 199.2, 0.0,65.5, 39.3, 19.1
683,12,18,15,442,13.6, 27.2, 75.7,0.0, 172.6, 0.0,67.8, 14.9, 21.1
684,12,18,15,951,13.6, 27.2, 75.7,0.0, 160.3, 0.0,66.4, 1.2, 19.8
685,12,18,16,469,13.6, 27.2, 75.7,0.0, 184.5, 0.0,64.9, 24.1, 18.7
686,12,18,17,4,13.6, 27.2, 75.7,0.0, 194.0, 0.0,59.9, 30.3, 15.7
687,12,18,17,519,13.6, 27.2, 75.7,0.0, 159.8, 0.0,57.6, 354.9, 14.7
688,12,18,18,30,13.6, 27.2, 75.7,0.0, 159.0, 0.0,58.9, 354.7, 15.2
689,12,18,18,557,13.6, 27.2, 75.7,0.0, 150.2, 0.0,59.1, 346.0, 15.3
690,12,18,19,87,13.6, 27.2, 75.7,0.0, 218.6, 0.0,50.6, 50.7, 12.2
691,12,18,19,612,13.6, 27.2, 75.7,0.0, 260.1, 0.0,43.8, 89.9, 9.8
692,12,18,20,116,12.3, 27.2, 77.0,0.0, 332.1, 0.0,39.0, 160.6, 8.5
693,12,18,20,621,13.8, 27.2, 78.5,0.0, 27.4, 0.0,47.6, 217.8, 9.8
694,12,18,21,155,16.0, 27.0, 79.2,0.0, 104.1, 0.0,74.5, 312.0, 25.6
695,12,18,21,666,17.2, 27.0, 77.8,0.0, 175.6, 0.0,82.9, 67.1, 68.5
696,12,18,22,207,16.7, 26.6, 76.9,0.0, 181.7, 0.0,82.7, 120.6, 115.6
697,12,18,22,709,15.6, 25.6, 75.1,0.0, 198.9, 0.0,80.2, 160.0, 137.6
698,12,18,23,239,14.0, 24.9, 73.3,0.0, 252.0, 0.0,80.2, 213.1, 137.6
699,12,18,23,758,12.3, 24.1, 74.0,0.0, 266.8, 0.0,80.9, 223.6, 133.4
700,12,18,24,264,10.5, 22.9, 75.0,0.0, 285.3, 0.0,81.5, 237.7, 129.0
701,12,18,24,768,9.0, 21.6, 76.4,0.0, 329.8, 0.0,83.4, 243.7, 90.7
702,12,18,25,271,9.4, 21.0, 78.6,0.0, 341.2, 0.0,82.3, 223.6, 59.5
703,12,18,25,778,10.4, 19.7, 80.5,0.0, 14.8, 0.0,73.6, 221.2, 24.1
704,12,18,26,312,12.0, 18.6, 82.0,0.0, 80.5, 0.0,73.8, 287.2, 24.4
705,12,18,26,820,14.1, 17.8, 81.7,0.0, 103.7, 0.0,74.8, 312.1, 26.1
706,12,18,27,364,16.8, 17.8, 81.0,0.0, 106.9, 0.0,75.5, 316.7, 27.4
707,12,18,27,886,18.9, 17.9, 79.7,0.0, 154.1, 0.0,72.3, 358.6, 22.3
708,12,18,28,414,19.4, 17.6, 77.3,0.0, 185.5, 0.0,68.4, 25.6, 18.2
709,12,18,28,963,20.1, 17.8, 74.8,0.0, 140.6, 0.0,66.0, 338.8, 16.5
710,12,18,29,482,20.1, 17.8, 74.8,0.0, 119.8, 0.0,63.4, 316.3, 14.9
711,12,18,30,3,21.6, 17.8, 75.6,0.0, 37.6, 0.0,50.9, 228.9, 10.5
712,12,18,30,520,22.2, 17.6, 78.0,0.0, 5.9, 0.0,47.7, 196.3, 9.8
713,12,18,31,27,21.7, 17.5, 80.5,0.0, 337.7, 0.0,32.1, 164.8, 7.1
714,12,18,31,534,22.5, 17.5, 82.9,0.0, 334.7, 0.0,20.2, 160.1, 5.4
715,12,18,32,42,23.7, 17.6, 85.1,0.0, 349.7, 0.0,20.1, 175.1, 5.4
716,12,18,32,549,25.1, 17.8, 87.2,0.0, 5.2, 0.0,19.4, 190.5, 5.3
717,12,18,33,59,25.8, 17.7, 89.6,0.0, 9.1, 0.0,19.4, 194.4, 5.3
718,12,18,33,567,26.2, 17.5, 92.1,0.0, 9.1, 0.0,19.4, 194.4, 5.3
719,12,18,34,73,26.6, 17.2, 94.6,0.0, 351.4, 0.0,20.4, 176.8, 5.3
720,12,18,34,575,27.0, 16.9, 97.0,0.0, 325.8, 0.0,17.7, 150.9, 5.1
721,12,18,35,87,27.5, 16.7, 99.5,0.0, 325.8, 0.0,17.7, 150.9, 5.1
722,12,18,35,591,27.9, 16.8, 102.0,0.0, 325.9, 0.0,17.7, 151.0, 5.1
723,12,18,36,99,28.4, 17.0, 104.4,0.0, 331.9, 0.0,16.5, 156.9, 5.0
724,12,18,36,618,30.6, 17.3, 105.5,0.0, 60.5, 0.0,21.1, 245.9, 5.1
725,12,18,37,126,32.9, 17.5, 106.6,0.0, 49.1, 0.0,22.2, 234.6, 5.2
726,12,18,37,632,34.0, 17.6, 108.8,0.0, 21.8, 0.0,21.3, 207.2, 5.1
727,12,18,38,140,34.9, 17.7, 111.1,0.0, 21.8, 0.0,21.3, 207.2, 5.1
728,12,18,38,646,35.6, 17.8, 113.6,0.0, 338.2, 0.0,18.3, 163.4, 5.0
729,12,18,39,154,35.0, 17.7, 114.3,0.0, 275.9, 0.0,1.3, 99.6, 3.7
730,12,18,39,671,35.0, 17.7, 114.3,0.0, 239.7, 0.0,354.4, 63.0, 3.3
731,12,18,40,181,35.0, 17.7, 114.3,0.0, 286.8, 0.0,357.5, 110.3, 3.3
732,12,18,40,704,34.0, 17.7, 115.4,0.0, 316.2, 0.0,356.3, 139.6, 3.3
733,12,18,41,212,34.5, 17.9, 117.2,0.0, 349.5, 0.0,337.5, 172.0, 2.5
734,12,18,41,723,36.9, 17.5, 117.2,0.0, 39.9, 0.0,335.0, 222.3, 2.4
735,12,18,42,229,39.4, 17.2, 117.2,0.0, 72.2, 0.0,334.3, 254.6, 2.4
736,12,18,42,737,40.2, 17.1, 119.3,0.0, 83.6, 0.0,331.0, 265.9, 2.3
737,12,18,43,245,39.6, 17.4, 121.6,0.0, 67.9, 0.0,329.6, 250.2, 2.2
738,12,18,43,754,37.4, 17.8, 122.2,0.0, 59.7, 0.0,329.6, 242.0, 2.2
739,12,18,44,262,38.7, 17.4, 119.9,0.0, 59.9, 0.0,329.6, 242.2, 2.2
740,12,18,44,767,39.9, 17.1, 118.4,0.0, 46.5, 0.0,330.0, 228.8, 2.2
741,12,18,45,273,39.9, 17.1, 118.4,0.0, 51.8, 0.0,323.2, 233.9, 2.1
742,12,18,45,778,41.3, 17.2, 117.1,0.0, 198.1, 0.0,332.6, 20.6, 1.9
743,12,18,46,302,40.4, 17.3, 114.6,0.0, 199.7, 0.0,330.5, 22.1, 1.9
744,12,18,46,840,38.5, 17.5, 113.0,0.0, 203.0, 0.0,329.4, 25.3, 1.9
745,12,18,47,369,36.8, 17.5, 111.0,0.0, 164.6, 0.0,324.8, 346.7, 2.0
746,12,18,47,871,35.2, 17.6, 109.2,0.0, 199.0, 0.0,324.6, 21.1, 2.1
747,12,18,48,394,32.8, 17.6, 108.1,0.0, 194.3, 0.0,325.4, 16.5, 2.0
748,12,18,48,900,31.4, 17.4, 106.1,0.0, 166.1, 0.0,322.1, 348.1, 2.1
749,12,18,49,411,30.1, 17.2, 103.9,0.0, 166.0, 0.0,322.1, 348.0, 2.1
750,12,18,49,915,28.9, 17.0, 101.7,0.0, 160.6, 0.0,321.6, 342.6, 2.0
751,12,18,50,419,27.9, 16.8, 99.4,0.0, 160.4, 0.0,320.0, 342.4, 2.0
752,12,18,50,931,27.5, 16.8, 98.3,0.0, 135.9, 0.0,310.9, 317.7, 1.8
753,12,18,51,472,25.5, 16.8, 96.5,0.0, 138.1, 0.0,310.7, 319.9, 1.8
754,12,18,51,979,23.6, 17.0, 94.8,0.0, 138.1, 0.0,310.7, 319.9, 1.8
755,12,18,52,501,21.6, 17.2, 93.0,0.0, 138.1, 0.0,310.7, 319.9, 1.8
756,12,18,53,20,19.8, 17.7, 91.4,0.0, 138.1, 0.0,310.7, 319.9, 1.8
757,12,18,53,542,20.9, 17.5, 89.4,0.0, 140.9, 0.0,309.7, 322.6, 1.8
758,12,18,54,64,22.5, 17.4, 87.3,0.0, 141.2, 0.0,309.7, 322.9, 1.8
759,12,18,54,584,23.2, 17.6, 85.0,0.0, 181.7, 0.0,312.9, 3.6, 1.7
760,12,18,55,99,23.0, 17.6, 82.5,0.0, 217.7, 0.0,312.9, 39.6, 1.7
761,12,18,55,618,21.7, 17.4, 83.4,0.0, 217.7, 0.0,304.7, 39.3, 1.7
762,12,18,56,133,19.7, 17.6, 85.0,0.0, 216.7, 0.0,304.6, 38.3, 1.7
763,12,18,56,648,19.5, 17.7, 85.1,0.0, 127.7, 0.0,301.4, 309.3, 1.6
764,12,18,57,155,19.5, 17.7, 85.1,0.0, 82.6, 0.0,299.7, 264.2, 1.6
765,12,18,57,665,19.5, 17.7, 85.1,0.0, 9.2, 0.0,298.4, 190.7, 1.5
766,12,18,58,172,19.5, 17.7, 85.1,0.0, 12.2, 0.0,294.9, 193.7, 1.5
767,12,18,58,680,20.8, 17.4, 84.8,0.0, 8.5, 0.0,294.0, 190.0, 1.5
768,12,18,59,188,23.3, 17.6, 84.8,0.0, 329.8, 0.0,285.6, 151.1, 1.4
769,12,18,59,694,24.0, 17.7, 82.7,0.0, 337.3, 0.0,282.4, 158.6, 1.3
770,12,19,00,203,24.7, 17.8, 80.5,0.0, 303.6, 0.0,284.5, 125.1, 1.1
771,12,19,00,716,25.4, 17.9, 78.5,0.0, 344.8, 0.0,280.7, 166.1, 1.3
772,12,19,01,227,24.6, 18.0, 76.1,0.0, 347.9, 0.0,280.2, 169.2, 1.3
773,12,19,01,733,25.1, 18.8, 73.9,0.0, 347.9, 0.0,280.2, 169.2, 1.3
774,12,19,02,243,24.7, 19.2, 71.6,0.0, 8.2, 0.0,279.7, 189.5, 1.3
775,12,19,02,769,23.3, 19.2, 70.5,0.0, 311.0, 0.0,275.1, 132.2, 1.2
776,12,19,03,299,23.3, 19.2, 70.5,0.0, 265.9, 0.0,273.7, 87.1, 1.2
777,12,19,03,818,23.3, 19.2, 70.5,0.0, 230.2, 0.0,271.2, 51.4, 1.2
778,12,19,04,338,23.3, 19.2, 70.5,0.0, 281.5, 0.0,275.7, 282.6, 181.1
779,12,19,04,846,23.3, 19.2, 70.5,0.0, 305.7, 0.0,278.7, 306.8, 181.1
780,12,19,05,359,23.3, 19.2, 70.5,0.0, 32.2, 0.0,282.6, 33.2, 181.1
781,12,19,05,878,23.3, 19.2, 70.5,0.0, 83.3, 0.0,281.4, 84.2, 181.2
782,12,19,06,407,22.6, 19.1, 70.2,0.0, 147.7, 0.0,276.5, 147.7, 182.1
783,12,19,06,922,20.3, 18.5, 70.6,0.0, 164.3, 0.0,275.5, 348.9, 357.5
784,12,19,07,454,19.2, 18.9, 68.7,0.0, 117.4, 0.0,291.3, 300.1, 359.3
785,12,19,07,988,19.8, 18.7, 66.1,0.0, 109.9, 0.0,278.9, 293.5, 358.4
786,12,19,08,497,19.2, 18.7, 63.7,0.0, 100.6, 0.0,275.4, 100.1, 182.5
787,12,19,09,33,18.3, 18.7, 61.2,0.0, 129.7, 0.0,277.8, 130.0, 181.8
788,12,19,09,557,18.4, 18.7, 58.8,0.0, 115.0, 0.0,275.3, 299.6, 357.4
789,12,19,10,90,19.5, 18.7, 56.3,0.0, 103.6, 0.0,304.4, 286.0, 359.6
790,12,19,10,608,19.6, 18.7, 53.8,0.0, 104.3, 0.0,304.5, 286.7, 359.6
791,12,19,11,111,19.2, 18.7, 51.4,0.0, 104.3, 0.0,304.5, 286.7, 359.6
792,12,19,11,631,20.3, 18.8, 49.1,0.0, 104.3, 0.0,304.5, 286.7, 359.6
793,12,19,12,138,20.0, 18.7, 46.6,0.0, 98.2, 0.0,300.3, 280.7, 359.5
794,12,19,12,653,19.5, 18.7, 44.1,0.0, 144.9, 0.0,285.0, 327.8, 359.1
795,12,19,13,164,17.9, 18.7, 42.9,0.0, 200.9, 0.0,274.8, 200.1, 182.8
796,12,19,13,698,17.9, 18.7, 42.9,0.0, 252.5, 0.0,273.3, 250.4, 184.1
797,12,19,14,216,17.9, 18.7, 42.9,0.0, 252.5, 0.0,272.7, 249.5, 185.0
798,12,19,14,748,17.9, 18.7, 42.9,0.0, 247.5, 0.0,288.0, 70.3, 359.2
799,12,19,15,269,17.9, 18.7, 42.9,0.0, 247.6, 0.0,287.9, 70.4, 359.2
800,12,19,15,801,17.9, 18.7, 42.9,0.0, 247.6, 0.0,287.9, 70.4, 359.2
801,12,19,16,341,17.9, 18.7, 42.9,0.0, 247.6, 0.0,287.9, 70.4, 359.2
802,12,19,16,872,17.9, 18.7, 42.9,0.0, 220.8, 0.0,275.3, 45.4, 357.4
803,12,19,17,391,17.8, 18.8, 41.9,0.0, 184.6, 0.0,286.2, 185.6, 181.0
804,12,19,17,928,17.9, 18.8, 39.3,0.0, 153.1, 0.0,291.0, 154.0, 181.0
805,12,19,18,436,19.2, 18.7, 37.2,0.0, 125.4, 0.0,288.9, 126.2, 181.1
806,12,19,18,938,18.9, 18.7, 34.8,0.0, 108.5, 0.0,286.8, 109.1, 181.3
807,12,19,19,449,17.9, 18.8, 32.5,0.0, 169.9, 0.0,299.4, 170.8, 180.9
808,12,19,19,972,18.3, 18.7, 29.9,0.0, 170.0, 0.0,299.6, 170.9, 180.9
809,12,19,20,492,18.7, 18.7, 27.3,0.0, 171.3, 0.0,308.7, 172.2, 180.9
810,12,19,20,992,19.0, 18.7, 24.9,0.0, 171.3, 0.0,308.7, 172.2, 180.9
811,12,19,21,496,19.4, 18.7, 22.4,0.0, 162.9, 0.0,312.4, 163.7, 180.9
812,12,19,22,23,19.4, 18.7, 19.8,0.0, 152.3, 0.0,311.1, 153.1, 180.9
813,12,19,22,531,18.8, 18.7, 17.4,0.0, 162.3, 0.0,314.5, 163.1, 180.9
814,12,19,23,47,18.9, 18.7, 17.1,0.0, 201.2, 0.0,315.9, 202.0, 180.9
815,12,19,23,566,18.9, 18.7, 17.1,0.0, 202.8, 0.0,313.5, 203.6, 180.9
816,12,19,24,94,18.9, 18.7, 17.1,0.0, 208.6, 0.0,313.9, 209.4, 180.9
817,12,19,24,631,18.9, 18.7, 17.1,0.0, 242.3, 0.0,321.0, 243.1, 180.8
818,12,19,25,138,18.9, 18.7, 17.1,0.0, 248.0, 0.0,318.3, 248.8, 180.9
819,12,19,25,649,18.9, 18.7, 17.1,0.0, 281.0, 0.0,321.3, 281.8, 180.8
820,12,19,26,183,18.9, 18.7, 17.1,0.0, 303.5, 0.0,321.6, 304.3, 180.8
821,12,19,26,708,18.9, 18.7, 17.1,0.0, 246.2, 0.0,309.6, 246.7, 181.0
822,12,19,27,231,18.9, 18.7, 17.1,0.0, 234.3, 0.0,308.8, 234.8, 181.0
823,12,19,27,745,18.9, 18.7, 17.1,0.0, 221.8, 0.0,310.9, 222.4, 181.0
824,12,19,28,245,18.9, 18.7, 17.1,0.0, 197.5, 0.0,323.2, 198.3, 180.8
825,12,19,28,755,19.2, 18.7, 16.5,0.0, 155.0, 0.0,339.1, 155.8, 180.8
826,12,19,29,269,19.9, 18.7, 14.0,0.0, 155.0, 0.0,340.3, 155.8, 180.8
827,12,19,29,792,20.0, 18.7, 11.5,0.0, 128.3, 0.0,340.3, 129.1, 180.8
828,12,19,30,298,20.3, 18.7, 9.0,0.0, 128.1, 0.0,340.3, 128.9, 180.8
829,12,19,30,805,19.6, 18.7, 6.5,0.0, 164.3, 0.0,340.1, 165.1, 180.8
830,12,19,31,314,20.2, 18.7, 4.1,0.0, 173.6, 0.0,340.9, 174.4, 180.8
831,12,19,31,824,19.9, 18.7, 3.1,0.0, 203.3, 0.0,340.4, 204.0, 180.8
832,12,19,32,342,19.0, 18.7, 1.5,0.0, 246.1, 0.0,341.8, 246.9, 180.8
833,12,19,32,887,18.9, 18.2, -0.9,0.0, 326.1, 0.0,348.6, 326.8, 180.8
834,12,19,33,422,20.5, 17.8, -2.6,0.0, 324.8, 0.0,348.7, 325.5, 180.8
835,12,19,33,940,21.8, 17.4, -4.7,0.0, 305.0, 0.0,348.8, 305.7, 180.8
836,12,19,34,465,22.7, 17.6, -7.0,0.0, 267.3, 0.0,345.9, 268.0, 180.8
837,12,19,34,999,22.9, 16.1, -9.2,0.0, 267.2, 0.0,345.9, 267.9, 180.8
838,12,19,35,502,22.1, 16.3, -11.6,0.0, 225.7, 0.0,344.7, 226.4, 180.8
839,12,19,36,24,21.0, 16.3, -13.8,0.0, 222.2, 0.0,344.3, 222.9, 180.8
840,12,19,36,529,19.3, 16.6, -15.6,0.0, 219.2, 0.0,344.6, 219.9, 180.8
841,12,19,37,41,17.3, 17.0, -17.1,0.0, 260.6, 0.0,345.2, 261.3, 180.8
842,12,19,37,577,15.3, 17.5, -18.5,0.0, 262.9, 0.0,344.1, 263.6, 180.8
843,12,19,38,94,13.5, 17.4, -20.3,0.0, 271.1, 0.0,331.0, 271.6, 180.8
844,12,19,38,611,11.1, 17.1, -21.1,0.0, 255.9, 0.0,329.9, 256.4, 180.9
845,12,19,39,119,8.7, 17.0, -21.0,0.0, 302.0, 0.0,323.0, 302.3, 180.9
846,12,19,39,638,6.5, 16.6, -19.7,0.0, 306.1, 0.0,321.6, 306.4, 180.9
847,12,19,40,169,4.0, 16.0, -19.1,0.0, 328.2, 0.0,320.5, 328.5, 181.0
848,12,19,40,676,1.9, 15.4, -17.9,0.0, 2.6, 0.0,343.7, 3.3, 180.8
849,12,19,41,184,0.6, 14.8, -15.8,0.0, 355.1, 0.0,347.5, 355.8, 180.8
850,12,19,41,717,-0.5, 14.3, -13.6,0.0, 328.3, 0.0,353.5, 329.0, 180.7
851,12,19,42,231,-1.7, 13.8, -11.3,0.0, 329.5, 0.0,1.5, 330.2, 180.7
852,12,19,42,746,-2.9, 13.4, -9.1,0.0, 291.9, 0.0,1.6, 292.6, 180.7
853,12,19,43,262,-4.3, 13.1, -7.0,0.0, 254.3, 0.0,1.4, 255.0, 180.7
854,12,19,43,770,-6.5, 12.3, -6.0,0.0, 246.8, 0.0,1.2, 247.5, 180.7
855,12,19,44,289,-8.6, 11.7, -4.7,0.0, 265.3, 0.0,4.2, 266.0, 180.7
856,12,19,44,804,-10.6, 11.5, -3.1,0.0, 259.7, 0.0,2.0, 260.4, 180.7
857,12,19,45,311,-12.5, 11.3, -1.5,0.0, 252.6, 0.0,1.2, 253.3, 180.7
858,12,19,45,812,-14.7, 10.8, -0.4,0.0, 251.3, 0.0,0.9, 252.0, 180.7
859,12,19,46,338,-16.0, 10.9, 1.6,0.0, 335.2, 0.0,6.8, 335.9, 180.7
860,12,19,46,844,-16.4, 11.0, 4.2,0.0, 11.9, 0.0,14.5, 12.6, 180.8
861,12,19,47,361,-16.2, 11.3, 6.7,0.0, 55.7, 0.0,14.5, 56.4, 180.8
862,12,19,47,890,-17.8, 11.1, 8.2,0.0, 329.9, 0.0,25.6, 330.7, 180.8
863,12,19,48,413,-20.2, 10.8, 7.4,0.0, 313.7, 0.0,25.7, 314.5, 180.8
864,12,19,48,933,-22.0, 10.8, 9.1,0.0, 315.2, 0.0,27.2, 316.0, 180.8
865,12,19,49,444,-22.3, 10.8, 11.6,0.0, 315.7, 0.0,27.9, 316.5, 180.8
866,12,19,49,947,-23.3, 10.8, 13.9,0.0, 343.1, 0.0,35.8, 343.9, 180.8
867,12,19,50,500,-25.2, 10.6, 15.7,0.0, 14.9, 0.0,33.9, 15.7, 180.8
868,12,19,51,0,-26.3, 10.6, 17.9,0.0, 17.9, 0.0,33.9, 18.7, 180.8
869,12,19,51,523,-27.6, 10.7, 20.3,0.0, 17.9, 0.0,33.9, 18.7, 180.8
870,12,19,52,44,-28.6, 10.7, 22.7,0.0, 17.4, 0.0,33.5, 18.2, 180.8
871,12,19,52,567,-28.0, 10.6, 25.2,0.0, 24.1, 0.0,33.6, 24.9, 180.8
872,12,19,53,72,-26.6, 10.3, 27.1,0.0, 56.4, 0.0,32.6, 57.2, 180.8
873,12,19,53,605,-26.2, 10.3, 29.8,0.0, 19.5, 0.0,38.5, 20.3, 180.9
874,12,19,54,105,-26.5, 10.3, 32.2,0.0, 298.1, 0.0,49.3, 299.1, 181.0
875,12,19,54,629,-26.1, 10.3, 34.8,0.0, 310.5, 0.0,58.0, 311.6, 181.1
876,12,19,55,147,-24.4, 10.2, 36.6,0.0, 329.0, 0.0,66.9, 330.4, 181.5
877,12,19,55,684,-23.3, 10.0, 39.0,0.0, 356.6, 0.0,68.0, 358.1, 181.5
878,12,19,56,206,-21.4, 9.9, 40.7,0.0, 15.6, 0.0,68.5, 17.1, 181.5
879,12,19,56,756,-19.0, 10.0, 42.0,0.0, 47.5, 0.0,70.2, 49.1, 181.7
880,12,19,57,281,-17.0, 10.3, 43.6,0.0, 56.3, 0.0,71.6, 58.0, 181.8
881,12,19,57,791,-15.7, 10.8, 45.6,0.0, 56.3, 0.0,71.6, 58.0, 181.8
882,12,19,58,295,-13.8, 11.4, 47.0,0.0, 56.4, 0.0,71.7, 58.1, 181.8
883,12,19,58,805,-13.4, 12.3, 49.4,0.0, 49.4, 0.0,71.7, 51.1, 181.8
884,12,19,59,316,-12.7, 13.2, 51.6,0.0, 17.0, 0.0,82.1, 20.7, 183.7
885,12,19,59,824,-12.1, 14.1, 54.0,0.0, 8.1, 0.0,83.5, 12.6, 184.5
886,12,20,00,332,-11.9, 15.0, 56.3,0.0, 7.1, 0.0,83.6, 11.6, 184.5
887,12,20,00,840,-11.2, 15.7, 58.6,0.0, 7.1, 0.0,83.6, 11.6, 184.5
888,12,20,01,350,-10.9, 16.3, 61.1,0.0, 8.5, 0.0,83.7, 13.1, 184.6
889,12,20,01,854,-9.1, 16.6, 62.8,0.0, 32.0, 0.0,80.4, 35.0, 183.0
890,12,20,02,361,-8.0, 16.9, 64.7,0.0, 43.1, 0.0,78.7, 45.6, 182.6
891,12,20,02,867,-8.2, 17.4, 67.1,0.0, 359.4, 0.0,77.6, 1.7, 182.3
892,12,20,03,376,-7.3, 17.8, 69.3,0.0, 9.5, 0.0,76.4, 11.6, 182.1
893,12,20,03,884,-5.4, 17.9, 71.0,0.0, 17.0, 0.0,74.4, 18.8, 181.9
894,12,20,04,389,-4.5, 18.1, 73.3,0.0, 34.9, 0.0,71.6, 36.4, 181.6
895,12,20,04,896,-3.2, 18.4, 75.3,0.0, 320.6, 0.0,82.9, 324.7, 184.1
896,12,20,05,407,-2.3, 18.6, 77.5,0.0, 30.7, 0.0,81.6, 34.0, 183.3
897,12,20,05,907,-0.3, 18.6, 78.8,0.0, 31.4, 0.0,81.5, 34.7, 183.3
898,12,20,06,413,1.6, 18.6, 80.3,0.0, 64.6, 0.0,74.0, 66.3, 181.8
899,12,20,06,921,3.5, 18.6, 81.9,0.0, 28.4, 0.0,78.4, 30.8, 182.4
900,12,20,07,427,5.0, 18.7, 83.8,0.0, 66.5, 0.0,73.1, 68.1, 181.7
901,12,20,07,935,7.3, 18.8, 84.8,0.0, 66.5, 0.0,73.1, 68.1, 181.7
902,12,20,08,442,9.3, 18.2, 86.3,0.0, 32.2, 0.0,80.8, 35.2, 183.0
903,12,20,08,947,10.6, 17.9, 88.3,0.0, 19.0, 0.0,82.8, 22.9, 183.9
904,12,20,09,456,11.4, 17.9, 90.7,0.0, 338.3, 0.0,80.8, 155.6, 357.3
905,12,20,09,965,13.0, 17.8, 92.6,0.0, 22.6, 0.0,81.0, 199.8, 357.2
906,12,20,10,474,15.2, 17.6, 93.6,0.0, 31.0, 0.0,82.8, 207.5, 356.6
907,12,20,10,986,16.6, 17.7, 95.8,0.0, 31.0, 0.0,82.8, 207.5, 356.6
908,12,20,11,494,18.1, 17.7, 97.8,0.0, 53.5, 0.0,83.5, 229.7, 356.2
909,12,20,12,4,20.1, 17.5, 99.4,0.0, 40.5, 0.0,82.1, 217.3, 356.9
910,12,20,12,511,21.4, 17.3, 101.5,0.0, 29.9, 0.0,81.2, 207.1, 357.2
911,12,20,13,17,22.6, 17.4, 103.7,0.0, 29.2, 0.0,80.7, 206.5, 357.3
912,12,20,13,524,23.9, 17.6, 105.9,0.0, 29.2, 0.0,80.7, 206.5, 357.3
913,12,20,14,31,25.8, 17.7, 107.6,0.0, 4.2, 0.0,73.4, 182.8, 358.6
914,12,20,14,538,27.6, 17.6, 109.3,0.0, 0.9, 0.0,72.3, 179.6, 358.7
915,12,20,15,53,28.7, 17.6, 111.6,0.0, 324.7, 0.0,61.2, 143.9, 359.3
916,12,20,15,558,30.2, 17.9, 113.5,0.0, 320.7, 0.0,58.6, 140.0, 359.3
917,12,20,16,66,32.6, 17.9, 114.3,0.0, 15.4, 0.0,61.8, 194.6, 359.3
918,12,20,16,574,34.8, 17.7, 115.5,0.0, 37.3, 0.0,64.8, 216.5, 359.2
919,12,20,17,82,36.4, 17.6, 117.4,0.0, 42.8, 0.0,65.9, 221.9, 359.2
920,12,20,17,589,38.1, 17.5, 119.3,0.0, 42.5, 0.0,66.0, 221.6, 359.1
921,12,20,18,95,38.5, 17.6, 121.6,0.0, 358.0, 0.0,58.7, 177.3, 359.3
922,12,20,18,605,37.7, 17.8, 123.9,0.0, 305.6, 0.0,45.3, 125.2, 359.6
923,12,20,19,134,36.3, 18.2, 126.0,0.0, 277.9, 0.0,31.8, 97.6, 359.7
924,12,20,19,649,35.5, 18.5, 128.4,0.0, 267.0, 0.0,28.1, 86.7, 359.7
925,12,20,20,155,33.7, 18.9, 130.0,0.0, 265.7, 0.0,28.1, 85.4, 359.7
926,12,20,20,666,31.7, 19.1, 131.7,0.0, 264.2, 0.0,28.1, 83.9, 359.7
927,12,20,21,175,29.8, 19.3, 133.3,0.0, 234.1, 0.0,33.6, 53.8, 359.7
928,12,20,21,692,27.5, 19.6, 134.2,0.0, 141.2, 0.0,47.1, 320.8, 359.7
929,12,20,22,196,25.9, 19.8, 136.1,0.0, 114.0, 0.0,53.7, 293.5, 359.6
930,12,20,22,712,23.9, 20.1, 136.6,0.0, 95.3, 0.0,61.5, 274.7, 359.5
931,12,20,23,275,23.9, 20.1, 136.6,0.0, 188.5, 0.0,50.9, 8.1, 359.6
932,12,20,23,822,22.7, 20.2, 136.9,0.0, 208.2, 0.0,48.3, 27.8, 359.6
933,12,20,24,343,21.0, 20.9, 138.7,0.0, 241.7, 0.0,37.5, 61.4, 359.7
934,12,20,24,853,19.1, 21.4, 140.2,0.0, 245.0, 0.0,33.7, 64.7, 359.7
935,12,20,25,389,17.0, 21.9, 141.5,0.0, 182.4, 0.0,36.9, 2.1, 359.7
936,12,20,25,889,14.7, 22.6, 141.5,0.0, 181.2, 0.0,37.3, 0.9, 359.7
937,12,20,26,391,12.3, 23.3, 141.9,0.0, 252.5, 0.0,26.0, 72.2, 359.7
938,12,20,26,896,10.5, 23.9, 143.4,0.0, 292.9, 0.0,22.1, 112.7, 359.8
939,12,20,27,419,9.7, 24.2, 145.9,0.0, 328.7, 0.0,23.8, 148.4, 359.8
940,12,20,27,947,8.4, 24.7, 148.2,0.0, 328.6, 0.0,23.8, 148.3, 359.8
941,12,20,28,450,6.7, 25.4, 149.8,0.0, 301.1, 0.0,23.5, 120.8, 359.8
942,12,20,28,956,5.4, 26.0, 151.7,0.0, 286.4, 0.0,22.8, 106.1, 359.8
943,12,20,29,465,3.4, 26.7, 153.2,0.0, 255.2, 0.0,17.1, 75.0, 359.8
944,12,20,29,972,1.3, 27.5, 154.4,0.0, 274.8, 0.0,10.4, 94.6, 359.8
945,12,20,30,480,0.5, 28.2, 156.6,0.0, 294.5, 0.0,9.3, 114.3, 359.8
946,12,20,30,986,-0.5, 28.9, 158.9,0.0, 280.1, 0.0,11.7, 99.9, 359.8
947,12,20,31,494,-2.6, 29.6, 159.7,0.0, 280.1, 0.0,11.7, 99.9, 359.8
948,12,20,32,2,-5.0, 30.5, 160.1,0.0, 280.1, 0.0,11.7, 99.9, 359.8
949,12,20,32,549,-7.5, 31.5, 160.5,0.0, 226.4, 0.0,17.1, 46.2, 359.8
950,12,20,33,69,-9.9, 32.3, 160.0,0.0, 218.0, 0.0,17.8, 37.8, 359.8
951,12,20,33,570,-11.2, 33.2, 161.7,0.0, 266.9, 0.0,13.7, 86.7, 359.8
952,12,20,34,76,-13.3, 34.2, 162.1,0.0, 268.8, 0.0,13.1, 88.6, 359.8
953,12,20,34,586,-15.4, 35.5, 162.9,0.0, 294.0, 0.0,11.5, 113.8, 359.8
954,12,20,35,93,-17.6, 36.5, 163.0,0.0, 257.9, 0.0,8.9, 77.7, 359.8
955,12,20,35,601,-19.8, 37.6, 162.4,0.0, 253.1, 0.0,10.3, 72.9, 359.8
956,12,20,36,107,-22.0, 38.4, 161.5,0.0, 246.0, 0.0,12.0, 65.8, 359.8
957,12,20,36,618,-24.1, 39.2, 160.4,0.0, 240.0, 0.0,14.1, 59.8, 359.8
958,12,20,37,120,-26.0, 40.0, 159.0,0.0, 236.6, 0.0,15.7, 56.4, 359.8
959,12,20,37,627,-28.0, 40.6, 157.5,0.0, 228.5, 0.0,19.0, 48.3, 359.8
960,12,20,38,152,-30.1, 41.4, 156.2,0.0, 190.7, 0.0,21.6, 10.5, 359.8
961,12,20,38,662,-32.5, 41.9, 155.6,0.0, 231.7, 0.0,20.4, 51.5, 359.8
962,12,20,39,170,-34.4, 42.5, 154.2,0.0, 231.7, 0.0,20.4, 51.5, 359.8
963,12,20,39,679,-36.3, 43.1, 152.7,0.0, 231.7, 0.0,20.4, 51.5, 359.8
964,12,20,40,187,-38.3, 43.7, 151.1,0.0, 231.7, 0.0,20.4, 51.5, 359.8
965,12,20,40,696,-40.2, 44.3, 149.6,0.0, 231.7, 0.0,20.4, 51.5, 359.8
966,12,20,41,202,-42.2, 44.7, 148.0,0.0, 230.3, 0.0,21.3, 50.1, 359.8
967,12,20,41,709,-44.1, 45.1, 146.4,0.0, 230.3, 0.0,21.3, 50.1, 359.8
968,12,20,42,228,-46.0, 45.5, 144.7,0.0, 230.3, 0.0,21.3, 50.1, 359.8
969,12,20,42,748,-48.1, 45.9, 143.3,0.0, 240.7, 0.0,20.1, 60.5, 359.8
970,12,20,43,255,-49.7, 46.4, 141.5,0.0, 259.7, 0.0,20.0, 79.5, 359.8
971,12,20,43,764,-51.2, 46.9, 139.4,0.0, 260.1, 0.0,10.7, 79.9, 359.8
972,12,20,44,271,-53.2, 47.1, 138.0,0.0, 252.5, 0.0,8.4, 72.3, 359.8
973,12,20,44,777,-55.5, 47.3, 137.3,0.0, 252.5, 0.0,8.4, 72.3, 359.8
974,12,20,45,285,-58.0, 47.6, 136.5,0.0, 252.5, 0.0,8.4, 72.3, 359.8
975,12,20,45,790,-60.4, 47.9, 135.8,0.0, 252.5, 0.0,8.4, 72.3, 359.8
976,12,20,46,298,-62.7, 48.2, 135.0,0.0, 251.9, 0.0,8.8, 71.7, 359.8
977,12,20,46,804,-65.2, 48.6, 134.2,0.0, 251.9, 0.0,8.8, 71.7, 359.8
978,12,20,47,310,-67.4, 48.9, 133.2,0.0, 233.0, 0.0,13.8, 52.8, 359.8
979,12,20,47,817,-69.9, 49.2, 133.3,0.0, 232.1, 0.0,14.1, 51.9, 359.8
980,12,20,48,338,-72.1, 49.3, 132.1,0.0, 232.1, 0.0,14.1, 51.9, 359.8
981,12,20,48,844,-74.1, 49.2, 130.5,0.0, 232.1, 0.0,14.1, 51.9, 359.8
982,12,20,49,351,-76.1, 49.1, 129.0,0.0, 232.1, 0.0,14.1, 51.9, 359.8
983,12,20,49,858,-78.0, 49.4, 127.4,0.0, 228.0, 0.0,15.1, 47.8, 359.8
984,12,20,50,382,-80.3, 49.8, 126.0,0.0, 210.6, 0.0,18.4, 30.4, 359.8
985,12,20,50,893,-82.6, 49.9, 125.2,0.0, 206.4, 0.0,19.3, 26.2, 359.8
986,12,20,51,393,-84.9, 50.2, 124.3,0.0, 200.0, 0.0,20.2, 19.8, 359.8
987,12,20,51,902,-87.0, 50.5, 122.9,0.0, 200.0, 0.0,20.2, 19.8, 359.8
988,12,20,52,419,-87.7, 50.4, 120.5,0.0, 161.4, 0.0,28.3, 341.1, 359.8
989,12,20,52,924,-88.9, 50.2, 118.2,0.0, 161.4, 0.0,28.3, 341.1, 359.8
990,12,20,53,449,-90.0, 50.2, 115.8,0.0, 153.2, 0.0,31.3, 332.9, 359.8
991,12,20,53,957,-90.3, 50.0, 113.4,0.0, 109.1, 0.0,35.1, 288.8, 359.8
992,12,20,54,470,-90.5, 50.0, 110.8,0.0, 83.0, 0.0,39.0, 262.7, 359.8
993,12,20,54,982,-89.5, 49.8, 108.5,0.0, 59.4, 0.0,44.1, 239.1, 359.8
994,12,20,55,486,-90.7, 49.8, 107.9,0.0, 144.4, 0.0,32.1, 324.1, 359.8
995,12,20,55,986,-92.1, 49.8, 105.9,0.0, 150.0, 0.0,31.8, 329.7, 359.8
996,12,20,56,491,-93.1, 50.1, 103.7,0.0, 187.0, 0.0,31.5, 6.7, 359.8
997,12,20,57,7,-93.8, 50.0, 101.3,0.0, 201.2, 0.0,31.5, 20.9, 359.8
998,12,20,57,514,-94.5, 49.6, 98.9,0.0, 166.3, 0.0,52.4, 345.9, 359.7
999,12,20,58,31,-93.9, 48.9, 96.5,0.0, 164.3, 0.0,53.8, 343.9, 359.7
1000,12,20,58,539,-93.1, 48.2, 94.3,0.0, 131.6, 0.0,55.0, 311.2, 359.7
1001,12,20,59,84,-90.4, 48.4, 94.2,0.0, 119.5, 0.0,54.3, 299.1, 359.7
1002,12,20,59,585,-88.1, 48.2, 93.5,0.0, 119.3, 0.0,54.2, 298.9, 359.7
1003,12,21,00,92,-86.0, 48.5, 92.1,0.0, 122.1, 0.0,60.8, 301.6, 359.6
1004,12,21,00,594,-84.7, 48.6, 91.2,0.0, 132.5, 0.0,74.2, 311.7, 359.4
1005,12,21,01,118,-84.7, 48.6, 91.2,0.0, 137.5, 0.0,74.8, 316.7, 359.3
1006,12,21,01,624,-84.7, 48.6, 91.2,0.0, 137.5, 0.0,74.8, 316.7, 359.3
1007,12,21,02,173,-83.2, 48.4, 90.2,0.0, 118.3, 0.0,75.6, 297.5, 359.3
1008,12,21,02,679,-82.8, 48.4, 90.0,0.0, 118.5, 0.0,76.7, 297.6, 359.2
1009,12,21,03,226,-83.8, 48.5, 90.5,0.0, 121.3, 0.0,76.1, 300.4, 359.3
1010,12,21,03,763,-83.8, 48.5, 90.5,0.0, 137.0, 0.0,76.3, 316.1, 359.3
1011,12,21,04,312,-83.8, 48.5, 90.5,0.0, 138.4, 0.0,76.9, 317.5, 359.2
1012,12,21,04,838,-83.8, 48.5, 90.5,0.0, 150.4, 0.0,78.6, 329.4, 359.1
1013,12,21,05,351,-83.8, 48.5, 90.5,0.0, 162.8, 0.0,79.2, 341.7, 359.1
1014,12,21,05,873,-83.9, 48.5, 90.7,0.0, 177.9, 0.0,78.0, 356.9, 359.2
1015,12,21,06,379,-84.5, 49.0, 92.6,0.0, 214.0, 0.0,31.4, 33.7, 359.8
1016,12,21,06,888,-86.0, 48.9, 94.4,0.0, 270.7, 0.0,26.6, 90.4, 359.8
1017,12,21,07,394,-86.0, 49.1, 95.7,0.0, 258.6, 0.0,20.7, 78.4, 359.8
1018,12,21,07,905,-86.0, 49.1, 95.7,0.0, 253.7, 0.0,21.4, 73.5, 359.8
1019,12,21,08,414,-86.0, 49.1, 95.7,0.0, 252.6, 0.0,22.2, 72.4, 359.8
1020,12,21,08,922,-86.0, 49.1, 95.7,0.0, 248.3, 0.0,26.8, 68.0, 359.8
1021,12,21,09,427,-86.0, 49.1, 95.7,0.0, 248.3, 0.0,26.8, 68.0, 359.8
1022,12,21,09,949,-86.0, 49.1, 95.7,0.0, 177.9, 0.0,41.2, 357.6, 359.8
1023,12,21,10,469,-85.0, 49.0, 93.4,0.0, 133.7, 0.0,44.4, 313.4, 359.8
1024,12,21,10,978,-85.0, 49.0, 93.4,0.0, 140.6, 0.0,38.9, 320.3, 359.8
1025,12,21,11,506,-85.0, 49.0, 93.4,0.0, 117.9, 0.0,43.2, 297.6, 359.8
1026,12,21,12,10,-85.0, 49.0, 93.4,0.0, 67.1, 0.0,46.8, 246.7, 359.7
1027,12,21,12,527,-85.0, 49.0, 93.4,0.0, 29.4, 0.0,46.4, 209.0, 359.7
1028,12,21,13,33,-85.0, 49.3, 95.2,0.0, 344.6, 0.0,47.3, 164.2, 359.7
1029,12,21,13,539,-85.7, 49.4, 97.6,0.0, 345.1, 0.0,44.8, 164.8, 359.8
1030,12,21,14,50,-87.1, 49.4, 99.7,0.0, 18.8, 0.0,38.3, 198.5, 359.8
1031,12,21,14,556,-89.0, 49.5, 100.9,0.0, 8.2, 0.0,35.3, 187.9, 359.8
1032,12,21,15,66,-90.9, 49.5, 102.4,0.0, 22.5, 0.0,30.2, 202.2, 359.8
1033,12,21,15,573,-91.8, 49.7, 104.8,0.0, 22.5, 0.0,30.2, 202.2, 359.8
1034,12,21,16,83,-92.0, 49.9, 107.2,0.0, 334.2, 0.0,27.2, 153.9, 359.8
1035,12,21,16,589,-92.3, 50.0, 109.5,0.0, 260.2, 0.0,25.3, 80.0, 359.8
1036,12,21,17,94,-93.1, 50.2, 111.4,0.0, 223.2, 0.0,26.1, 42.9, 359.8
1037,12,21,17,601,-93.1, 50.2, 111.4,0.0, 222.9, 0.0,26.2, 42.6, 359.8
1038,12,21,18,109,-93.1, 50.2, 111.4,0.0, 236.8, 0.0,17.9, 56.6, 359.8
1039,12,21,18,616,-93.5, 50.3, 111.0,0.0, 205.0, 0.0,41.4, 24.7, 359.8
1040,12,21,19,179,-94.3, 50.2, 108.3,0.0, 191.7, 0.0,47.8, 11.3, 359.7
1041,12,21,19,711,-94.7, 50.2, 105.7,0.0, 176.7, 0.0,52.0, 356.3, 359.7
1042,12,21,20,212,-93.0, 50.1, 104.7,0.0, 51.9, 0.0,48.5, 231.5, 359.7
1043,12,21,20,713,-93.0, 50.1, 104.7,0.0, 63.2, 0.0,44.8, 242.9, 359.8
1044,12,21,21,240,-92.8, 50.0, 102.7,0.0, 120.7, 0.0,43.2, 300.4, 359.8
1045,12,21,21,766,-93.1, 49.6, 100.2,0.0, 165.2, 0.0,43.0, 344.9, 359.8
1046,12,21,22,269,-94.1, 49.3, 98.0,0.0, 165.5, 0.0,43.2, 345.2, 359.8
1047,12,21,22,805,-93.4, 48.5, 95.6,0.0, 136.5, 0.0,45.0, 316.2, 359.8
1048,12,21,23,321,-91.6, 48.2, 93.9,0.0, 134.1, 0.0,45.3, 313.8, 359.8
1049,12,21,23,825,-89.8, 47.8, 92.1,0.0, 131.8, 0.0,47.6, 311.4, 359.7
1050,12,21,24,349,-87.6, 48.1, 91.5,0.0, 92.9, 0.0,56.7, 272.5, 359.7
1051,12,21,24,879,-85.1, 48.7, 91.8,0.0, 104.9, 0.0,57.5, 284.5, 359.7
1052,12,21,25,429,-83.1, 49.0, 91.9,0.0, 95.3, 0.0,60.1, 274.8, 359.6
1053,12,21,25,931,-83.1, 49.0, 91.9,0.0, 94.2, 0.0,60.4, 273.7, 359.6
1054,12,21,26,483,-81.2, 49.0, 91.3,0.0, 89.5, 0.0,60.2, 269.0, 359.6
1055,12,21,27,6,-78.7, 48.8, 91.4,0.0, 86.5, 0.0,60.0, 266.0, 359.6
1056,12,21,27,510,-76.5, 49.3, 92.5,0.0, 86.5, 0.0,60.0, 266.0, 359.6
1057,12,21,28,14,-74.2, 49.2, 92.9,0.0, 86.5, 0.0,60.0, 266.0, 359.6
1058,12,21,28,538,-71.6, 48.8, 93.2,0.0, 114.8, 0.0,66.1, 294.2, 359.6
1059,12,21,29,49,-70.3, 48.0, 92.9,0.0, 118.2, 0.0,68.2, 297.6, 359.5
1060,12,21,29,575,-69.0, 48.2, 92.4,0.0, 116.6, 0.0,70.2, 295.9, 359.5
1061,12,21,30,104,-69.0, 48.2, 92.4,0.0, 133.7, 0.0,75.1, 134.2, 180.7
1062,12,21,30,608,-69.0, 48.2, 92.4,0.0, 138.4, 0.0,79.2, 139.2, 180.9
1063,12,21,31,127,-69.2, 48.1, 92.6,0.0, 141.5, 0.0,81.9, 142.6, 181.3
1064,12,21,31,665,-69.7, 48.0, 93.2,0.0, 126.4, 0.0,77.5, 305.4, 359.2
1065,12,21,32,190,-69.7, 48.0, 93.2,0.0, 109.3, 0.0,54.7, 288.9, 359.7
1066,12,21,32,727,-69.1, 48.1, 93.0,0.0, 108.5, 0.0,54.2, 288.1, 359.7