id,hour,min,sec,ms,xpos,ypos,zpos,uMousePos,vMousePos,wMousePos,uGazePos,vGazePos,wGazePos
0,15,07,42,850,80.8, 18.8, 134.0,0.0, 238.7, 0.0,10.0, 156.3, 2.3
1,15,07,43,810,80.8, 17.6, 134.0,0.0, 238.7, 0.0,10.0, 156.3, 2.3
2,15,07,44,317,80.8, 17.6, 134.0,0.0, 238.7, 0.0,10.0, 156.3, 2.3
3,15,07,44,824,80.8, 17.6, 134.0,0.0, 238.7, 0.0,10.0, 156.3, 2.3
4,15,07,45,332,80.8, 17.6, 134.0,0.0, 238.7, 0.0,10.0, 156.3, 2.3
5,15,07,45,838,80.8, 17.6, 134.0,0.0, 238.7, 0.0,10.0, 156.3, 2.3
6,15,07,46,362,80.8, 17.6, 134.0,0.0, 238.7, 0.0,10.0, 156.3, 2.3
7,15,07,46,862,80.8, 17.6, 134.0,0.0, 238.7, 0.0,10.0, 156.3, 2.3
8,15,07,47,370,80.8, 17.6, 134.0,0.0, 238.7, 0.0,10.0, 156.3, 2.3
9,15,07,47,877,80.8, 17.6, 134.0,0.0, 238.7, 0.0,10.0, 156.3, 2.3
10,15,07,48,384,80.8, 17.6, 134.0,0.0, 238.7, 0.0,10.0, 156.3, 2.3
11,15,07,48,891,80.8, 17.6, 134.0,0.0, 238.7, 0.0,10.0, 156.3, 2.3
12,15,07,49,397,80.8, 17.6, 134.0,0.0, 242.8, 0.0,8.6, 160.3, 2.2
13,15,07,49,906,80.8, 17.6, 134.0,0.0, 245.7, 0.0,5.3, 163.1, 2.2
14,15,07,50,412,80.8, 17.6, 134.0,0.0, 245.7, 0.0,5.3, 163.1, 2.2
15,15,07,50,918,80.8, 17.6, 134.0,0.0, 240.1, 0.0,9.5, 157.7, 2.3
16,15,07,51,425,80.8, 17.6, 134.0,0.0, 191.2, 0.0,6.2, 108.6, 2.2
17,15,07,51,931,80.8, 17.6, 134.0,0.0, 193.3, 0.0,6.0, 110.7, 2.2
18,15,07,52,438,80.8, 17.6, 134.0,0.0, 219.9, 0.0,2.4, 137.2, 2.2
19,15,07,52,946,80.8, 17.6, 134.0,0.0, 218.4, 0.0,0.5, 135.6, 2.2
20,15,07,53,452,80.8, 17.6, 134.0,0.0, 220.1, 0.0,1.8, 137.4, 2.2
21,15,07,53,959,80.8, 17.6, 134.0,0.0, 219.3, 0.0,2.5, 136.6, 2.2
22,15,07,54,466,80.8, 17.6, 134.0,0.0, 219.3, 0.0,2.5, 136.6, 2.2
23,15,07,54,972,80.8, 17.6, 134.0,0.0, 219.3, 0.0,2.5, 136.6, 2.2
24,15,07,55,479,80.8, 17.6, 134.0,0.0, 219.3, 0.0,2.5, 136.6, 2.2
25,15,07,55,986,80.8, 17.6, 134.0,0.0, 217.3, 0.0,2.7, 134.6, 2.2
26,15,07,56,492,80.8, 17.6, 134.0,0.0, 211.0, 0.0,2.5, 128.3, 2.2
27,15,07,56,999,80.8, 17.6, 134.0,0.0, 208.2, 0.0,3.0, 125.5, 2.2
28,15,07,57,506,80.8, 17.6, 134.0,0.0, 196.9, 0.0,4.5, 114.3, 2.2
29,15,07,58,12,80.8, 17.6, 134.0,0.0, 188.5, 0.0,4.8, 105.9, 2.2
30,15,07,58,519,80.8, 17.6, 134.0,0.0, 188.4, 0.0,4.8, 105.8, 2.2
31,15,07,59,26,80.8, 17.6, 134.0,0.0, 186.7, 0.0,4.4, 104.1, 2.2
32,15,07,59,532,80.8, 17.6, 134.0,0.0, 186.7, 0.0,4.4, 104.1, 2.2
33,15,08,00,39,80.8, 17.6, 134.0,0.0, 186.6, 0.0,5.4, 104.0, 2.2
34,15,08,00,545,80.8, 17.6, 134.0,0.0, 186.6, 0.0,5.4, 104.0, 2.2
35,15,08,01,52,80.8, 17.6, 134.0,0.0, 186.6, 0.0,5.4, 104.0, 2.2
36,15,08,01,559,80.8, 17.6, 134.0,0.0, 186.6, 0.0,5.4, 104.0, 2.2
37,15,08,02,66,80.8, 17.6, 134.0,0.0, 186.6, 0.0,5.4, 104.0, 2.2
38,15,08,02,572,80.8, 17.6, 134.0,0.0, 186.7, 0.0,5.0, 104.1, 2.2
39,15,08,03,78,80.8, 17.6, 134.0,0.0, 186.8, 0.0,5.0, 104.2, 2.2
40,15,08,03,585,80.8, 17.6, 134.0,0.0, 186.8, 0.0,5.0, 104.2, 2.2
41,15,08,04,92,80.8, 17.6, 134.0,0.0, 186.8, 0.0,5.0, 104.2, 2.2
42,15,08,04,598,80.8, 17.6, 134.0,0.0, 187.4, 0.0,5.0, 104.8, 2.2
43,15,08,05,105,82.0, 17.5, 133.8,0.0, 187.4, 0.0,5.0, 104.8, 2.2
44,15,08,05,611,84.3, 17.1, 133.5,0.0, 182.1, 0.0,7.5, 99.6, 2.2
45,15,08,06,118,85.7, 16.6, 133.4,0.0, 184.2, 0.0,11.5, 101.8, 2.3
46,15,08,06,624,85.9, 16.6, 133.4,0.0, 162.0, 0.0,10.5, 79.6, 2.3
47,15,08,07,132,85.9, 16.6, 133.4,0.0, 122.1, 0.0,6.6, 39.6, 2.2
48,15,08,07,639,86.1, 16.5, 134.1,0.0, 101.6, 0.0,349.8, 18.4, 2.3
49,15,08,08,146,86.7, 16.4, 136.6,0.0, 136.5, 0.0,313.8, 51.4, 3.2
50,15,08,08,651,88.0, 16.0, 138.2,0.0, 164.2, 0.0,308.5, 78.6, 3.6
51,15,08,09,160,88.0, 16.0, 138.2,0.0, 165.9, 0.0,308.4, 80.3, 3.6
52,15,08,09,666,89.1, 15.7, 140.1,0.0, 177.0, 0.0,297.6, 89.9, 4.8
53,15,08,10,172,90.6, 14.9, 140.1,0.0, 186.9, 0.0,278.8, 89.5, 14.7
54,15,08,10,679,92.5, 14.7, 139.8,0.0, 185.8, 0.0,270.3, 233.1, 227.4
55,15,08,11,187,93.8, 14.8, 139.3,0.0, 147.3, 0.0,272.8, 192.3, 227.9
56,15,08,11,693,94.3, 14.8, 138.1,0.0, 123.0, 0.0,274.6, 168.9, 225.9
57,15,08,12,200,93.9, 14.8, 137.7,0.0, 107.8, 0.0,277.6, 152.7, 224.9
58,15,08,12,707,92.0, 14.8, 139.0,0.0, 140.2, 0.0,279.4, 184.6, 224.4
59,15,08,13,212,91.9, 14.8, 139.7,0.0, 189.3, 0.0,280.9, 233.2, 224.0
60,15,08,13,719,94.3, 14.8, 139.1,0.0, 135.1, 0.0,282.6, 178.6, 223.5
61,15,08,14,226,94.9, 14.8, 138.8,0.0, 180.8, 0.0,290.6, 222.3, 221.5
62,15,08,14,727,94.9, 14.8, 138.8,0.0, 241.0, 0.0,305.0, 279.6, 218.6
63,15,08,15,235,94.9, 14.8, 138.8,0.0, 241.7, 0.0,309.4, 279.3, 218.1
64,15,08,15,741,94.9, 14.8, 138.8,0.0, 293.3, 0.0,326.0, 329.3, 216.0
65,15,08,16,249,92.4, 14.8, 139.2,0.0, 306.7, 0.0,331.1, 342.3, 215.6
66,15,08,16,756,90.0, 15.1, 139.1,0.0, 274.8, 0.0,336.1, 310.1, 215.3
67,15,08,17,260,87.8, 16.1, 138.7,0.0, 243.1, 0.0,334.2, 276.7, 216.0
68,15,08,17,769,86.2, 16.6, 136.7,0.0, 202.2, 0.0,327.6, 230.0, 218.8
69,15,08,18,276,84.9, 17.0, 134.8,0.0, 183.0, 0.0,317.8, 199.7, 225.6
70,15,08,18,784,84.9, 16.8, 132.3,0.0, 164.9, 0.0,309.8, 167.5, 235.8
71,15,08,19,290,86.4, 16.4, 132.8,0.0, 168.2, 0.0,305.5, 158.2, 245.8
72,15,08,19,797,87.6, 15.9, 133.1,0.0, 174.3, 0.0,305.1, 162.9, 246.9
73,15,08,20,304,87.6, 15.9, 133.1,0.0, 174.5, 0.0,305.1, 163.1, 246.9
74,15,08,20,811,88.4, 15.7, 134.8,0.0, 192.4, 0.0,307.4, 188.7, 240.7
75,15,08,21,317,88.1, 15.8, 135.0,0.0, 213.5, 0.0,309.5, 215.3, 236.4
76,15,08,21,824,87.8, 15.8, 132.7,0.0, 185.5, 0.0,307.1, 181.1, 241.3
77,15,08,22,331,89.7, 14.9, 132.8,0.0, 187.9, 0.0,310.1, 191.3, 235.2
78,15,08,22,837,89.7, 14.9, 132.9,0.0, 188.7, 0.0,316.6, 203.6, 226.8
79,15,08,23,344,89.7, 14.9, 132.9,0.0, 217.8, 0.0,328.6, 246.5, 218.3
80,15,08,23,851,89.1, 14.9, 131.0,0.0, 177.2, 0.0,329.4, 206.6, 217.9
81,15,08,24,358,90.4, 14.9, 130.9,0.0, 162.6, 0.0,327.3, 190.1, 218.9
82,15,08,24,865,90.8, 14.9, 130.5,0.0, 163.2, 0.0,326.6, 190.0, 219.4
83,15,08,25,372,91.1, 14.9, 130.4,0.0, 155.7, 0.0,328.4, 184.3, 218.4
84,15,08,25,878,90.7, 14.9, 130.7,0.0, 107.4, 0.0,332.2, 139.3, 216.7
85,15,08,26,386,89.3, 15.0, 132.5,0.0, 135.9, 0.0,334.5, 169.7, 215.9
86,15,08,26,893,88.6, 15.5, 133.4,0.0, 67.5, 0.0,341.9, 102.5, 215.1
87,15,08,27,400,88.2, 15.7, 133.8,0.0, 32.8, 0.0,356.6, 67.9, 215.1
88,15,08,27,913,86.0, 16.6, 134.4,0.0, 297.8, 0.0,18.4, 335.0, 217.2
89,15,08,28,418,84.1, 17.1, 133.9,0.0, 269.7, 0.0,17.5, 305.7, 216.9
90,15,08,28,927,82.1, 17.5, 132.3,0.0, 221.2, 0.0,11.2, 252.4, 215.7
91,15,08,29,436,81.7, 17.5, 131.2,0.0, 211.8, 0.0,8.7, 241.2, 215.4
92,15,08,29,943,83.7, 17.1, 129.7,0.0, 212.0, 0.0,8.0, 240.9, 215.4
93,15,08,30,450,83.6, 17.1, 129.2,0.0, 196.9, 0.0,8.9, 226.4, 215.5
94,15,08,30,958,82.5, 17.4, 129.6,0.0, 198.5, 0.0,9.3, 228.3, 215.5
95,15,08,31,464,82.2, 17.4, 129.7,0.0, 201.6, 0.0,9.9, 231.8, 215.6
96,15,08,31,972,82.4, 17.4, 131.2,0.0, 189.9, 0.0,11.4, 221.3, 215.8
97,15,08,32,479,80.7, 17.6, 131.3,0.0, 187.8, 0.0,12.5, 219.9, 215.9
98,15,08,32,986,78.2, 17.6, 130.9,0.0, 164.9, 0.0,22.0, 202.8, 217.9
99,15,08,33,493,76.9, 17.7, 132.8,0.0, 172.5, 0.0,36.2, 215.0, 222.5
100,15,08,33,999,76.6, 17.7, 134.6,0.0, 130.5, 0.0,44.7, 177.9, 227.4
101,15,08,34,507,76.6, 17.7, 134.6,0.0, 99.9, 0.0,53.6, 156.1, 236.2
102,15,08,35,13,76.6, 17.7, 134.6,0.0, 42.6, 0.0,65.3, 146.4, 283.8
103,15,08,35,519,76.6, 17.7, 134.6,0.0, 36.9, 0.0,65.4, 146.1, 289.5
104,15,08,36,23,76.6, 17.7, 134.6,0.0, 9.1, 0.0,66.9, 97.5, 270.5
105,15,08,36,527,76.3, 17.7, 134.8,0.0, 35.2, 0.0,66.7, 131.0, 277.3
106,15,08,37,38,74.9, 17.4, 136.3,0.0, 143.4, 0.0,59.6, 279.6, 316.2
107,15,08,37,544,75.5, 17.7, 137.5,0.0, 147.0, 0.0,58.7, 285.5, 318.5
108,15,08,38,51,76.2, 18.2, 139.7,0.0, 192.8, 0.0,55.9, 336.8, 324.0
109,15,08,38,558,74.3, 18.2, 140.8,0.0, 198.8, 0.0,55.2, 343.8, 325.0
110,15,08,39,65,75.1, 18.5, 143.0,0.0, 207.3, 0.0,53.0, 355.8, 328.8
111,15,08,39,583,75.8, 18.5, 143.9,0.0, 269.3, 0.0,42.5, 67.4, 338.1
112,15,08,40,89,75.8, 18.5, 143.9,0.0, 270.2, 0.0,40.9, 69.4, 339.2
113,15,08,40,595,75.8, 18.5, 143.9,0.0, 312.5, 0.0,35.3, 114.8, 342.3
114,15,08,41,101,75.6, 18.5, 143.8,0.0, 243.7, 0.0,33.9, 46.6, 342.9
115,15,08,41,610,74.3, 18.4, 142.1,0.0, 202.2, 0.0,14.0, 11.4, 349.2
116,15,08,42,117,74.9, 18.5, 143.8,0.0, 202.9, 0.0,8.7, 13.2, 350.3
117,15,08,42,624,74.9, 18.5, 143.8,0.0, 206.1, 0.0,8.5, 16.4, 350.3
118,15,08,43,131,74.9, 18.5, 143.8,0.0, 154.4, 0.0,337.3, 328.7, 354.3
119,15,08,43,639,74.2, 18.4, 144.7,0.0, 146.2, 0.0,320.4, 321.7, 355.5
120,15,08,44,146,75.4, 18.4, 146.3,0.0, 219.1, 0.0,313.6, 34.9, 355.9
121,15,08,44,647,76.5, 18.5, 147.0,0.0, 235.6, 0.0,303.3, 51.9, 356.3
122,15,08,45,155,78.5, 18.7, 146.8,0.0, 292.0, 0.0,293.4, 108.7, 356.7
123,15,08,45,663,78.5, 18.7, 146.8,0.0, 307.6, 0.0,292.3, 124.3, 356.7
124,15,08,46,170,78.5, 18.7, 146.8,0.0, 264.5, 0.0,290.6, 81.2, 356.9
125,15,08,46,676,79.1, 18.5, 145.1,0.0, 227.1, 0.0,290.7, 43.8, 356.9
126,15,08,47,184,78.4, 18.5, 142.8,0.0, 213.8, 0.0,290.2, 30.6, 356.8
127,15,08,47,692,78.3, 18.5, 142.7,0.0, 215.3, 0.0,289.3, 32.1, 356.8
128,15,08,48,198,79.3, 18.5, 144.9,0.0, 227.3, 0.0,287.7, 44.2, 356.9
129,15,08,48,704,80.6, 18.8, 146.9,0.0, 229.3, 0.0,287.2, 46.2, 356.9
130,15,08,49,212,81.1, 18.9, 147.5,0.0, 231.3, 0.0,286.8, 48.2, 356.9
131,15,08,49,719,80.4, 19.0, 148.0,0.0, 231.8, 0.0,286.6, 48.7, 356.9
132,15,08,50,249,80.4, 19.0, 148.0,0.0, 248.7, 0.0,277.1, 65.9, 357.2
133,15,08,50,757,80.2, 18.7, 146.8,0.0, 249.4, 0.0,281.1, 247.0, 177.6
134,15,08,51,263,78.4, 18.5, 145.1,0.0, 223.5, 0.0,280.7, 221.3, 177.4
135,15,08,51,771,78.2, 18.5, 144.9,0.0, 214.3, 0.0,280.3, 212.2, 177.3
136,15,08,52,278,79.5, 18.6, 146.3,0.0, 229.0, 0.0,280.7, 226.8, 177.4
137,15,08,52,785,79.7, 19.1, 148.7,0.0, 229.0, 0.0,280.7, 226.8, 177.4
138,15,08,53,304,79.7, 19.1, 148.7,0.0, 265.0, 0.0,282.2, 262.6, 177.6
139,15,08,53,826,79.7, 19.1, 148.7,0.0, 272.3, 0.0,285.5, 270.0, 177.7
140,15,08,54,330,78.8, 19.0, 148.5,0.0, 281.6, 0.0,288.7, 279.4, 177.7
141,15,08,54,835,77.8, 18.8, 148.1,0.0, 231.1, 0.0,288.8, 228.9, 177.7
142,15,08,55,343,77.8, 18.8, 148.1,0.0, 224.9, 0.0,286.7, 223.0, 177.4
143,15,08,55,851,77.9, 18.9, 148.9,0.0, 201.5, 0.0,285.4, 199.8, 177.2
144,15,08,56,357,77.1, 19.3, 150.2,0.0, 235.6, 0.0,290.9, 233.4, 177.8
145,15,08,56,863,77.1, 19.3, 150.1,0.0, 218.1, 0.0,287.2, 216.4, 177.3
146,15,08,57,371,77.4, 18.7, 147.8,0.0, 220.5, 0.0,287.5, 218.7, 177.3
147,15,08,57,878,79.5, 18.7, 146.7,0.0, 220.5, 0.0,289.1, 218.5, 177.6
148,15,08,58,382,78.2, 18.6, 144.9,0.0, 234.3, 0.0,291.5, 232.1, 177.8
149,15,08,58,890,78.2, 18.5, 142.4,0.0, 210.6, 0.0,293.6, 208.4, 177.8
150,15,08,59,398,77.5, 18.4, 140.0,0.0, 210.9, 0.0,294.5, 208.7, 177.8
151,15,08,59,905,76.4, 17.8, 137.9,0.0, 210.3, 0.0,294.8, 208.1, 177.8
152,15,09,00,412,76.9, 17.7, 135.4,0.0, 188.5, 0.0,296.9, 186.3, 177.9
153,15,09,00,919,76.5, 17.7, 132.9,0.0, 189.8, 0.0,296.9, 187.6, 177.9
154,15,09,01,426,76.4, 17.5, 132.1,0.0, 246.4, 0.0,316.6, 244.5, 178.1
155,15,09,01,930,76.1, 17.3, 130.6,0.0, 280.2, 0.0,322.3, 278.4, 178.1
156,15,09,02,438,74.2, 16.9, 129.0,0.0, 281.0, 0.0,323.5, 279.2, 178.2
157,15,09,02,944,72.7, 16.9, 127.2,0.0, 291.1, 0.0,334.9, 289.3, 178.2
158,15,09,03,451,71.2, 17.4, 125.2,0.0, 304.5, 0.0,339.4, 302.7, 178.3
159,15,09,03,959,69.7, 18.1, 123.5,0.0, 287.1, 0.0,348.2, 285.4, 178.3
160,15,09,04,462,68.2, 18.3, 121.5,0.0, 229.5, 0.0,0.3, 227.8, 178.3
161,15,09,04,972,66.8, 18.5, 120.3,0.0, 180.9, 0.0,12.0, 179.2, 178.3
162,15,09,05,480,65.3, 18.3, 119.5,0.0, 135.9, 0.0,8.9, 134.3, 178.3
163,15,09,05,986,65.3, 18.3, 119.5,0.0, 90.2, 0.0,18.5, 88.5, 178.3
164,15,09,06,493,65.3, 18.3, 119.5,0.0, 70.9, 0.0,30.8, 69.0, 178.2
165,15,09,06,999,65.3, 18.3, 119.5,0.0, 43.6, 0.0,38.1, 41.6, 178.1
166,15,09,07,505,65.7, 18.3, 120.4,0.0, 16.3, 0.0,38.2, 14.3, 178.1
167,15,09,08,9,65.9, 18.2, 121.0,0.0, 5.1, 0.0,38.2, 3.1, 178.1
168,15,09,08,514,65.9, 18.2, 121.0,0.0, 1.2, 0.0,38.4, 359.2, 178.0
169,15,09,09,22,65.9, 18.2, 121.0,0.0, 20.6, 0.0,41.3, 18.6, 178.0
170,15,09,09,530,65.9, 18.2, 121.0,0.0, 6.5, 0.0,32.3, 4.8, 178.2
171,15,09,10,38,64.4, 17.6, 121.0,0.0, 0.4, 0.0,24.7, 359.0, 178.3
172,15,09,10,543,63.5, 17.7, 119.7,0.0, 355.7, 0.0,21.5, 354.4, 178.4
173,15,09,11,49,61.8, 17.1, 119.5,0.0, 11.9, 0.0,22.1, 10.6, 178.4
174,15,09,11,557,61.3, 16.8, 120.1,0.0, 47.9, 0.0,34.5, 46.2, 178.2
175,15,09,12,64,60.0, 16.1, 122.0,0.0, 24.7, 0.0,62.6, 21.8, 177.1
176,15,09,12,572,57.9, 15.8, 123.5,0.0, 4.1, 0.0,69.1, 186.5, 2.5
177,15,09,13,79,56.1, 16.0, 125.2,0.0, 7.9, 0.0,37.0, 188.6, 0.8
178,15,09,13,588,53.6, 16.3, 125.6,0.0, 7.6, 0.0,36.0, 188.3, 0.7
179,15,09,14,93,51.3, 16.4, 126.5,0.0, 10.5, 0.0,26.8, 191.1, 0.6
180,15,09,14,600,49.0, 16.7, 127.4,0.0, 3.6, 0.0,12.6, 184.0, 0.4
181,15,09,15,104,47.1, 17.3, 128.9,0.0, 356.9, 0.0,7.5, 177.3, 0.4
182,15,09,15,611,44.9, 17.7, 130.1,0.0, 356.4, 0.0,6.9, 176.8, 0.4
183,15,09,16,128,42.4, 18.0, 130.6,0.0, 301.9, 0.0,3.1, 122.2, 0.4
184,15,09,16,636,40.3, 18.3, 131.9,0.0, 299.5, 0.0,2.4, 119.8, 0.4
185,15,09,17,139,39.8, 18.4, 132.1,0.0, 337.2, 0.0,0.6, 157.5, 0.3
186,15,09,17,649,37.3, 18.4, 131.6,0.0, 4.2, 0.0,351.7, 184.5, 0.3
187,15,09,18,156,34.8, 18.7, 131.9,0.0, 2.0, 0.0,343.0, 182.2, 0.3
188,15,09,18,663,32.4, 19.0, 132.0,0.0, 1.0, 0.0,341.2, 181.2, 0.3
189,15,09,19,172,29.8, 19.4, 132.1,0.0, 345.9, 0.0,346.6, 166.2, 0.2
190,15,09,19,677,27.3, 19.7, 131.8,0.0, 2.3, 0.0,356.9, 182.6, 0.2
191,15,09,20,184,25.6, 19.9, 131.3,0.0, 16.7, 0.0,21.3, 197.1, 0.3
192,15,09,20,691,25.5, 20.1, 129.7,0.0, 28.6, 0.0,38.0, 209.1, 0.3
193,15,09,21,198,24.0, 20.4, 128.6,0.0, 60.2, 0.0,38.9, 240.7, 0.3
194,15,09,21,707,23.5, 20.4, 129.2,0.0, 86.6, 0.0,43.9, 267.2, 0.3
195,15,09,22,213,23.4, 20.4, 129.9,0.0, 81.8, 0.0,55.3, 262.5, 0.4
196,15,09,22,720,21.9, 20.7, 129.8,0.0, 95.1, 0.0,45.0, 275.7, 0.3
197,15,09,23,227,21.7, 20.6, 130.4,0.0, 116.2, 0.0,42.5, 296.7, 0.3
198,15,09,23,733,21.9, 20.4, 131.0,0.0, 113.1, 0.0,42.6, 293.6, 0.3
199,15,09,24,240,21.9, 20.4, 131.0,0.0, 119.0, 0.0,42.0, 299.5, 0.3
200,15,09,24,747,21.5, 20.5, 131.3,0.0, 120.4, 0.0,40.3, 300.9, 0.3
201,15,09,25,253,20.9, 20.6, 131.7,0.0, 105.8, 0.0,36.7, 286.3, 0.3
202,15,09,25,761,19.6, 20.9, 132.6,0.0, 108.8, 0.0,1.6, 289.1, 0.2
203,15,09,26,266,20.2, 20.6, 134.4,0.0, 177.9, 0.0,355.9, 358.2, 0.2
204,15,09,26,773,20.2, 20.6, 134.7,0.0, 86.4, 0.0,325.7, 266.6, 0.2
205,15,09,27,280,19.8, 20.8, 137.2,0.0, 75.3, 0.0,281.1, 255.4, 0.1
206,15,09,27,787,19.7, 20.9, 137.7,0.0, 61.4, 0.0,300.7, 61.5, 180.1
207,15,09,28,293,19.7, 20.9, 137.7,0.0, 85.5, 0.0,324.5, 85.6, 180.1
208,15,09,28,800,19.7, 20.9, 137.7,0.0, 114.6, 0.0,325.2, 114.7, 180.1
209,15,09,29,307,20.3, 21.0, 138.8,0.0, 118.8, 0.0,326.3, 118.9, 180.1
210,15,09,29,814,21.3, 21.1, 140.8,0.0, 88.2, 0.0,329.9, 88.3, 180.1
211,15,09,30,321,21.1, 21.1, 141.4,0.0, 63.3, 0.0,344.9, 63.4, 180.1
212,15,09,30,827,20.2, 21.4, 143.7,0.0, 66.8, 0.0,352.9, 66.9, 180.1
213,15,09,31,334,20.1, 21.6, 144.6,0.0, 87.0, 0.0,356.3, 87.1, 180.1
214,15,09,31,841,18.6, 22.3, 146.3,0.0, 21.5, 0.0,17.7, 21.6, 180.1
215,15,09,32,347,18.6, 22.3, 146.3,0.0, 22.0, 0.0,18.1, 22.1, 180.1
216,15,09,32,851,18.6, 22.3, 146.3,0.0, 336.7, 0.0,31.2, 336.8, 180.1
217,15,09,33,358,18.6, 22.3, 146.3,0.0, 331.2, 0.0,31.7, 331.3, 180.1
218,15,09,33,862,18.6, 22.3, 146.3,0.0, 275.5, 0.0,11.8, 275.5, 180.1
219,15,09,34,362,18.6, 22.3, 146.3,0.0, 330.5, 0.0,22.8, 330.5, 180.1
220,15,09,34,862,18.6, 22.3, 146.3,0.0, 338.2, 0.0,30.2, 338.3, 180.1
221,15,09,35,370,19.1, 21.9, 144.9,0.0, 340.3, 0.0,33.8, 340.4, 180.1
222,15,09,35,877,19.1, 21.9, 144.9,0.0, 340.3, 0.0,34.3, 340.4, 180.1
223,15,09,36,386,19.1, 21.9, 144.9,0.0, 340.7, 0.0,35.3, 340.8, 180.1
224,15,09,36,893,19.1, 21.9, 144.9,0.0, 348.2, 0.0,45.5, 348.3, 180.1
225,15,09,37,401,19.1, 21.9, 144.9,0.0, 346.2, 0.0,47.9, 346.3, 180.1
226,15,09,37,907,19.1, 21.9, 144.9,0.0, 345.1, 0.0,48.0, 345.2, 180.1
227,15,09,38,414,19.1, 21.9, 144.9,0.0, 345.1, 0.0,48.0, 345.2, 180.1
228,15,09,38,921,19.1, 21.9, 144.9,0.0, 345.5, 0.0,48.0, 345.6, 180.1
229,15,09,39,428,19.1, 21.9, 144.9,0.0, 345.5, 0.0,48.0, 345.6, 180.1
230,15,09,39,935,19.1, 21.9, 144.9,0.0, 346.4, 0.0,48.0, 346.5, 180.1
231,15,09,40,441,19.1, 21.9, 144.9,0.0, 347.3, 0.0,48.0, 347.4, 180.1
232,15,09,40,947,19.1, 21.9, 144.9,0.0, 18.3, 0.0,40.3, 18.4, 180.1
233,15,09,41,454,18.5, 22.2, 145.4,0.0, 36.3, 0.0,39.2, 36.4, 180.1
234,15,09,41,961,16.5, 22.9, 146.6,0.0, 6.7, 0.0,48.6, 6.8, 180.1
235,15,09,42,467,14.8, 23.5, 148.4,0.0, 23.6, 0.0,43.6, 23.7, 180.1
236,15,09,42,975,13.4, 24.0, 150.0,0.0, 29.2, 0.0,40.3, 29.3, 180.1
237,15,09,43,479,11.1, 24.4, 150.3,0.0, 348.6, 0.0,48.6, 348.7, 180.1
238,15,09,43,987,11.1, 24.9, 152.4,0.0, 18.4, 0.0,54.5, 18.5, 180.1
239,15,09,44,498,11.3, 25.0, 152.9,0.0, 283.8, 0.0,26.8, 283.8, 180.1
240,15,09,45,21,11.3, 25.0, 152.9,0.0, 244.8, 0.0,349.2, 244.8, 180.1
241,15,09,45,529,11.5, 24.9, 152.8,0.0, 219.9, 0.0,287.9, 219.7, 180.2
242,15,09,46,37,13.4, 24.1, 151.2,0.0, 220.9, 0.0,270.9, 44.5, 356.4
243,15,09,46,544,14.6, 23.8, 150.2,0.0, 220.8, 0.0,272.6, 42.1, 358.7
244,15,09,47,56,13.3, 24.1, 150.6,0.0, 325.9, 0.0,328.4, 325.9, 180.1
245,15,09,47,556,11.0, 24.5, 150.5,0.0, 14.8, 0.0,9.9, 14.8, 180.1
246,15,09,48,64,8.9, 25.2, 151.5,0.0, 12.6, 0.0,21.5, 12.6, 180.1
247,15,09,48,572,7.4, 25.9, 153.5,0.0, 11.4, 0.0,29.7, 11.4, 180.1
248,15,09,49,79,5.5, 26.6, 154.7,0.0, 10.5, 0.0,41.8, 10.6, 180.1
249,15,09,49,586,3.4, 27.3, 155.7,0.0, 19.2, 0.0,36.7, 19.2, 180.1
250,15,09,50,93,1.3, 28.1, 157.0,0.0, 24.8, 0.0,15.3, 24.8, 180.1
251,15,09,50,600,-0.8, 28.9, 158.0,0.0, 13.1, 0.0,47.0, 13.2, 180.1
252,15,09,51,107,-2.3, 29.6, 159.8,0.0, 8.0, 0.0,56.8, 8.1, 180.1
253,15,09,51,614,-4.2, 30.4, 161.1,0.0, 4.6, 0.0,60.2, 4.7, 180.1
254,15,09,52,121,-6.4, 31.4, 161.7,0.0, 342.3, 0.0,78.3, 342.5, 180.2
255,15,09,52,633,-8.6, 32.4, 162.4,0.0, 306.1, 0.0,88.8, 308.2, 182.1
256,15,09,53,143,-10.8, 33.3, 163.1,0.0, 274.3, 0.0,77.5, 274.5, 180.2
257,15,09,53,650,-13.0, 34.4, 163.2,0.0, 294.2, 0.0,76.3, 294.4, 180.2
258,15,09,54,157,-14.6, 34.8, 161.6,0.0, 37.7, 0.0,73.6, 217.5, 359.9
259,15,09,54,665,-16.1, 35.6, 161.6,0.0, 54.0, 0.0,47.5, 233.9, 360.0
260,15,09,55,173,-17.8, 36.6, 163.3,0.0, 74.1, 0.0,9.8, 254.1, 360.0
261,15,09,55,680,-18.9, 37.2, 163.7,0.0, 25.0, 0.0,357.0, 205.0, 360.0
262,15,09,56,186,-21.1, 38.1, 163.5,0.0, 338.6, 0.0,345.4, 158.6, 360.0
263,15,09,56,693,-21.7, 38.3, 163.2,0.0, 328.9, 0.0,351.4, 148.9, 360.0
264,15,09,57,198,-23.3, 38.9, 161.3,0.0, 307.9, 0.0,346.5, 127.9, 360.0
265,15,09,57,705,-25.5, 39.9, 160.9,0.0, 343.8, 0.0,332.8, 163.8, 360.0
266,15,09,58,213,-27.4, 40.5, 159.4,0.0, 339.3, 0.0,302.8, 159.3, 360.0
267,15,09,58,720,-29.2, 41.0, 157.8,0.0, 322.8, 0.0,314.5, 142.8, 0.0
268,15,09,59,226,-31.1, 41.7, 156.5,0.0, 313.0, 0.0,315.5, 133.0, 0.0
269,15,09,59,734,-33.1, 42.1, 155.0,0.0, 314.7, 0.0,315.1, 134.7, 0.0
270,15,10,00,240,-35.3, 42.7, 154.0,0.0, 298.4, 0.0,310.7, 118.4, 0.0
271,15,10,00,758,-37.4, 43.4, 152.7,0.0, 257.7, 0.0,312.3, 77.7, 0.0
272,15,10,01,277,-39.7, 44.1, 152.1,0.0, 285.0, 0.0,304.9, 105.0, 360.0
273,15,10,01,799,-40.6, 44.3, 149.8,0.0, 257.5, 0.0,302.8, 77.5, 360.0
274,15,10,02,301,-42.6, 44.6, 148.5,0.0, 309.6, 0.0,291.9, 129.6, 0.0
275,15,10,02,811,-43.6, 45.0, 146.3,0.0, 339.8, 0.0,278.1, 159.8, 0.0
276,15,10,03,319,-45.1, 45.4, 144.2,0.0, 334.0, 0.0,275.4, 154.0, 0.0
277,15,10,03,826,-46.4, 45.9, 142.3,0.0, 330.3, 0.0,272.8, 150.3, 0.0
278,15,10,04,339,-48.7, 46.3, 141.2,0.0, 292.5, 0.0,271.3, 292.5, 180.0
279,15,10,04,848,-51.1, 46.7, 140.7,0.0, 324.9, 0.0,283.1, 324.9, 180.0
280,15,10,05,358,-53.5, 46.9, 139.9,0.0, 352.6, 0.0,292.7, 352.6, 180.0
281,15,10,05,865,-55.4, 47.2, 138.4,0.0, 339.6, 0.0,295.2, 339.6, 180.0
282,15,10,06,372,-57.7, 47.5, 137.4,0.0, 335.6, 0.0,295.4, 335.6, 180.0
283,15,10,06,878,-59.7, 47.8, 136.2,0.0, 313.6, 0.0,296.1, 313.6, 180.0
284,15,10,07,386,-62.1, 48.1, 135.6,0.0, 6.1, 0.0,317.9, 6.1, 180.0
285,15,10,07,894,-64.2, 48.4, 134.2,0.0, 1.1, 0.0,343.7, 1.1, 180.0
286,15,10,08,416,-66.8, 48.9, 134.1,0.0, 320.5, 0.0,345.9, 320.5, 180.0
287,15,10,08,918,-69.2, 49.2, 133.8,0.0, 308.1, 0.0,340.7, 308.1, 180.0
288,15,10,09,425,-71.3, 49.3, 132.5,0.0, 310.8, 0.0,340.4, 310.8, 180.0
289,15,10,09,932,-73.8, 49.5, 132.2,0.0, 302.3, 0.0,343.1, 302.3, 180.0
290,15,10,10,439,-76.0, 49.4, 130.9,0.0, 336.2, 0.0,4.5, 336.2, 180.0
291,15,10,10,948,-78.2, 49.5, 129.7,0.0, 307.0, 0.0,23.7, 307.0, 180.0
292,15,10,11,452,-80.3, 49.8, 128.6,0.0, 281.4, 0.0,20.0, 281.4, 180.0
293,15,10,11,961,-82.5, 50.0, 127.1,0.0, 275.4, 0.0,18.3, 275.4, 180.0
294,15,10,12,467,-84.2, 50.1, 125.3,0.0, 254.5, 0.0,14.5, 254.5, 180.0
295,15,10,12,973,-86.0, 50.4, 123.7,0.0, 249.6, 0.0,13.5, 249.6, 180.0
296,15,10,13,480,-88.2, 50.8, 122.7,0.0, 241.8, 0.0,11.0, 241.8, 180.0
297,15,10,13,987,-88.3, 50.9, 122.7,0.0, 228.2, 0.0,9.3, 228.2, 180.0
298,15,10,14,507,-87.2, 50.6, 123.5,0.0, 225.3, 0.0,9.5, 225.3, 180.0
299,15,10,15,15,-87.5, 50.5, 121.7,0.0, 242.0, 0.0,15.8, 242.0, 180.0
300,15,10,15,520,-89.1, 50.6, 120.3,0.0, 224.1, 0.0,17.3, 224.1, 180.0
301,15,10,16,27,-90.6, 50.4, 118.3,0.0, 195.7, 0.0,22.5, 195.7, 180.0
302,15,10,16,534,-90.3, 50.4, 118.8,0.0, 194.8, 0.0,23.9, 194.8, 180.0
303,15,10,17,55,-88.6, 50.5, 120.1,0.0, 215.0, 0.0,20.8, 215.0, 180.0
304,15,10,17,562,-90.4, 50.4, 118.6,0.0, 244.2, 0.0,29.4, 244.2, 180.0
305,15,10,18,67,-90.9, 50.2, 116.2,0.0, 233.7, 0.0,31.5, 233.7, 180.0
306,15,10,18,573,-91.2, 50.1, 113.6,0.0, 231.1, 0.0,32.4, 231.1, 180.0
307,15,10,19,80,-90.4, 50.0, 111.3,0.0, 195.6, 0.0,37.7, 195.6, 180.0
308,15,10,19,586,-89.3, 50.0, 109.9,0.0, 239.7, 0.0,34.3, 239.7, 180.0
309,15,10,20,92,-87.0, 49.8, 110.3,0.0, 263.9, 0.0,35.7, 263.9, 180.0
310,15,10,20,599,-87.1, 49.5, 108.7,0.0, 273.1, 0.0,34.7, 273.1, 180.0
311,15,10,21,124,-87.2, 49.5, 108.2,0.0, 243.8, 0.0,35.3, 243.8, 180.0
312,15,10,21,637,-87.2, 49.5, 108.2,0.0, 172.0, 0.0,54.2, 172.0, 180.0
313,15,10,22,144,-86.5, 49.5, 108.4,0.0, 160.9, 0.0,57.9, 160.9, 180.0
314,15,10,22,651,-84.0, 49.4, 108.1,0.0, 123.4, 0.0,66.3, 123.4, 180.0
315,15,10,23,159,-83.8, 49.4, 108.0,0.0, 116.1, 0.0,67.5, 116.1, 180.0
316,15,10,23,666,-83.0, 49.4, 109.7,0.0, 112.5, 0.0,57.0, 112.5, 180.0
317,15,10,24,174,-82.8, 49.4, 110.1,0.0, 109.4, 0.0,53.6, 109.4, 180.0
318,15,10,24,681,-82.3, 49.4, 109.8,0.0, 113.3, 0.0,65.6, 113.3, 180.0
319,15,10,25,187,-80.5, 49.3, 109.0,0.0, 96.5, 0.0,77.3, 96.5, 180.0
320,15,10,25,694,-82.4, 49.4, 108.5,0.0, 86.3, 0.0,77.6, 86.3, 180.0
321,15,10,26,201,-82.9, 49.4, 108.4,0.0, 23.9, 0.0,84.1, 203.9, 0.0
322,15,10,26,709,-82.9, 49.4, 108.4,0.0, 333.5, 0.0,70.6, 153.5, 0.0
323,15,10,27,215,-84.9, 49.4, 106.8,0.0, 319.8, 0.0,68.8, 139.8, 0.0
324,15,10,27,722,-85.6, 49.4, 106.4,0.0, 324.6, 0.0,68.1, 144.6, 0.0
325,15,10,28,228,-87.7, 49.4, 107.5,0.0, 314.2, 0.0,66.0, 134.2, 0.0
326,15,10,28,736,-88.7, 49.4, 106.1,0.0, 310.2, 0.0,65.1, 130.2, 0.0
327,15,10,29,251,-90.3, 49.4, 104.2,0.0, 272.5, 0.0,61.8, 92.5, 0.0
328,15,10,29,762,-92.1, 49.8, 102.3,0.0, 295.5, 0.0,57.7, 115.5, 0.0
329,15,10,30,265,-93.4, 49.7, 100.3,0.0, 298.4, 0.0,53.1, 118.4, 0.0
330,15,10,30,772,-94.7, 49.5, 98.1,0.0, 298.9, 0.0,53.9, 118.9, 0.0
331,15,10,31,279,-94.9, 48.7, 95.7,0.0, 319.6, 0.0,16.0, 139.6, 0.0
332,15,10,31,787,-94.8, 48.2, 93.3,0.0, 331.3, 0.0,0.4, 151.3, 0.0
333,15,10,32,295,-94.1, 47.7, 90.9,0.0, 7.9, 0.0,314.9, 187.9, 0.0
334,15,10,32,802,-94.8, 47.2, 89.1,0.0, 29.6, 0.0,276.2, 29.6, 180.0
335,15,10,33,309,-96.0, 46.9, 87.5,0.0, 41.5, 0.0,287.3, 41.5, 180.0
336,15,10,33,816,-96.6, 46.9, 86.8,0.0, 41.5, 0.0,287.3, 41.5, 180.0
337,15,10,34,323,-95.4, 47.1, 88.4,0.0, 3.0, 0.0,291.6, 3.0, 180.0
338,15,10,34,830,-95.8, 47.8, 90.8,0.0, 347.7, 0.0,293.7, 347.7, 180.0
339,15,10,35,336,-96.5, 48.5, 93.2,0.0, 340.7, 0.0,291.1, 340.7, 180.0
340,15,10,35,843,-95.6, 48.2, 92.6,0.0, 349.9, 0.0,305.4, 349.9, 180.0
341,15,10,36,350,-94.1, 48.0, 92.8,0.0, 324.8, 0.0,290.6, 324.8, 180.0
342,15,10,36,852,-94.1, 48.0, 92.8,0.0, 281.4, 0.0,296.6, 101.4, 0.0
343,15,10,37,359,-94.1, 48.0, 92.8,0.0, 272.9, 0.0,305.0, 92.9, 0.0
344,15,10,37,864,-92.2, 48.1, 92.6,0.0, 336.9, 0.0,303.4, 336.9, 180.0
345,15,10,38,372,-90.4, 48.4, 94.2,0.0, 351.3, 0.0,330.6, 351.3, 180.0
346,15,10,38,879,-90.1, 48.3, 94.3,0.0, 352.2, 0.0,328.5, 352.2, 180.0
347,15,10,39,386,-91.3, 48.4, 94.5,0.0, 18.7, 0.0,348.8, 18.7, 180.0
348,15,10,39,893,-93.7, 48.5, 95.3,0.0, 12.1, 0.0,8.1, 12.1, 180.0
349,15,10,40,401,-96.2, 48.6, 95.3,0.0, 357.9, 0.0,9.9, 357.9, 180.0
350,15,10,40,908,-98.6, 48.9, 95.9,0.0, 342.9, 0.0,16.8, 342.9, 180.0
351,15,10,41,415,-100.2, 49.2, 96.9,0.0, 340.2, 0.0,18.2, 340.2, 180.0
352,15,10,41,922,-100.0, 49.1, 96.0,0.0, 350.3, 0.0,26.3, 350.3, 180.0
353,15,10,42,429,-99.7, 48.9, 94.3,0.0, 351.4, 0.0,26.9, 351.4, 180.0
354,15,10,42,936,-99.7, 48.9, 94.3,0.0, 0.3, 0.0,28.1, 0.3, 180.0
355,15,10,43,443,-101.2, 49.0, 94.3,0.0, 0.3, 0.0,28.1, 0.3, 180.0
356,15,10,43,950,-103.5, 49.3, 94.9,0.0, 1.0, 0.0,28.7, 1.0, 180.0
357,15,10,44,457,-103.9, 49.3, 94.9,0.0, 1.0, 0.0,28.7, 1.0, 180.0
358,15,10,44,963,-103.9, 49.3, 94.9,0.0, 283.9, 0.0,9.2, 283.9, 180.0
359,15,10,45,477,-102.2, 49.0, 93.6,0.0, 268.0, 0.0,344.8, 268.0, 180.0
360,15,10,45,999,-99.8, 48.8, 93.3,0.0, 241.2, 0.0,307.0, 241.2, 180.0
361,15,10,46,506,-98.1, 48.4, 91.5,0.0, 252.8, 0.0,293.0, 252.8, 180.0
362,15,10,47,27,-96.1, 47.7, 90.5,0.0, 242.4, 0.0,288.5, 242.4, 180.0
363,15,10,47,549,-95.1, 47.1, 88.5,0.0, 257.3, 0.0,281.1, 257.3, 180.0
364,15,10,48,52,-94.4, 46.2, 86.3,0.0, 263.0, 0.0,274.9, 263.0, 180.0
365,15,10,48,561,-94.8, 45.4, 83.9,0.0, 267.9, 0.0,277.9, 267.9, 180.0
366,15,10,49,65,-93.0, 44.5, 82.6,0.0, 264.9, 0.0,270.8, 84.9, 360.0
367,15,10,49,572,-93.4, 43.7, 80.3,0.0, 281.7, 0.0,275.2, 281.7, 180.0
368,15,10,50,79,-94.4, 42.9, 78.0,0.0, 304.3, 0.0,317.6, 304.3, 180.0
369,15,10,50,587,-95.8, 42.3, 76.1,0.0, 290.7, 0.0,6.5, 290.7, 180.0
370,15,10,51,93,-96.4, 41.5, 73.8,0.0, 271.8, 0.0,357.9, 271.8, 180.0
371,15,10,51,597,-97.8, 41.3, 71.6,0.0, 251.5, 0.0,352.3, 251.5, 180.0
372,15,10,52,104,-97.9, 40.5, 69.3,0.0, 235.8, 0.0,320.9, 235.8, 180.0
373,15,10,52,626,-98.8, 40.0, 66.9,0.0, 228.9, 0.0,322.2, 228.9, 180.0
374,15,10,53,133,-98.3, 38.8, 64.9,0.0, 221.2, 0.0,319.0, 221.2, 180.0
375,15,10,53,640,-96.7, 37.5, 63.5,0.0, 204.7, 0.0,322.5, 204.7, 180.0
376,15,10,54,147,-95.4, 36.8, 61.5,0.0, 194.7, 0.0,346.0, 194.7, 180.0
377,15,10,54,668,-93.0, 35.9, 61.3,0.0, 172.4, 0.0,0.6, 172.4, 180.0
378,15,10,55,174,-90.9, 35.0, 60.4,0.0, 162.3, 0.0,6.1, 162.3, 180.0
379,15,10,55,679,-88.4, 34.2, 60.3,0.0, 122.9, 0.0,65.7, 122.9, 180.0
380,15,10,56,188,-86.5, 33.4, 61.4,0.0, 132.4, 0.0,67.2, 132.4, 180.0
381,15,10,56,694,-84.8, 32.4, 62.9,0.0, 130.7, 0.0,74.1, 130.7, 180.0
382,15,10,57,201,-82.7, 32.1, 62.4,0.0, 121.5, 0.0,59.3, 301.5, 0.0
383,15,10,57,708,-81.9, 32.0, 62.3,0.0, 121.5, 0.0,59.3, 301.5, 0.0
384,15,10,58,215,-79.5, 31.3, 62.6,0.0, 119.2, 0.0,58.8, 299.2, 0.0
385,15,10,58,722,-78.6, 30.8, 63.2,0.0, 110.6, 0.0,47.4, 290.6, 0.0
386,15,10,59,229,-77.0, 30.3, 63.0,0.0, 96.6, 0.0,30.2, 276.6, 0.0
387,15,10,59,735,-75.2, 29.2, 64.3,0.0, 106.0, 0.0,6.0, 286.0, 0.0
388,15,11,00,242,-74.9, 29.1, 64.4,0.0, 118.4, 0.0,2.1, 298.4, 0.0
389,15,11,00,749,-74.9, 29.1, 64.4,0.0, 100.3, 0.0,358.8, 280.3, 0.0
390,15,11,01,255,-74.9, 29.1, 64.4,0.0, 105.8, 0.0,358.5, 285.8, 0.0
391,15,11,01,762,-73.6, 28.3, 65.4,0.0, 104.5, 0.0,347.4, 284.5, 0.0
392,15,11,02,269,-73.6, 28.3, 65.4,0.0, 103.2, 0.0,347.2, 283.2, 0.0
393,15,11,02,776,-73.4, 28.2, 65.5,0.0, 89.4, 0.0,338.7, 269.4, 0.0
394,15,11,03,282,-72.6, 28.1, 66.1,0.0, 99.8, 0.0,335.8, 279.8, 0.0
395,15,11,03,790,-72.6, 28.1, 66.1,0.0, 106.8, 0.0,334.9, 286.8, 0.0
396,15,11,04,297,-72.1, 27.9, 66.4,0.0, 106.7, 0.0,334.6, 286.7, 0.0
397,15,11,04,803,-71.7, 27.8, 66.6,0.0, 102.0, 0.0,330.6, 282.0, 0.0
398,15,11,05,310,-71.7, 27.8, 66.6,0.0, 111.6, 0.0,330.5, 291.6, 0.0
399,15,11,05,816,-72.5, 27.3, 67.3,0.0, 118.1, 0.0,331.3, 298.1, 0.0
400,15,11,06,323,-72.7, 26.6, 69.7,0.0, 129.4, 0.0,331.5, 309.4, 0.0
401,15,11,06,830,-72.2, 26.5, 70.4,0.0, 129.7, 0.0,331.2, 309.7, 0.0
402,15,11,07,337,-72.2, 26.5, 70.4,0.0, 131.1, 0.0,329.2, 311.1, 0.0
403,15,11,07,854,-71.0, 25.9, 70.8,0.0, 163.1, 0.0,39.1, 343.1, 0.0
404,15,11,08,357,-68.8, 24.9, 71.4,0.0, 163.0, 0.0,46.3, 343.0, 0.0
405,15,11,08,865,-66.9, 23.9, 72.6,0.0, 201.1, 0.0,60.0, 21.1, 0.0
406,15,11,09,373,-64.7, 22.9, 73.2,0.0, 221.5, 0.0,60.1, 41.5, 0.0
407,15,11,09,893,-62.3, 22.2, 73.7,0.0, 207.6, 0.0,51.2, 27.6, 0.0
408,15,11,10,401,-59.9, 21.7, 73.1,0.0, 207.6, 0.0,41.9, 27.6, 0.0
409,15,11,10,907,-58.5, 21.4, 71.2,0.0, 264.1, 0.0,36.3, 84.1, 0.0
410,15,11,11,415,-56.9, 21.4, 69.3,0.0, 268.4, 0.0,50.8, 88.4, 0.0
411,15,11,11,919,-57.5, 20.6, 67.0,0.0, 293.0, 0.0,61.6, 113.0, 0.0
412,15,11,12,426,-58.3, 19.8, 64.8,0.0, 284.1, 0.0,58.3, 104.1, 0.0
413,15,11,12,935,-60.0, 19.2, 63.1,0.0, 258.2, 0.0,51.9, 78.2, 0.0
414,15,11,13,438,-61.6, 18.8, 61.1,0.0, 299.2, 0.0,43.6, 119.2, 0.0
415,15,11,13,945,-61.8, 18.0, 58.8,0.0, 246.5, 0.0,38.5, 66.5, 0.0
416,15,11,14,454,-63.3, 17.7, 56.9,0.0, 227.4, 0.0,30.9, 47.4, 0.0
417,15,11,14,962,-63.3, 16.9, 54.4,0.0, 220.9, 0.0,25.2, 40.9, 0.0
418,15,11,15,466,-63.1, 16.1, 52.0,0.0, 220.9, 0.0,25.2, 40.9, 0.0
419,15,11,15,974,-61.8, 15.8, 50.4,0.0, 221.8, 0.0,30.7, 41.8, 0.0
420,15,11,16,480,-61.8, 15.7, 50.0,0.0, 274.7, 0.0,36.6, 94.7, 0.0
421,15,11,17,3,-62.3, 15.1, 47.5,0.0, 253.5, 0.0,28.3, 73.5, 0.0
422,15,11,17,508,-62.7, 14.5, 45.1,0.0, 220.1, 0.0,23.1, 40.1, 0.0
423,15,11,18,19,-61.4, 14.0, 43.2,0.0, 210.9, 0.0,23.1, 30.9, 0.0
424,15,11,18,531,-59.8, 13.6, 41.4,0.0, 163.0, 0.0,15.9, 343.0, 0.0
425,15,11,19,38,-59.4, 13.4, 40.3,0.0, 153.3, 0.0,1.2, 333.3, 0.0
426,15,11,19,546,-58.9, 13.2, 39.3,0.0, 150.0, 0.0,350.9, 330.0, 0.0
427,15,11,20,53,-58.2, 13.0, 38.2,0.0, 150.5, 0.0,347.2, 330.5, 0.0
428,15,11,20,564,-57.7, 12.9, 37.4,0.0, 154.2, 0.0,357.9, 334.2, 0.0
429,15,11,21,65,-56.6, 12.3, 35.2,0.0, 154.9, 0.0,358.1, 334.9, 0.0
430,15,11,21,572,-54.6, 12.1, 34.4,0.0, 144.6, 0.0,357.8, 324.6, 0.0
431,15,11,22,81,-53.8, 11.9, 33.5,0.0, 139.7, 0.0,358.4, 319.7, 0.0
432,15,11,22,588,-53.3, 11.9, 33.6,0.0, 169.4, 0.0,354.3, 349.4, 0.0
433,15,11,23,94,-51.8, 11.7, 32.7,0.0, 177.4, 0.0,350.8, 357.4, 0.0
434,15,11,23,601,-51.8, 11.7, 32.3,0.0, 161.4, 0.0,341.8, 341.4, 0.0
435,15,11,24,121,-51.8, 11.7, 32.3,0.0, 174.0, 0.0,322.3, 354.0, 0.0
436,15,11,24,627,-51.6, 11.6, 31.1,0.0, 174.1, 0.0,321.9, 354.1, 0.0
437,15,11,25,136,-51.4, 11.5, 29.1,0.0, 174.0, 0.0,321.9, 354.0, 0.0
438,15,11,25,643,-49.5, 11.4, 27.7,0.0, 173.4, 0.0,318.9, 353.4, 0.0
439,15,11,26,148,-47.1, 11.4, 27.0,0.0, 163.6, 0.0,315.1, 343.6, 0.0
440,15,11,26,653,-44.9, 11.3, 26.1,0.0, 121.7, 0.0,299.7, 301.7, 0.0
441,15,11,27,159,-43.7, 11.3, 25.6,0.0, 111.2, 0.0,297.6, 291.2, 0.0
442,15,11,27,667,-41.7, 11.3, 24.1,0.0, 143.5, 0.0,310.7, 323.5, 0.0
443,15,11,28,172,-39.3, 11.2, 24.2,0.0, 117.8, 0.0,318.5, 297.8, 0.0
444,15,11,28,680,-36.8, 10.9, 24.4,0.0, 100.5, 0.0,320.0, 280.5, 0.0
445,15,11,29,188,-36.1, 10.8, 24.3,0.0, 125.4, 0.0,310.2, 305.4, 0.0
446,15,11,29,695,-33.7, 10.7, 24.6,0.0, 129.9, 0.0,295.3, 309.9, 0.0
447,15,11,30,199,-31.1, 10.6, 25.0,0.0, 146.5, 0.0,303.2, 326.5, 0.0
448,15,11,30,707,-29.2, 10.5, 26.6,0.0, 182.9, 0.0,300.6, 2.9, 0.0
449,15,11,31,213,-27.9, 10.4, 27.0,0.0, 143.1, 0.0,301.3, 323.1, 0.0
450,15,11,31,719,-27.7, 10.4, 27.7,0.0, 103.3, 0.0,296.1, 283.3, 0.0
451,15,11,32,228,-27.6, 10.4, 28.4,0.0, 105.5, 0.0,277.2, 285.5, 0.0
452,15,11,32,734,-27.6, 10.4, 28.4,0.0, 119.7, 0.0,279.0, 119.7, 180.0
453,15,11,33,260,-27.1, 10.3, 29.2,0.0, 135.6, 0.0,272.6, 135.6, 180.0
454,15,11,33,773,-25.7, 10.2, 31.2,0.0, 183.0, 0.0,273.3, 3.0, 0.0
455,15,11,34,277,-25.5, 10.2, 32.4,0.0, 99.3, 0.0,282.8, 99.3, 180.0
456,15,11,34,788,-23.8, 10.0, 33.5,0.0, 150.6, 0.0,280.6, 150.6, 180.0
457,15,11,35,293,-22.8, 10.2, 35.8,0.0, 183.9, 0.0,283.4, 183.9, 180.0
458,15,11,35,799,-22.2, 10.0, 38.2,0.0, 235.9, 0.0,279.9, 235.9, 180.0
459,15,11,36,306,-21.4, 9.9, 40.6,0.0, 270.6, 0.0,282.3, 270.6, 180.0
460,15,11,36,814,-20.3, 10.0, 42.7,0.0, 177.2, 0.0,325.1, 177.2, 180.0
461,15,11,37,318,-17.9, 10.2, 43.4,0.0, 135.4, 0.0,343.2, 135.4, 180.0
462,15,11,37,827,-16.1, 10.6, 45.1,0.0, 122.1, 0.0,356.1, 122.1, 180.0
463,15,11,38,334,-14.7, 11.3, 47.1,0.0, 109.8, 0.0,6.8, 109.8, 180.0
464,15,11,38,842,-14.4, 12.1, 49.4,0.0, 20.4, 0.0,15.4, 20.4, 180.0
465,15,11,39,349,-12.7, 12.9, 50.8,0.0, 356.4, 0.0,356.1, 356.4, 180.0
466,15,11,39,857,-11.4, 13.6, 52.2,0.0, 95.9, 0.0,30.5, 95.9, 180.0
467,15,11,40,363,-10.6, 14.5, 54.4,0.0, 112.9, 0.0,36.3, 112.9, 180.0
468,15,11,40,870,-10.5, 15.2, 56.7,0.0, 109.5, 0.0,35.9, 109.5, 180.0
469,15,11,41,377,-9.9, 15.8, 59.0,0.0, 118.5, 0.0,38.6, 118.5, 180.0
470,15,11,41,884,-9.6, 16.4, 61.5,0.0, 143.6, 0.0,47.4, 143.6, 180.0
471,15,11,42,390,-9.2, 16.9, 63.9,0.0, 150.1, 0.0,57.0, 150.1, 180.0
472,15,11,42,893,-8.1, 17.2, 66.1,0.0, 172.3, 0.0,57.4, 172.3, 180.0
473,15,11,43,399,-7.4, 17.3, 67.0,0.0, 186.5, 0.0,56.5, 186.5, 180.0
474,15,11,43,906,-7.8, 17.8, 68.9,0.0, 165.8, 0.0,74.3, 165.8, 180.0
475,15,11,44,414,-7.3, 18.2, 71.3,0.0, 159.7, 0.0,78.9, 159.7, 180.0
476,15,11,44,921,-6.2, 18.2, 72.6,0.0, 157.5, 0.0,79.4, 157.5, 180.0
477,15,11,45,429,-4.8, 18.4, 74.7,0.0, 170.1, 0.0,85.6, 170.1, 180.0
478,15,11,45,935,-4.1, 18.6, 76.0,0.0, 169.8, 0.0,83.7, 169.8, 180.0
479,15,11,46,442,-4.1, 18.6, 76.0,0.0, 170.5, 0.0,87.5, 170.5, 180.0
480,15,11,46,949,-2.9, 18.6, 76.9,0.0, 102.0, 0.0,88.6, 282.0, 0.0
481,15,11,47,456,-1.4, 18.6, 78.7,0.0, 172.5, 0.0,71.5, 352.5, 0.0
482,15,11,47,960,-0.6, 18.6, 81.1,0.0, 199.2, 0.0,62.1, 19.2, 0.0
483,15,11,48,466,0.4, 18.7, 83.5,0.0, 197.4, 0.0,61.5, 17.4, 0.0
484,15,11,48,973,2.4, 18.6, 84.7,0.0, 126.8, 0.0,57.1, 306.8, 0.0
485,15,11,49,481,4.8, 18.5, 85.6,0.0, 111.6, 0.0,49.1, 291.6, 0.0
486,15,11,49,988,6.9, 18.3, 86.9,0.0, 73.2, 0.0,23.1, 253.2, 0.0
487,15,11,50,496,9.2, 18.0, 87.9,0.0, 53.5, 0.0,12.9, 233.5, 0.0
488,15,11,51,3,7.9, 18.1, 88.4,0.0, 92.8, 0.0,9.7, 272.8, 0.0
489,15,11,51,509,9.7, 18.0, 90.0,0.0, 143.0, 0.0,17.8, 323.0, 0.0
490,15,11,52,14,10.6, 18.1, 92.2,0.0, 149.5, 0.0,19.9, 329.5, 0.0
491,15,11,52,521,12.8, 18.0, 93.7,0.0, 149.5, 0.0,19.9, 329.5, 0.0
492,15,11,53,28,13.9, 17.9, 94.3,0.0, 108.3, 0.0,6.4, 288.3, 0.0
493,15,11,53,536,13.9, 17.9, 94.3,0.0, 48.3, 0.0,340.0, 228.3, 0.0
494,15,11,54,46,13.9, 17.9, 94.3,0.0, 5.8, 0.0,327.7, 185.8, 0.0
495,15,11,54,547,13.9, 17.9, 94.3,0.0, 4.9, 0.0,326.2, 184.9, 0.0
496,15,11,55,50,13.9, 17.9, 94.3,0.0, 289.9, 0.0,338.5, 109.9, 0.0
497,15,11,55,557,15.3, 17.7, 94.4,0.0, 269.2, 0.0,340.0, 89.2, 0.0
498,15,11,56,66,17.3, 17.5, 92.9,0.0, 269.7, 0.0,335.8, 89.7, 0.0
499,15,11,56,572,17.4, 17.8, 90.6,0.0, 231.1, 0.0,328.5, 51.1, 0.0
500,15,11,57,81,17.7, 17.8, 88.1,0.0, 243.1, 0.0,325.0, 63.1, 0.0
501,15,11,57,585,19.0, 17.7, 86.0,0.0, 310.8, 0.0,312.3, 130.8, 0.0
502,15,11,58,93,18.6, 17.8, 86.6,0.0, 334.9, 0.0,298.3, 154.9, 0.0
503,15,11,58,601,16.3, 18.0, 87.7,0.0, 337.2, 0.0,296.9, 157.2, 0.0
504,15,11,59,108,13.9, 18.0, 88.4,0.0, 335.2, 0.0,296.2, 155.2, 0.0
505,15,11,59,615,11.5, 18.0, 87.7,0.0, 5.1, 0.0,277.8, 185.1, 0.0
506,15,12,00,123,9.8, 17.9, 88.1,0.0, 9.5, 0.0,274.4, 9.5, 180.0
507,15,12,00,625,7.5, 18.2, 87.5,0.0, 310.1, 0.0,274.7, 310.1, 180.0
508,15,12,01,134,6.1, 18.5, 86.0,0.0, 299.7, 0.0,274.1, 299.7, 180.0
509,15,12,01,639,3.7, 18.6, 85.7,0.0, 264.8, 0.0,285.8, 264.8, 180.0
510,15,12,02,159,1.3, 18.8, 85.0,0.0, 299.4, 0.0,284.1, 299.4, 180.0
511,15,12,02,668,0.5, 18.6, 82.6,0.0, 264.0, 0.0,285.9, 264.0, 180.0
512,15,12,03,175,0.7, 18.6, 80.5,0.0, 227.6, 0.0,310.4, 227.6, 180.0
513,15,12,03,682,2.6, 18.5, 82.2,0.0, 226.4, 0.0,309.8, 226.4, 180.0
514,15,12,04,190,4.0, 18.5, 84.3,0.0, 211.8, 0.0,351.6, 211.8, 180.0
515,15,12,04,697,6.2, 18.7, 85.2,0.0, 231.5, 0.0,354.8, 231.5, 180.0
516,15,12,05,202,8.7, 18.6, 85.2,0.0, 238.9, 0.0,350.9, 238.9, 180.0
517,15,12,05,720,11.0, 18.1, 85.6,0.0, 281.6, 0.0,353.3, 281.6, 180.0
518,15,12,06,228,11.7, 18.0, 84.2,0.0, 314.5, 0.0,15.4, 314.5, 180.0
519,15,12,06,748,11.4, 18.4, 82.6,0.0, 314.1, 0.0,26.9, 314.1, 180.0
520,15,12,07,256,10.2, 19.6, 80.9,0.0, 308.5, 0.0,40.9, 308.5, 180.0
521,15,12,07,762,9.2, 20.9, 79.0,0.0, 267.7, 0.0,45.9, 267.7, 180.0
522,15,12,08,268,8.6, 21.6, 76.9,0.0, 223.0, 0.0,58.4, 223.0, 180.0
523,15,12,08,775,9.8, 22.3, 75.5,0.0, 205.8, 0.0,88.2, 205.8, 180.0
524,15,12,09,282,11.2, 23.4, 74.6,0.0, 190.3, 0.0,88.5, 10.3, 0.0
525,15,12,09,789,13.0, 24.7, 73.6,0.0, 151.5, 0.0,76.8, 331.5, 0.0
526,15,12,10,295,15.1, 25.2, 74.3,0.0, 97.2, 0.0,59.7, 277.2, 0.0
527,15,12,10,802,16.2, 26.2, 76.2,0.0, 76.8, 0.0,56.7, 256.8, 0.0
528,15,12,11,305,17.3, 27.0, 78.1,0.0, 13.3, 0.0,54.3, 193.3, 0.0
529,15,12,11,817,15.9, 27.0, 79.7,0.0, 331.9, 0.0,49.0, 151.9, 0.0
530,15,12,12,332,13.7, 27.2, 78.7,0.0, 312.4, 0.0,46.3, 132.4, 0.0
531,15,12,12,850,13.0, 27.2, 77.9,0.0, 298.5, 0.0,42.4, 118.5, 0.0
532,15,12,13,359,12.7, 27.2, 77.0,0.0, 282.8, 0.0,38.4, 102.8, 0.0
533,15,12,13,869,12.1, 27.2, 77.1,0.0, 278.7, 0.0,37.3, 98.7, 0.0
534,15,12,14,376,12.1, 27.2, 77.1,0.0, 266.9, 0.0,32.8, 86.9, 0.0
535,15,12,14,881,12.1, 27.2, 77.1,0.0, 266.9, 0.0,32.8, 86.9, 0.0
536,15,12,15,389,12.1, 27.2, 77.1,0.0, 274.5, 0.0,28.0, 94.5, 0.0
537,15,12,15,898,12.1, 27.2, 77.1,0.0, 274.5, 0.0,28.0, 94.5, 0.0
538,15,12,16,402,12.1, 27.2, 77.1,0.0, 274.2, 0.0,28.1, 94.2, 0.0
539,15,12,16,922,12.1, 27.2, 77.1,0.0, 272.2, 0.0,27.9, 92.2, 0.0
540,15,12,17,428,12.1, 27.2, 77.1,0.0, 218.4, 0.0,22.3, 38.4, 0.0
541,15,12,17,936,13.3, 27.2, 76.1,0.0, 214.7, 0.0,20.8, 34.7, 0.0
542,15,12,18,440,13.5, 27.2, 76.0,0.0, 189.4, 0.0,15.0, 9.4, 0.0
543,15,12,18,948,13.5, 27.2, 76.0,0.0, 188.4, 0.0,14.7, 8.4, 0.0
544,15,12,19,455,13.5, 27.2, 76.0,0.0, 188.4, 0.0,14.7, 8.4, 0.0
545,15,12,19,962,13.5, 27.2, 76.0,0.0, 188.4, 0.0,14.7, 8.4, 0.0
546,15,12,20,469,13.5, 27.2, 76.0,0.0, 188.3, 0.0,14.6, 8.3, 0.0
547,15,12,20,976,13.5, 27.2, 76.0,0.0, 188.3, 0.0,14.6, 8.3, 0.0
548,15,12,21,483,13.5, 27.2, 76.8,0.0, 175.9, 0.0,11.5, 355.9, 0.0
549,15,12,21,990,13.7, 27.2, 79.2,0.0, 172.1, 0.0,10.8, 352.1, 0.0
550,15,12,22,497,13.7, 27.2, 79.2,0.0, 172.1, 0.0,10.8, 352.1, 0.0
551,15,12,23,4,14.8, 27.1, 79.6,0.0, 172.2, 0.0,10.4, 352.2, 0.0
552,15,12,23,510,14.8, 27.1, 79.6,0.0, 184.0, 0.0,2.2, 4.0, 0.0
553,15,12,24,14,14.8, 27.1, 79.6,0.0, 202.0, 0.0,349.9, 22.0, 0.0
554,15,12,24,521,14.8, 27.1, 79.6,0.0, 203.4, 0.0,344.5, 23.4, 0.0
555,15,12,25,29,14.8, 27.1, 79.6,0.0, 203.1, 0.0,345.3, 23.1, 0.0
556,15,12,25,536,14.8, 27.1, 79.6,0.0, 206.5, 0.0,343.7, 26.5, 0.0
557,15,12,26,43,14.8, 27.1, 79.6,0.0, 204.0, 0.0,342.3, 24.0, 0.0
558,15,12,26,550,14.8, 27.1, 79.6,0.0, 186.6, 0.0,338.1, 6.6, 0.0
559,15,12,27,56,14.8, 27.1, 79.6,0.0, 184.4, 0.0,337.3, 4.4, 0.0
560,15,12,27,564,14.0, 27.2, 79.7,0.0, 169.8, 0.0,337.0, 349.8, 0.0
561,15,12,28,70,13.1, 27.2, 79.4,0.0, 163.9, 0.0,336.1, 343.9, 0.0
562,15,12,28,576,13.1, 27.2, 78.7,0.0, 174.3, 0.0,329.8, 354.3, 0.0
563,15,12,29,83,13.2, 27.2, 77.9,0.0, 129.9, 0.0,327.6, 309.9, 0.0
564,15,12,29,590,14.0, 27.2, 78.6,0.0, 138.4, 0.0,326.2, 318.4, 0.0
565,15,12,30,96,14.2, 27.2, 78.8,0.0, 137.4, 0.0,327.1, 317.4, 0.0
566,15,12,30,603,14.2, 27.2, 78.8,0.0, 106.9, 0.0,321.4, 286.9, 0.0
567,15,12,31,110,14.2, 27.2, 78.8,0.0, 55.2, 0.0,318.2, 235.2, 0.0
568,15,12,31,618,13.6, 27.2, 79.4,0.0, 32.4, 0.0,318.1, 212.4, 0.0
569,15,12,32,133,13.6, 27.2, 79.4,0.0, 318.3, 0.0,321.4, 138.3, 0.0
570,15,12,32,634,12.3, 27.2, 78.3,0.0, 256.2, 0.0,328.1, 76.2, 0.0
571,15,12,33,146,12.6, 27.2, 77.6,0.0, 248.5, 0.0,325.4, 68.5, 0.0
572,15,12,33,655,13.5, 27.2, 76.9,0.0, 266.1, 0.0,324.1, 86.1, 0.0
573,15,12,34,159,14.5, 27.2, 76.9,0.0, 277.6, 0.0,333.7, 97.6, 0.0
574,15,12,34,670,14.5, 27.2, 76.9,0.0, 293.2, 0.0,330.3, 113.2, 0.0
575,15,12,35,174,13.7, 27.2, 76.4,0.0, 331.3, 0.0,313.6, 151.3, 0.0
576,15,12,35,682,13.1, 27.2, 76.1,0.0, 354.2, 0.0,308.8, 174.2, 0.0
577,15,12,36,188,13.1, 27.2, 76.4,0.0, 1.8, 0.0,307.0, 181.8, 0.0
578,15,12,36,696,12.8, 27.2, 77.8,0.0, 346.4, 0.0,303.6, 166.4, 0.0
579,15,12,37,206,12.2, 27.2, 77.4,0.0, 320.3, 0.0,317.2, 140.3, 0.0
580,15,12,37,720,12.2, 27.2, 77.4,0.0, 304.2, 0.0,326.9, 124.2, 0.0
581,15,12,38,228,12.2, 27.2, 77.4,0.0, 295.0, 0.0,327.1, 115.0, 0.0
582,15,12,38,733,11.9, 27.2, 76.7,0.0, 289.6, 0.0,353.1, 109.6, 0.0
583,15,12,39,254,11.9, 27.2, 76.7,0.0, 295.2, 0.0,3.5, 115.2, 0.0
584,15,12,39,759,11.9, 27.2, 76.7,0.0, 226.5, 0.0,354.4, 46.5, 0.0
585,15,12,40,268,13.1, 27.2, 77.1,0.0, 176.6, 0.0,348.7, 356.6, 0.0
586,15,12,40,775,15.1, 27.2, 77.9,0.0, 200.8, 0.0,353.0, 20.8, 0.0
587,15,12,41,282,15.0, 27.2, 79.0,0.0, 184.9, 0.0,354.0, 4.9, 0.0
588,15,12,41,789,16.7, 27.0, 78.1,0.0, 289.5, 0.0,352.7, 109.5, 0.0
589,15,12,42,292,15.5, 26.0, 76.2,0.0, 315.0, 0.0,350.8, 135.0, 0.0
590,15,12,42,798,14.5, 25.1, 74.4,0.0, 6.7, 0.0,352.6, 186.7, 0.0
591,15,12,43,307,12.6, 24.3, 74.7,0.0, 54.7, 0.0,350.5, 234.7, 0.0
592,15,12,43,814,10.4, 24.2, 75.9,0.0, 55.4, 0.0,351.4, 235.4, 0.0
593,15,12,44,321,10.8, 23.3, 74.9,0.0, 64.3, 0.0,352.9, 244.3, 0.0
594,15,12,44,828,10.8, 22.8, 75.6,0.0, 62.1, 0.0,355.3, 242.1, 0.0
595,15,12,45,336,9.0, 21.6, 76.5,0.0, 116.3, 0.0,345.0, 296.3, 0.0
596,15,12,45,841,9.8, 20.9, 78.5,0.0, 124.9, 0.0,343.9, 304.9, 0.0
597,15,12,46,348,10.9, 19.7, 80.4,0.0, 143.2, 0.0,332.8, 323.2, 0.0
598,15,12,46,856,12.2, 18.4, 82.1,0.0, 128.1, 0.0,309.7, 308.1, 0.0
599,15,12,47,380,12.0, 18.0, 84.4,0.0, 9.8, 0.0,301.5, 9.8, 180.0
600,15,12,47,881,9.8, 18.3, 85.3,0.0, 341.0, 0.0,315.8, 341.0, 180.0
601,15,12,48,391,7.5, 18.9, 84.6,0.0, 311.9, 0.0,324.2, 311.9, 180.0
602,15,12,48,893,5.4, 18.9, 83.4,0.0, 309.1, 0.0,324.6, 309.1, 180.0
603,15,12,49,399,3.2, 18.6, 82.1,0.0, 321.3, 0.0,333.2, 321.3, 180.0
604,15,12,49,908,1.9, 18.7, 80.0,0.0, 284.1, 0.0,341.4, 284.1, 180.0
605,15,12,50,417,0.6, 18.8, 78.0,0.0, 272.1, 0.0,337.1, 272.1, 180.0
606,15,12,50,922,0.1, 18.9, 75.7,0.0, 271.8, 0.0,320.4, 271.8, 180.0
607,15,12,51,442,0.6, 18.9, 75.3,0.0, 274.2, 0.0,316.8, 274.2, 180.0
608,15,12,51,951,-0.4, 18.8, 75.8,0.0, 299.2, 0.0,332.1, 299.2, 180.0
609,15,12,52,456,1.3, 19.1, 74.9,0.0, 297.9, 0.0,285.1, 297.9, 180.0
610,15,12,52,959,0.2, 18.7, 72.8,0.0, 263.0, 0.0,293.9, 83.0, 0.0
611,15,12,53,470,-0.6, 18.0, 70.9,0.0, 261.3, 0.0,288.6, 81.3, 0.0
612,15,12,53,976,-1.6, 17.1, 69.0,0.0, 239.6, 0.0,279.4, 59.6, 0.0
613,15,12,54,484,-0.8, 16.1, 67.2,0.0, 259.3, 0.0,271.6, 79.3, 0.0
614,15,12,54,989,0.9, 14.7, 66.3,0.0, 289.2, 0.0,296.3, 289.2, 180.0
615,15,12,55,495,0.7, 13.5, 64.3,0.0, 247.7, 0.0,345.7, 247.7, 180.0
616,15,12,56,2,1.3, 12.5, 62.1,0.0, 244.7, 0.0,345.1, 244.7, 180.0
617,15,12,56,510,1.7, 11.7, 59.7,0.0, 210.8, 0.0,11.9, 210.8, 180.0
618,15,12,57,17,2.6, 11.1, 57.6,0.0, 243.1, 0.0,23.5, 243.1, 180.0
619,15,12,57,524,3.3, 10.8, 56.9,0.0, 243.1, 0.0,23.5, 243.1, 180.0
620,15,12,58,31,3.4, 10.6, 55.5,0.0, 203.2, 0.0,29.7, 203.2, 180.0
621,15,12,58,538,3.2, 10.6, 53.7,0.0, 221.1, 0.0,32.1, 221.1, 180.0
622,15,12,59,44,5.3, 10.0, 54.7,0.0, 253.6, 0.0,38.1, 253.6, 180.0
623,15,12,59,551,6.1, 9.8, 55.0,0.0, 252.5, 0.0,40.9, 252.5, 180.0
624,15,13,00,57,7.3, 9.3, 53.6,0.0, 175.3, 0.0,72.0, 175.3, 180.0
625,15,13,00,564,8.9, 9.0, 53.9,0.0, 226.5, 0.0,85.2, 226.5, 180.0
626,15,13,01,69,10.9, 8.7, 52.5,0.0, 277.8, 0.0,83.3, 277.8, 180.0
627,15,13,01,572,12.4, 8.5, 50.8,0.0, 314.9, 0.0,86.0, 314.9, 180.0
628,15,13,02,80,13.4, 8.5, 48.5,0.0, 328.0, 0.0,88.0, 148.0, 0.0
629,15,13,02,588,13.4, 8.3, 46.0,0.0, 324.9, 0.0,67.9, 144.9, 0.0
630,15,13,03,95,12.1, 8.1, 46.1,0.0, 275.9, 0.0,45.1, 95.9, 0.0
631,15,13,03,602,12.1, 8.0, 44.6,0.0, 265.5, 0.0,6.4, 85.5, 0.0
632,15,13,04,109,13.2, 8.0, 44.2,0.0, 202.9, 0.0,331.6, 22.9, 0.0
633,15,13,04,617,15.5, 8.6, 44.9,0.0, 225.3, 0.0,327.8, 45.3, 0.0
634,15,13,05,122,17.8, 9.2, 45.2,0.0, 236.4, 0.0,325.4, 56.4, 0.0
635,15,13,05,629,20.2, 9.6, 44.6,0.0, 248.6, 0.0,328.9, 68.6, 0.0
636,15,13,06,137,22.4, 9.7, 43.6,0.0, 248.6, 0.0,328.9, 68.6, 0.0
637,15,13,06,662,22.7, 9.0, 41.3,0.0, 309.6, 0.0,311.2, 129.6, 0.0
638,15,13,07,162,23.2, 8.4, 39.0,0.0, 334.8, 0.0,293.4, 154.8, 0.0
639,15,13,07,668,23.4, 7.9, 37.0,0.0, 27.5, 0.0,278.7, 207.5, 0.0
640,15,13,08,176,22.3, 7.5, 35.2,0.0, 21.0, 0.0,307.5, 21.0, 180.0
641,15,13,08,682,21.7, 7.1, 33.1,0.0, 355.9, 0.0,324.9, 355.9, 180.0
642,15,13,09,189,19.3, 7.1, 32.2,0.0, 272.0, 0.0,329.0, 272.0, 180.0
643,15,13,09,696,21.3, 7.0, 32.6,0.0, 227.8, 0.0,337.8, 227.8, 180.0
644,15,13,10,203,21.3, 7.0, 32.6,0.0, 221.6, 0.0,339.1, 221.6, 180.0
645,15,13,10,710,23.1, 6.8, 32.0,0.0, 236.9, 0.0,334.6, 236.9, 180.0
646,15,13,11,217,25.0, 6.5, 31.9,0.0, 219.8, 0.0,348.2, 219.8, 180.0
647,15,13,11,724,27.2, 5.9, 30.9,0.0, 215.3, 0.0,351.1, 215.3, 180.0
648,15,13,12,231,29.7, 5.9, 31.0,0.0, 241.0, 0.0,1.9, 241.0, 180.0
649,15,13,12,736,32.2, 5.6, 30.7,0.0, 291.6, 0.0,42.7, 291.6, 180.0
650,15,13,13,240,34.4, 6.0, 31.6,0.0, 258.3, 0.0,57.5, 258.3, 180.0
651,15,13,13,749,36.9, 5.9, 31.3,0.0, 252.3, 0.0,56.6, 252.3, 180.0
652,15,13,14,256,39.2, 5.6, 30.4,0.0, 251.3, 0.0,57.5, 251.3, 180.0
653,15,13,14,764,41.3, 6.1, 30.7,0.0, 238.6, 0.0,62.9, 238.6, 180.0
654,15,13,15,270,43.0, 5.8, 28.9,0.0, 252.6, 0.0,60.4, 252.6, 180.0
655,15,13,15,777,44.5, 5.9, 28.7,0.0, 231.2, 0.0,62.7, 231.2, 180.0
656,15,13,16,284,46.5, 6.1, 28.0,0.0, 258.0, 0.0,65.5, 258.0, 180.0
657,15,13,16,792,47.1, 5.6, 25.5,0.0, 196.6, 0.0,88.9, 16.6, 0.0
658,15,13,17,298,47.6, 5.6, 24.7,0.0, 151.8, 0.0,57.9, 331.8, 0.0
659,15,13,17,805,49.5, 5.8, 25.3,0.0, 161.0, 0.0,54.2, 341.0, 0.0
660,15,13,18,310,50.4, 5.6, 24.1,0.0, 233.1, 0.0,62.3, 53.1, 0.0
661,15,13,18,816,50.5, 5.5, 21.8,0.0, 259.3, 0.0,65.0, 79.3, 0.0
662,15,13,19,323,50.3, 5.5, 20.8,0.0, 256.6, 0.0,64.3, 76.6, 0.0
663,15,13,19,830,50.3, 5.5, 20.8,0.0, 275.6, 0.0,63.3, 95.6, 0.0
664,15,13,20,340,50.3, 5.5, 20.8,0.0, 343.5, 0.0,72.7, 163.5, 0.0
665,15,13,20,840,49.9, 5.6, 22.7,0.0, 0.1, 0.0,67.9, 180.1, 0.0
666,15,13,21,348,48.5, 5.5, 24.0,0.0, 337.2, 0.0,72.1, 157.2, 0.0
667,15,13,21,856,47.5, 5.7, 25.0,0.0, 359.2, 0.0,72.0, 179.2, 0.0
668,15,13,22,364,45.1, 5.2, 24.6,0.0, 345.6, 0.0,87.8, 165.6, 0.0
669,15,13,22,869,42.6, 5.0, 24.7,0.0, 0.2, 0.0,63.4, 180.2, 0.0
670,15,13,23,374,40.5, 5.1, 25.9,0.0, 43.5, 0.0,69.2, 223.5, 0.0
671,15,13,23,883,38.5, 5.1, 27.3,0.0, 23.7, 0.0,71.7, 23.7, 180.0
672,15,13,24,390,37.0, 5.1, 27.9,0.0, 1.4, 0.0,62.8, 1.4, 180.0
673,15,13,24,897,37.0, 5.1, 29.1,0.0, 1.5, 0.0,64.1, 1.5, 180.0
674,15,13,25,404,35.7, 5.2, 27.2,0.0, 331.9, 0.0,42.7, 151.9, 0.0
675,15,13,25,911,33.2, 5.3, 26.8,0.0, 290.9, 0.0,352.9, 110.9, 0.0
676,15,13,26,417,30.9, 5.5, 25.8,0.0, 287.5, 0.0,355.2, 107.5, 0.0
677,15,13,26,925,30.7, 6.0, 24.4,0.0, 269.1, 0.0,343.0, 89.1, 0.0
678,15,13,27,437,31.9, 5.5, 25.9,0.0, 356.7, 0.0,340.4, 176.7, 0.0
679,15,13,27,948,29.8, 5.1, 26.9,0.0, 52.8, 0.0,326.0, 232.8, 0.0
680,15,13,28,456,28.2, 5.4, 28.8,0.0, 51.2, 0.0,323.2, 231.2, 0.0
681,15,13,28,962,27.7, 5.9, 31.1,0.0, 86.1, 0.0,309.0, 266.1, 0.0
682,15,13,29,468,26.7, 6.4, 33.1,0.0, 34.2, 0.0,298.7, 214.2, 0.0
683,15,13,29,977,24.4, 6.9, 33.4,0.0, 12.0, 0.0,293.1, 192.0, 0.0
684,15,13,30,482,22.0, 7.0, 32.7,0.0, 342.6, 0.0,283.2, 162.6, 0.0
685,15,13,30,989,19.6, 7.3, 33.3,0.0, 31.8, 0.0,272.7, 211.8, 0.0
686,15,13,31,497,17.4, 7.4, 33.6,0.0, 50.0, 0.0,271.9, 230.0, 0.0
687,15,13,32,4,15.0, 7.6, 34.0,0.0, 53.6, 0.0,271.2, 53.6, 180.0
688,15,13,32,511,13.9, 7.6, 36.3,0.0, 80.4, 0.0,281.3, 80.4, 180.0
689,15,13,33,18,12.0, 7.6, 37.9,0.0, 81.3, 0.0,285.6, 81.3, 180.0
690,15,13,33,524,10.4, 7.7, 39.7,0.0, 73.8, 0.0,294.5, 73.8, 180.0
691,15,13,34,30,8.8, 7.9, 41.7,0.0, 96.3, 0.0,313.8, 96.3, 180.0
692,15,13,34,539,6.8, 8.4, 43.2,0.0, 80.8, 0.0,320.5, 80.8, 180.0
693,15,13,35,43,5.1, 9.0, 44.7,0.0, 40.6, 0.0,326.4, 40.6, 180.0
694,15,13,35,548,3.7, 9.8, 46.6,0.0, 348.2, 0.0,335.6, 348.2, 180.0
695,15,13,36,55,2.8, 10.4, 48.7,0.0, 52.1, 0.0,344.9, 52.1, 180.0
696,15,13,36,563,1.4, 11.0, 50.5,0.0, 65.7, 0.0,348.1, 65.7, 180.0
697,15,13,37,70,-0.4, 11.7, 52.1,0.0, 58.5, 0.0,350.5, 58.5, 180.0
698,15,13,37,576,-2.7, 12.5, 52.6,0.0, 47.0, 0.0,352.7, 47.0, 180.0
699,15,13,38,84,-4.1, 13.4, 54.3,0.0, 62.7, 0.0,355.1, 62.7, 180.0
700,15,13,38,591,-5.9, 14.6, 55.9,0.0, 82.3, 0.0,356.9, 82.3, 180.0
701,15,13,39,98,-6.8, 15.5, 57.8,0.0, 90.2, 0.0,0.4, 90.2, 180.0
702,15,13,39,605,-6.5, 16.1, 60.2,0.0, 111.6, 0.0,359.4, 111.6, 180.0
703,15,13,40,111,-7.4, 16.6, 62.6,0.0, 114.5, 0.0,359.4, 114.5, 180.0
704,15,13,40,615,-6.6, 16.8, 64.8,0.0, 126.4, 0.0,1.1, 126.4, 180.0
705,15,13,41,125,-6.1, 17.2, 67.2,0.0, 142.2, 0.0,3.5, 142.2, 180.0
706,15,13,41,625,-4.9, 17.6, 69.3,0.0, 188.5, 0.0,6.4, 188.5, 180.0
707,15,13,42,135,-4.8, 17.9, 71.8,0.0, 161.0, 0.0,8.6, 161.0, 180.0
708,15,13,42,643,-3.5, 18.2, 73.9,0.0, 160.2, 0.0,4.6, 160.2, 180.0
709,15,13,43,150,-2.3, 18.6, 76.1,0.0, 175.0, 0.0,359.9, 175.0, 180.0
710,15,13,43,657,-0.6, 18.6, 78.0,0.0, 172.9, 0.0,0.3, 172.9, 180.0
711,15,13,44,164,0.8, 18.6, 80.0,0.0, 169.5, 0.0,0.7, 169.5, 180.0
712,15,13,44,671,2.3, 18.5, 82.1,0.0, 176.7, 0.0,0.3, 176.7, 180.0
713,15,13,45,178,4.1, 18.5, 83.9,0.0, 179.5, 0.0,360.0, 179.5, 180.0
714,15,13,45,685,6.1, 18.7, 85.3,0.0, 185.5, 0.0,350.2, 185.5, 180.0
715,15,13,46,192,8.7, 18.7, 84.8,0.0, 193.4, 0.0,349.1, 193.4, 180.0
716,15,13,46,696,11.0, 18.1, 85.1,0.0, 217.4, 0.0,354.5, 217.4, 180.0
717,15,13,47,202,13.5, 18.1, 85.0,0.0, 212.1, 0.0,357.1, 212.1, 180.0
718,15,13,47,710,15.6, 18.0, 83.6,0.0, 232.1, 0.0,359.3, 232.1, 180.0
719,15,13,48,215,18.0, 17.8, 82.7,0.0, 248.2, 0.0,13.0, 248.2, 180.0
720,15,13,48,722,19.9, 17.5, 81.3,0.0, 226.8, 0.0,36.6, 226.8, 180.0
721,15,13,49,232,19.6, 17.5, 78.9,0.0, 290.0, 0.0,57.9, 290.0, 180.0
722,15,13,49,747,19.1, 17.7, 76.5,0.0, 289.6, 0.0,56.4, 289.6, 180.0
723,15,13,50,256,18.5, 17.9, 74.0,0.0, 284.6, 0.0,61.4, 284.6, 180.0
724,15,13,50,764,18.0, 18.1, 71.5,0.0, 278.7, 0.0,61.2, 278.7, 180.0
725,15,13,51,270,17.9, 18.7, 69.0,0.0, 277.2, 0.0,31.5, 277.2, 180.0
726,15,13,51,777,17.6, 18.7, 66.6,0.0, 277.4, 0.0,29.9, 277.4, 180.0
727,15,13,52,284,17.9, 18.7, 64.1,0.0, 278.2, 0.0,30.1, 278.2, 180.0
728,15,13,52,792,18.8, 18.7, 62.2,0.0, 278.5, 0.0,30.4, 278.5, 180.0
729,15,13,53,296,19.1, 18.7, 63.2,0.0, 279.2, 0.0,30.8, 279.2, 180.0
730,15,13,53,803,18.3, 18.7, 61.8,0.0, 279.2, 0.0,30.8, 279.2, 180.0
731,15,13,54,310,17.9, 18.7, 59.7,0.0, 280.1, 0.0,27.7, 280.1, 180.0
732,15,13,54,817,17.6, 18.7, 57.2,0.0, 269.4, 0.0,46.7, 269.4, 180.0
733,15,13,55,324,17.7, 18.7, 54.7,0.0, 267.7, 0.0,55.4, 267.7, 180.0
734,15,13,55,831,17.9, 18.7, 52.1,0.0, 232.7, 0.0,73.4, 232.7, 180.0
735,15,13,56,338,18.6, 18.7, 51.8,0.0, 128.2, 0.0,52.0, 308.2, 0.0
736,15,13,56,844,18.6, 18.7, 51.8,0.0, 117.4, 0.0,40.9, 297.4, 0.0
737,15,13,57,345,18.6, 18.7, 51.8,0.0, 68.2, 0.0,7.6, 248.2, 0.0
738,15,13,57,855,18.6, 18.7, 51.8,0.0, 60.2, 0.0,341.8, 240.2, 0.0
739,15,13,58,363,18.6, 18.7, 51.8,0.0, 48.7, 0.0,333.9, 228.7, 0.0
740,15,13,58,871,18.6, 18.7, 51.8,0.0, 32.8, 0.0,334.0, 212.8, 0.0
741,15,13,59,378,18.6, 18.7, 51.8,0.0, 32.8, 0.0,334.0, 212.8, 0.0
742,15,13,59,885,17.7, 18.7, 50.4,0.0, 32.8, 0.0,334.0, 212.8, 0.0
743,15,14,00,389,17.7, 18.7, 50.4,0.0, 25.8, 0.0,347.6, 205.8, 0.0
744,15,14,00,897,17.7, 18.7, 50.4,0.0, 24.3, 0.0,347.9, 204.3, 0.0
745,15,14,01,404,17.7, 18.7, 50.4,0.0, 52.8, 0.0,335.7, 232.8, 0.0
746,15,14,01,911,17.7, 18.7, 50.4,0.0, 95.0, 0.0,324.9, 275.0, 0.0
747,15,14,02,417,17.7, 18.7, 50.4,0.0, 113.5, 0.0,321.4, 293.5, 0.0
748,15,14,02,924,18.8, 18.7, 49.9,0.0, 113.5, 0.0,321.4, 293.5, 0.0
749,15,14,03,431,18.8, 18.7, 49.9,0.0, 112.1, 0.0,322.6, 292.1, 0.0
750,15,14,03,935,18.8, 18.7, 49.9,0.0, 207.7, 0.0,315.6, 27.7, 0.0
751,15,14,04,442,18.9, 18.7, 48.8,0.0, 272.0, 0.0,310.7, 92.0, 0.0
752,15,14,04,949,18.7, 18.7, 46.4,0.0, 274.9, 0.0,309.4, 94.9, 0.0
753,15,14,05,456,18.5, 18.7, 43.8,0.0, 274.9, 0.0,309.2, 94.9, 0.0
754,15,14,05,964,18.4, 18.7, 41.3,0.0, 275.6, 0.0,307.6, 95.6, 0.0
755,15,14,06,471,18.2, 18.7, 38.8,0.0, 273.8, 0.0,306.7, 93.8, 0.0
756,15,14,06,978,18.2, 18.7, 36.2,0.0, 276.6, 0.0,308.5, 96.6, 0.0
757,15,14,07,486,18.7, 18.7, 33.8,0.0, 280.4, 0.0,302.5, 100.4, 0.0
758,15,14,07,990,18.7, 18.7, 31.4,0.0, 235.2, 0.0,297.8, 55.2, 0.0
759,15,14,08,499,19.1, 18.7, 29.0,0.0, 228.2, 0.0,303.8, 48.2, 0.0
760,15,14,09,5,18.7, 18.7, 26.6,0.0, 222.5, 0.0,307.9, 42.5, 0.0
761,15,14,09,512,19.6, 18.7, 24.2,0.0, 219.8, 0.0,302.6, 39.8, 0.0
762,15,14,10,18,20.5, 18.7, 22.5,0.0, 215.1, 0.0,289.5, 35.1, 0.0
763,15,14,10,525,20.5, 18.7, 22.5,0.0, 215.9, 0.0,286.6, 35.9, 0.0
764,15,14,11,32,20.0, 18.7, 20.5,0.0, 211.1, 0.0,276.7, 31.1, 0.0
765,15,14,11,539,21.1, 18.8, 19.8,0.0, 209.9, 0.0,274.3, 209.9, 180.0
766,15,14,12,45,21.2, 18.8, 19.6,0.0, 209.4, 0.0,275.5, 209.4, 180.0
767,15,14,12,552,20.7, 18.7, 18.5,0.0, 209.4, 0.0,275.5, 209.4, 180.0
768,15,14,13,67,19.5, 18.7, 16.3,0.0, 294.7, 0.0,292.4, 294.7, 180.0
769,15,14,13,570,19.2, 18.7, 13.8,0.0, 343.1, 0.0,303.9, 343.1, 180.0
770,15,14,14,81,19.9, 18.7, 11.3,0.0, 343.2, 0.0,304.0, 343.2, 180.0
771,15,14,14,589,20.1, 18.7, 10.5,0.0, 343.2, 0.0,304.0, 343.2, 180.0
772,15,14,15,97,18.8, 18.7, 10.1,0.0, 345.1, 0.0,293.6, 345.1, 180.0
773,15,14,15,603,18.8, 18.7, 9.8,0.0, 345.8, 0.0,292.1, 345.8, 180.0
774,15,14,16,111,18.8, 18.7, 9.8,0.0, 342.6, 0.0,286.5, 342.6, 180.0
775,15,14,16,618,19.3, 18.7, 8.4,0.0, 310.2, 0.0,296.8, 310.2, 180.0
776,15,14,17,125,19.5, 18.7, 5.9,0.0, 308.6, 0.0,297.7, 308.6, 180.0
777,15,14,17,632,20.1, 18.7, 3.6,0.0, 271.8, 0.0,300.0, 271.8, 180.0
778,15,14,18,139,19.1, 18.6, 1.2,0.0, 295.6, 0.0,301.7, 295.6, 180.0
779,15,14,18,643,19.4, 18.1, -1.2,0.0, 341.2, 0.0,311.3, 341.2, 180.0
780,15,14,19,150,20.1, 17.6, -3.5,0.0, 340.2, 0.0,314.1, 340.2, 180.0
781,15,14,19,657,19.6, 17.0, -6.0,0.0, 333.2, 0.0,331.4, 333.2, 180.0
782,15,14,20,165,18.6, 16.7, -8.2,0.0, 352.7, 0.0,338.4, 352.7, 180.0
783,15,14,20,670,16.4, 16.5, -8.8,0.0, 8.0, 0.0,345.5, 8.0, 180.0
784,15,14,21,178,14.1, 16.8, -9.8,0.0, 7.8, 0.0,345.6, 7.8, 180.0
785,15,14,21,685,11.8, 16.7, -10.7,0.0, 5.7, 0.0,345.1, 5.7, 180.0
786,15,14,22,191,9.5, 17.2, -11.5,0.0, 317.9, 0.0,350.5, 317.9, 180.0
787,15,14,22,700,7.0, 16.7, -11.6,0.0, 356.7, 0.0,341.2, 356.7, 180.0
788,15,14,23,205,5.1, 15.8, -13.0,0.0, 12.0, 0.0,342.2, 12.0, 180.0
789,15,14,23,711,3.0, 14.8, -12.6,0.0, 15.2, 0.0,343.4, 15.2, 180.0
790,15,14,24,218,1.3, 14.3, -10.8,0.0, 2.7, 0.0,351.4, 2.7, 180.0
791,15,14,24,725,-0.7, 13.8, -9.4,0.0, 2.1, 0.0,353.1, 2.1, 180.0
792,15,14,25,231,-2.5, 13.4, -7.8,0.0, 53.3, 0.0,24.6, 53.3, 180.0
793,15,14,25,737,-4.9, 13.0, -7.2,0.0, 40.9, 0.0,62.3, 40.9, 180.0
794,15,14,26,244,-7.0, 12.1, -6.4,0.0, 39.0, 0.0,64.4, 39.0, 180.0
795,15,14,26,750,-9.0, 11.6, -5.1,0.0, 15.6, 0.0,83.3, 195.6, 0.0
796,15,14,27,258,-11.4, 11.4, -4.1,0.0, 39.3, 0.0,59.4, 219.3, 0.0
797,15,14,27,764,-13.0, 11.2, -2.3,0.0, 68.3, 0.0,33.9, 248.3, 0.0
798,15,14,28,270,-15.2, 10.6, -1.3,0.0, 68.1, 0.0,32.6, 248.1, 0.0
799,15,14,28,776,-17.0, 10.6, 0.5,0.0, 354.6, 0.0,5.7, 174.6, 0.0
800,15,14,29,284,-19.0, 10.6, 1.9,0.0, 336.0, 0.0,11.5, 156.0, 0.0
801,15,14,29,791,-21.2, 10.1, 1.0,0.0, 324.9, 0.0,14.2, 144.9, 0.0
802,15,14,30,298,-23.3, 9.4, -0.4,0.0, 322.2, 0.0,13.8, 142.2, 0.0
803,15,14,30,805,-24.7, 8.7, -2.3,0.0, 313.5, 0.0,10.8, 133.5, 0.0
804,15,14,31,311,-24.6, 8.2, -4.7,0.0, 316.2, 0.0,10.8, 136.2, 0.0
805,15,14,31,819,-24.8, 7.6, -7.2,0.0, 329.2, 0.0,7.5, 149.2, 0.0
806,15,14,32,325,-24.6, 7.2, -9.6,0.0, 329.7, 0.0,7.2, 149.7, 0.0
807,15,14,32,831,-25.0, 7.2, -9.2,0.0, 332.4, 0.0,6.9, 152.4, 0.0
808,15,14,33,338,-27.0, 7.0, -7.8,0.0, 321.6, 0.0,0.3, 141.6, 0.0
809,15,14,33,846,-29.4, 6.5, -7.6,0.0, 316.1, 0.0,348.9, 136.1, 0.0
810,15,14,34,352,-31.8, 6.1, -8.0,0.0, 294.4, 0.0,317.0, 114.4, 0.0
811,15,14,34,861,-34.3, 5.6, -8.7,0.0, 277.9, 0.0,278.4, 97.9, 0.0
812,15,14,35,363,-36.6, 5.2, -9.4,0.0, 258.3, 0.0,273.6, 258.3, 180.0
813,15,14,35,870,-38.5, 5.1, -10.8,0.0, 244.2, 0.0,296.8, 244.2, 180.0
814,15,14,36,377,-38.2, 5.1, -11.5,0.0, 234.3, 0.0,305.4, 234.3, 180.0
815,15,14,36,884,-38.2, 5.1, -11.5,0.0, 262.3, 0.0,310.4, 262.3, 180.0
816,15,14,37,391,-38.4, 5.1, -11.2,0.0, 244.4, 0.0,326.5, 244.4, 180.0
817,15,14,37,899,-38.8, 5.1, -9.5,0.0, 337.5, 0.0,343.4, 337.5, 180.0
818,15,14,38,410,-40.9, 5.3, -9.6,0.0, 32.2, 0.0,5.7, 32.2, 180.0
819,15,14,38,911,-42.8, 5.4, -8.1,0.0, 19.2, 0.0,53.7, 19.2, 180.0
820,15,14,39,419,-44.3, 5.8, -6.1,0.0, 4.2, 0.0,83.9, 4.2, 180.0
821,15,14,39,926,-46.4, 6.5, -5.0,0.0, 357.4, 0.0,63.2, 177.4, 0.0
822,15,14,40,432,-47.4, 7.2, -2.9,0.0, 29.6, 0.0,49.5, 209.6, 0.0
823,15,14,40,939,-48.7, 8.1, -0.9,0.0, 32.0, 0.0,40.0, 212.0, 0.0
824,15,14,41,446,-50.3, 9.1, 0.6,0.0, 26.4, 0.0,35.8, 206.4, 0.0
825,15,14,41,953,-51.8, 10.2, 2.2,0.0, 0.9, 0.0,34.6, 180.9, 0.0
826,15,14,42,459,-53.4, 11.2, 4.0,0.0, 21.0, 0.0,35.6, 201.0, 0.0
827,15,14,42,966,-55.5, 12.1, 5.0,0.0, 358.9, 0.0,33.3, 178.9, 0.0
828,15,14,43,472,-57.5, 12.6, 6.3,0.0, 341.8, 0.0,34.9, 161.8, 0.0
829,15,14,43,979,-59.9, 13.0, 7.2,0.0, 318.5, 0.0,35.1, 138.5, 0.0
830,15,14,44,486,-61.2, 13.0, 6.5,0.0, 303.7, 0.0,34.0, 123.7, 0.0
831,15,14,44,992,-60.9, 13.0, 6.3,0.0, 33.9, 0.0,23.7, 213.9, 0.0
832,15,14,45,498,-60.9, 13.0, 6.3,0.0, 72.0, 0.0,11.8, 252.0, 0.0
833,15,14,46,3,-60.9, 13.0, 6.3,0.0, 83.3, 0.0,10.5, 263.3, 0.0
834,15,14,46,508,-60.9, 13.0, 6.3,0.0, 7.1, 0.0,354.9, 187.1, 0.0
835,15,14,47,18,-60.9, 13.0, 6.3,0.0, 327.4, 0.0,357.0, 147.4, 0.0
836,15,14,47,525,-61.8, 12.9, 7.4,0.0, 325.8, 0.0,357.0, 145.8, 0.0
837,15,14,48,32,-61.9, 12.9, 8.1,0.0, 63.5, 0.0,340.0, 243.5, 0.0
838,15,14,48,538,-61.9, 12.9, 8.3,0.0, 14.8, 0.0,321.5, 194.8, 0.0
839,15,14,49,45,-63.7, 12.8, 9.3,0.0, 306.9, 0.0,322.6, 126.9, 0.0
840,15,14,49,551,-63.2, 12.9, 8.3,0.0, 310.2, 0.0,323.2, 130.2, 0.0
841,15,14,50,58,-61.1, 13.0, 7.0,0.0, 294.9, 0.0,325.1, 114.9, 0.0
842,15,14,50,560,-60.4, 13.0, 7.5,0.0, 229.0, 0.0,315.9, 49.0, 0.0
843,15,14,51,67,-58.1, 12.8, 7.8,0.0, 283.3, 0.0,314.5, 103.3, 0.0
844,15,14,51,575,-56.4, 12.5, 9.7,0.0, 323.6, 0.0,309.7, 143.6, 0.0
845,15,14,52,82,-55.9, 12.5, 10.0,0.0, 167.7, 0.0,279.3, 347.7, 0.0
846,15,14,52,588,-53.5, 12.2, 10.4,0.0, 164.2, 0.0,272.8, 344.2, 0.0
847,15,14,53,97,-51.0, 12.0, 9.9,0.0, 143.6, 0.0,280.6, 143.6, 180.0
848,15,14,53,604,-48.5, 11.8, 10.4,0.0, 182.7, 0.0,282.3, 182.7, 180.0
849,15,14,54,111,-46.4, 12.1, 11.6,0.0, 199.2, 0.0,281.9, 199.2, 180.0
850,15,14,54,619,-44.0, 12.2, 12.6,0.0, 204.4, 0.0,281.4, 204.4, 180.0
851,15,14,55,125,-41.7, 12.0, 13.5,0.0, 204.5, 0.0,281.3, 204.5, 180.0
852,15,14,55,633,-39.3, 11.7, 13.6,0.0, 201.7, 0.0,280.4, 201.7, 180.0
853,15,14,56,139,-36.8, 11.3, 13.7,0.0, 202.2, 0.0,279.4, 202.2, 180.0
854,15,14,56,646,-34.5, 10.7, 13.5,0.0, 200.3, 0.0,277.4, 200.3, 180.0
855,15,14,57,151,-32.2, 10.4, 12.7,0.0, 205.5, 0.0,279.7, 205.5, 180.0
856,15,14,57,659,-29.7, 10.2, 11.9,0.0, 242.5, 0.0,305.0, 242.5, 180.0
857,15,14,58,166,-27.4, 10.2, 11.0,0.0, 250.2, 0.0,321.1, 250.2, 180.0
858,15,14,58,673,-25.1, 10.3, 10.0,0.0, 246.7, 0.0,323.0, 246.7, 180.0
859,15,14,59,180,-22.7, 10.7, 9.1,0.0, 243.7, 0.0,325.4, 243.7, 180.0
860,15,14,59,685,-20.3, 10.8, 8.3,0.0, 242.2, 0.0,325.1, 242.2, 180.0
861,15,15,00,192,-18.2, 11.1, 7.2,0.0, 242.2, 0.0,325.1, 242.2, 180.0
862,15,15,00,699,-16.7, 11.2, 5.2,0.0, 242.3, 0.0,325.1, 242.3, 180.0
863,15,15,01,207,-14.3, 11.2, 4.4,0.0, 243.8, 0.0,325.1, 243.8, 180.0
864,15,15,01,713,-12.4, 11.2, 2.8,0.0, 282.2, 0.0,346.5, 282.2, 180.0
865,15,15,02,220,-10.1, 11.6, 1.8,0.0, 282.5, 0.0,347.5, 282.5, 180.0
866,15,15,02,727,-8.1, 11.9, 1.0,0.0, 312.1, 0.0,346.8, 312.1, 180.0
867,15,15,03,231,-8.1, 11.9, 1.0,0.0, 312.1, 0.0,346.8, 312.1, 180.0
868,15,15,03,737,-8.1, 11.9, 1.0,0.0, 358.8, 0.0,351.2, 358.8, 180.0
869,15,15,04,244,-8.1, 11.9, 1.0,0.0, 15.3, 0.0,351.2, 15.3, 180.0
870,15,15,04,751,-8.1, 11.9, 1.0,0.0, 307.1, 0.0,2.7, 307.1, 180.0
871,15,15,05,258,-8.1, 11.9, 1.0,0.0, 258.3, 0.0,11.6, 258.3, 180.0
872,15,15,05,768,-7.4, 12.0, -0.4,0.0, 229.8, 0.0,12.7, 229.8, 180.0
873,15,15,06,269,-6.3, 12.2, -2.7,0.0, 178.0, 0.0,9.2, 178.0, 180.0
874,15,15,06,775,-6.0, 12.5, -4.9,0.0, 177.8, 0.0,9.1, 177.8, 180.0
875,15,15,07,283,-5.3, 12.7, -5.4,0.0, 243.8, 0.0,27.2, 243.8, 180.0
876,15,15,07,790,-3.3, 13.1, -5.9,0.0, 258.5, 0.0,28.4, 258.5, 180.0
877,15,15,08,298,-2.7, 13.5, -8.4,0.0, 246.3, 0.0,29.7, 246.3, 180.0
878,15,15,08,806,-1.9, 13.7, -10.7,0.0, 246.0, 0.0,29.6, 246.0, 180.0
879,15,15,09,313,-0.1, 14.2, -12.3,0.0, 246.0, 0.0,29.6, 246.0, 180.0
880,15,15,09,820,2.1, 14.7, -13.5,0.0, 283.6, 0.0,28.7, 283.6, 180.0
881,15,15,10,327,4.1, 15.4, -14.1,0.0, 293.4, 0.0,23.2, 293.4, 180.0
882,15,15,10,834,2.3, 15.1, -15.3,0.0, 297.0, 0.0,21.4, 297.0, 180.0
883,15,15,11,340,1.5, 15.3, -17.7,0.0, 254.5, 0.0,30.9, 254.5, 180.0
884,15,15,11,847,1.2, 15.6, -20.1,0.0, 247.0, 0.0,33.2, 247.0, 180.0
885,15,15,12,354,2.1, 15.9, -22.4,0.0, 287.9, 0.0,36.0, 287.9, 180.0
886,15,15,12,861,3.9, 16.3, -24.2,0.0, 305.3, 0.0,38.6, 305.3, 180.0
887,15,15,13,367,4.4, 16.6, -26.6,0.0, 309.6, 0.0,39.6, 309.6, 180.0
888,15,15,13,874,6.5, 16.8, -26.8,0.0, 210.4, 0.0,52.4, 210.4, 180.0
889,15,15,14,378,9.1, 17.0, -27.2,0.0, 187.4, 0.0,49.3, 187.4, 180.0
890,15,15,14,882,11.5, 16.9, -27.5,0.0, 152.1, 0.0,49.0, 152.1, 180.0
891,15,15,15,391,13.9, 16.7, -27.1,0.0, 152.1, 0.0,49.0, 152.1, 180.0
892,15,15,15,897,16.2, 16.6, -25.9,0.0, 169.2, 0.0,49.2, 169.2, 180.0
893,15,15,16,405,18.4, 16.6, -24.8,0.0, 194.1, 0.0,50.6, 194.1, 180.0
894,15,15,16,912,20.6, 16.4, -23.5,0.0, 191.4, 0.0,52.2, 191.4, 180.0
895,15,15,17,420,22.6, 16.3, -22.0,0.0, 186.9, 0.0,55.9, 186.9, 180.0
896,15,15,17,926,24.7, 16.3, -20.7,0.0, 203.3, 0.0,59.6, 203.3, 180.0
897,15,15,18,433,26.6, 17.0, -19.2,0.0, 219.2, 0.0,59.6, 219.2, 180.0
898,15,15,18,940,27.0, 17.0, -18.6,0.0, 188.4, 0.0,56.9, 188.4, 180.0
899,15,15,19,447,27.9, 17.0, -19.2,0.0, 220.2, 0.0,60.3, 220.2, 180.0
900,15,15,19,954,29.9, 17.0, -20.7,0.0, 218.6, 0.0,49.7, 218.6, 180.0
901,15,15,20,460,32.0, 16.9, -21.3,0.0, 220.2, 0.0,27.2, 220.2, 180.0
902,15,15,20,967,33.4, 16.7, -19.9,0.0, 251.3, 0.0,56.4, 251.3, 180.0
903,15,15,21,474,35.2, 16.9, -19.4,0.0, 256.8, 0.0,64.2, 256.8, 180.0
904,15,15,21,980,35.2, 16.9, -19.4,0.0, 209.4, 0.0,73.1, 209.4, 180.0
905,15,15,22,487,33.9, 16.6, -18.7,0.0, 220.0, 0.0,73.7, 220.0, 180.0
906,15,15,22,993,32.5, 16.4, -17.0,0.0, 324.0, 0.0,76.2, 144.0, 0.0
907,15,15,23,500,30.0, 16.8, -17.5,0.0, 312.7, 0.0,72.2, 132.7, 0.0
908,15,15,24,8,28.0, 17.0, -18.7,0.0, 301.8, 0.0,69.3, 121.8, 0.0
909,15,15,24,513,26.3, 16.7, -20.2,0.0, 287.2, 0.0,58.2, 107.2, 0.0
910,15,15,25,21,24.6, 16.3, -19.8,0.0, 269.5, 0.0,47.2, 89.5, 0.0
911,15,15,25,527,25.3, 16.4, -22.1,0.0, 240.3, 0.0,30.6, 60.3, 0.0
912,15,15,26,34,26.0, 16.6, -23.2,0.0, 237.3, 0.0,39.2, 57.3, 0.0
913,15,15,26,542,26.6, 16.7, -22.9,0.0, 243.7, 0.0,40.9, 63.7, 0.0
914,15,15,27,48,27.2, 16.7, -22.5,0.0, 252.6, 0.0,42.1, 72.6, 0.0
915,15,15,27,554,27.2, 16.7, -22.5,0.0, 262.5, 0.0,40.0, 82.5, 0.0
916,15,15,28,61,26.8, 16.7, -20.7,0.0, 260.2, 0.0,38.5, 80.2, 0.0
917,15,15,28,568,26.1, 17.0, -18.4,0.0, 272.2, 0.0,356.3, 92.2, 0.0
918,15,15,29,75,25.7, 17.0, -17.4,0.0, 260.7, 0.0,350.3, 80.7, 0.0
919,15,15,29,581,25.7, 17.0, -17.4,0.0, 256.1, 0.0,2.8, 76.1, 0.0
920,15,15,30,88,24.0, 16.5, -17.8,0.0, 256.1, 0.0,2.8, 76.1, 0.0
921,15,15,30,595,24.0, 16.5, -17.8,0.0, 308.9, 0.0,357.4, 128.9, 0.0
922,15,15,31,101,24.0, 16.5, -17.8,0.0, 347.7, 0.0,352.9, 167.7, 0.0
923,15,15,31,605,24.0, 16.5, -17.8,0.0, 21.2, 0.0,358.1, 201.2, 0.0
924,15,15,32,111,24.0, 16.5, -17.8,0.0, 21.0, 0.0,357.6, 201.0, 0.0
925,15,15,32,634,24.0, 16.5, -17.8,0.0, 33.5, 0.0,355.9, 213.5, 0.0
926,15,15,33,149,24.0, 16.5, -17.8,0.0, 78.8, 0.0,358.0, 258.8, 0.0
927,15,15,33,655,24.0, 16.5, -17.8,0.0, 107.6, 0.0,359.8, 287.6, 0.0
928,15,15,34,164,24.0, 16.5, -17.8,0.0, 109.6, 0.0,359.0, 289.6, 0.0
929,15,15,34,671,24.0, 16.5, -17.8,0.0, 125.9, 0.0,358.8, 305.9, 0.0
930,15,15,35,179,24.0, 16.5, -17.8,0.0, 133.5, 0.0,357.3, 313.5, 0.0
931,15,15,35,686,24.0, 16.5, -17.8,0.0, 130.5, 0.0,356.7, 310.5, 0.0
932,15,15,36,191,24.0, 16.5, -17.8,0.0, 71.2, 0.0,345.4, 251.2, 0.0
933,15,15,36,694,24.0, 16.5, -17.8,0.0, 49.9, 0.0,342.0, 229.9, 0.0
934,15,15,37,204,24.0, 16.5, -17.8,0.0, 29.2, 0.0,338.5, 209.2, 0.0
935,15,15,37,711,24.0, 16.5, -17.8,0.0, 329.4, 0.0,329.1, 149.4, 0.0
936,15,15,38,219,24.0, 16.5, -17.8,0.0, 309.0, 0.0,327.4, 129.0, 0.0
937,15,15,38,726,24.0, 16.5, -17.8,0.0, 308.1, 0.0,327.3, 128.1, 0.0
938,15,15,39,233,24.0, 16.5, -17.8,0.0, 283.3, 0.0,326.4, 103.3, 0.0
939,15,15,39,739,24.0, 16.5, -17.8,0.0, 279.0, 0.0,326.4, 99.0, 0.0
940,15,15,40,246,24.0, 16.5, -17.8,0.0, 332.0, 0.0,322.5, 152.0, 0.0
941,15,15,40,753,24.0, 16.5, -17.8,0.0, 333.6, 0.0,323.2, 153.6, 0.0
942,15,15,41,257,24.0, 16.5, -17.8,0.0, 6.3, 0.0,328.1, 186.3, 0.0
943,15,15,41,781,24.0, 16.5, -17.8,0.0, 34.4, 0.0,330.7, 214.4, 0.0
944,15,15,42,283,24.0, 16.5, -17.8,0.0, 34.5, 0.0,331.4, 214.5, 0.0
945,15,15,42,790,24.0, 16.5, -17.8,0.0, 34.8, 0.0,331.6, 214.8, 0.0
946,15,15,43,297,24.0, 16.5, -17.8,0.0, 35.4, 0.0,329.4, 215.4, 0.0
947,15,15,43,805,24.0, 16.5, -17.8,0.0, 35.3, 0.0,330.3, 215.3, 0.0
948,15,15,44,313,24.0, 16.5, -17.8,0.0, 35.3, 0.0,330.3, 215.3, 0.0
949,15,15,44,820,24.0, 16.5, -17.8,0.0, 40.1, 0.0,331.1, 220.1, 0.0
950,15,15,45,326,24.0, 16.5, -17.8,0.0, 40.1, 0.0,331.1, 220.1, 0.0
951,15,15,45,837,24.0, 16.5, -17.8,0.0, 57.8, 0.0,330.6, 237.8, 0.0
952,15,15,46,337,24.0, 16.5, -17.8,0.0, 79.8, 0.0,329.7, 259.8, 0.0
953,15,15,46,845,24.0, 16.5, -17.8,0.0, 80.3, 0.0,329.5, 260.3, 0.0
954,15,15,47,349,24.0, 16.5, -17.8,0.0, 349.4, 0.0,316.8, 169.4, 0.0
955,15,15,47,858,24.0, 16.5, -17.8,0.0, 268.6, 0.0,311.5, 88.6, 0.0
956,15,15,48,366,24.0, 16.3, -19.7,0.0, 293.5, 0.0,310.5, 113.5, 0.0
957,15,15,48,867,23.9, 16.3, -19.8,0.0, 16.6, 0.0,311.2, 196.6, 0.0
958,15,15,49,378,23.9, 16.3, -19.8,0.0, 19.7, 0.0,311.2, 199.7, 0.0
959,15,15,49,884,23.9, 16.3, -19.8,0.0, 17.6, 0.0,311.3, 197.6, 0.0
960,15,15,50,391,23.9, 16.3, -19.8,0.0, 17.6, 0.0,311.3, 197.6, 0.0
961,15,15,50,897,23.9, 16.3, -19.8,0.0, 65.1, 0.0,318.1, 245.1, 0.0
962,15,15,51,416,23.0, 16.4, -17.7,0.0, 74.9, 0.0,316.9, 254.9, 0.0
963,15,15,51,924,21.7, 16.3, -17.8,0.0, 82.1, 0.0,316.5, 262.1, 0.0
964,15,15,52,444,21.7, 16.3, -17.8,0.0, 82.8, 0.0,315.3, 262.8, 0.0
965,15,15,52,951,21.7, 16.3, -17.8,0.0, 82.8, 0.0,315.3, 262.8, 0.0
966,15,15,53,460,21.7, 16.3, -17.8,0.0, 82.8, 0.0,315.3, 262.8, 0.0
967,15,15,53,978,21.7, 16.3, -17.8,0.0, 82.8, 0.0,315.3, 262.8, 0.0
968,15,15,54,486,21.7, 16.3, -17.8,0.0, 82.8, 0.0,315.3, 262.8, 0.0
969,15,15,54,991,21.7, 16.3, -17.8,0.0, 82.8, 0.0,315.3, 262.8, 0.0
