id,hour,min,sec,ms,xpos,ypos,zpos,uMousePos,vMousePos,wMousePos,uGazePos,vGazePos,wGazePos
306,16,35,19,901,21.3, 16.4, -9.0,0.0, 22.6, 0.0,3.9, 96.6, 345.8
307,16,35,20,408,21.8, 16.9, -7.0,0.0, 23.0, 0.0,4.0, 97.0, 345.7
308,16,35,20,914,21.0, 17.3, -4.7,0.0, 23.3, 0.0,4.0, 97.3, 345.7
309,16,35,21,421,20.0, 17.8, -2.4,0.0, 23.6, 0.0,4.4, 97.5, 345.7
310,16,35,21,928,20.2, 18.3, 0.0,0.0, 24.1, 0.0,5.4, 97.7, 345.7
311,16,35,22,433,21.3, 18.7, 2.2,0.0, 24.2, 0.0,5.8, 97.7, 345.7
312,16,35,22,938,21.6, 18.8, 4.5,0.0, 11.5, 0.0,3.3, 85.6, 345.8
313,16,35,23,446,21.6, 18.8, 7.0,0.0, 11.9, 0.0,0.7, 86.7, 345.8
314,16,35,23,952,21.5, 18.8, 9.5,0.0, 7.5, 0.0,1.3, 82.2, 345.8
315,16,35,24,457,21.3, 18.8, 11.7,0.0, 3.1, 0.0,0.2, 78.0, 345.8
316,16,35,24,965,21.3, 18.8, 14.3,0.0, 340.6, 0.0,3.0, 54.8, 345.8
317,16,35,25,472,20.1, 18.7, 16.5,0.0, 329.9, 0.0,2.0, 44.4, 345.8
318,16,35,25,979,18.5, 18.7, 18.2,0.0, 304.2, 0.0,10.9, 16.4, 345.5
319,16,35,26,490,18.2, 18.8, 19.9,0.0, 324.5, 0.0,8.7, 37.3, 345.6
320,16,35,26,991,18.2, 18.8, 22.1,0.0, 332.5, 0.0,3.6, 46.6, 345.8
321,16,35,27,498,18.1, 18.8, 24.4,0.0, 342.9, 0.0,359.5, 58.0, 345.8
322,16,35,28,6,18.3, 18.7, 26.6,0.0, 351.2, 0.0,357.0, 66.9, 345.8
323,16,35,28,512,18.0, 18.8, 29.1,0.0, 354.1, 0.0,357.2, 69.8, 345.8
324,16,35,29,18,17.9, 19.1, 31.6,0.0, 358.6, 0.0,357.9, 74.1, 345.8
325,16,35,29,525,18.0, 18.8, 34.1,0.0, 358.5, 0.0,358.4, 73.9, 345.8
326,16,35,30,31,18.2, 18.7, 36.5,0.0, 6.2, 0.0,354.9, 82.5, 345.7
327,16,35,30,538,18.7, 18.7, 39.0,0.0, 10.9, 0.0,351.4, 88.1, 345.6
328,16,35,31,45,19.4, 18.7, 41.5,0.0, 18.3, 0.0,352.5, 95.2, 345.7
329,16,35,31,551,20.3, 18.7, 43.8,0.0, 23.1, 0.0,351.1, 100.4, 345.6
330,16,35,32,58,20.6, 18.8, 46.2,0.0, 4.4, 0.0,354.4, 80.8, 345.7
331,16,35,32,567,20.5, 19.1, 48.8,0.0, 1.5, 0.0,353.7, 78.1, 345.7
332,16,35,33,74,20.2, 18.7, 51.1,0.0, 354.0, 0.0,353.4, 70.7, 345.7
333,16,35,33,584,19.9, 18.7, 53.7,0.0, 356.2, 0.0,352.6, 73.1, 345.7
334,16,35,34,85,19.7, 18.7, 56.2,0.0, 354.2, 0.0,353.1, 70.9, 345.7
335,16,35,34,592,19.5, 18.7, 58.6,0.0, 353.7, 0.0,354.3, 70.1, 345.7
336,16,35,35,99,19.1, 18.7, 61.1,0.0, 351.2, 0.0,354.4, 67.6, 345.7
337,16,35,35,606,18.8, 18.7, 63.7,0.0, 356.8, 0.0,355.4, 73.0, 345.7
338,16,35,36,113,18.7, 18.7, 66.2,0.0, 1.7, 0.0,354.3, 78.1, 345.7
339,16,35,36,619,19.0, 18.9, 68.7,0.0, 7.1, 0.0,352.5, 84.0, 345.7
340,16,35,37,127,19.7, 18.4, 71.1,0.0, 18.4, 0.0,349.0, 96.2, 345.5
341,16,35,37,650,20.6, 18.1, 73.5,0.0, 19.1, 0.0,348.6, 97.0, 345.5
342,16,35,38,153,21.4, 17.8, 75.9,0.0, 18.9, 0.0,348.4, 96.9, 345.5
343,16,35,38,677,22.2, 17.6, 78.3,0.0, 17.0, 0.0,347.6, 95.2, 345.4
344,16,35,39,180,22.8, 17.6, 80.8,0.0, 8.8, 0.0,350.6, 86.2, 345.6
345,16,35,39,685,23.1, 17.6, 83.3,0.0, 5.6, 0.0,344.6, 84.6, 345.2
346,16,35,40,204,23.2, 17.6, 85.9,0.0, 355.4, 0.0,347.1, 73.7, 345.4
347,16,35,40,709,22.8, 17.4, 88.4,0.0, 345.3, 0.0,346.9, 63.7, 345.4
348,16,35,41,217,22.1, 17.3, 90.8,0.0, 342.3, 0.0,345.3, 61.1, 345.3
349,16,35,41,725,21.3, 17.2, 93.3,0.0, 338.2, 0.0,332.0, 60.9, 343.9
350,16,35,42,232,20.4, 17.2, 95.6,0.0, 342.3, 0.0,335.5, 63.9, 344.3
351,16,35,42,738,20.0, 17.4, 98.0,0.0, 350.5, 0.0,341.5, 70.3, 345.0
352,16,35,43,246,20.4, 17.4, 100.4,0.0, 14.3, 0.0,344.2, 93.4, 345.2
353,16,35,43,753,21.5, 17.4, 102.6,0.0, 15.2, 0.0,346.5, 93.7, 345.4
354,16,35,44,260,22.7, 17.5, 104.7,0.0, 15.2, 0.0,347.6, 93.4, 345.4
355,16,35,44,767,25.0, 17.5, 105.9,0.0, 15.9, 0.0,348.1, 93.9, 345.5
356,16,35,45,274,27.1, 17.4, 107.2,0.0, 15.3, 0.0,347.8, 93.4, 345.4
357,16,35,45,781,29.3, 17.3, 108.5,0.0, 15.3, 0.0,347.8, 93.4, 345.4
358,16,35,46,287,31.6, 17.5, 109.7,0.0, 15.3, 0.0,347.8, 93.4, 345.4
359,16,35,46,793,33.7, 17.8, 111.0,0.0, 15.2, 0.0,347.6, 93.4, 345.4
360,16,35,47,299,35.9, 17.7, 112.2,0.0, 20.1, 0.0,346.6, 98.6, 345.4
361,16,35,47,806,38.3, 17.5, 113.2,0.0, 25.5, 0.0,345.9, 104.1, 345.3
362,16,35,48,313,40.6, 17.3, 114.0,0.0, 25.8, 0.0,346.0, 104.4, 345.3
363,16,35,48,820,43.0, 17.0, 114.7,0.0, 34.3, 0.0,344.8, 113.2, 345.3
364,16,35,49,327,45.6, 16.8, 114.8,0.0, 44.6, 0.0,344.0, 123.8, 345.2
365,16,35,49,848,48.2, 16.7, 115.0,0.0, 39.3, 0.0,340.4, 119.5, 344.9
366,16,35,50,353,50.6, 16.6, 115.5,0.0, 22.1, 0.0,333.6, 104.3, 344.1
367,16,35,50,860,52.7, 16.5, 116.8,0.0, 1.2, 0.0,332.0, 83.9, 343.9
368,16,35,51,367,54.1, 16.1, 118.9,0.0, 348.1, 0.0,334.3, 70.1, 344.2
369,16,35,51,875,55.4, 15.8, 121.0,0.0, 336.8, 0.0,335.2, 58.5, 344.3
370,16,35,52,382,56.7, 15.7, 123.1,0.0, 350.6, 0.0,332.5, 73.2, 343.9
371,16,35,52,889,58.2, 15.9, 125.3,0.0, 351.4, 0.0,331.4, 74.3, 343.8
372,16,35,53,395,59.6, 16.1, 127.3,0.0, 348.5, 0.0,331.2, 71.5, 343.7
373,16,35,53,901,61.3, 16.4, 129.1,0.0, 359.1, 0.0,326.5, 83.7, 342.9
374,16,35,54,407,63.1, 16.6, 131.0,0.0, 359.0, 0.0,326.6, 83.6, 342.9
375,16,35,54,914,64.8, 16.8, 132.8,0.0, 358.7, 0.0,326.4, 83.4, 342.9
376,16,35,55,421,66.9, 16.9, 134.2,0.0, 20.3, 0.0,326.6, 104.9, 342.9
377,16,35,55,928,69.4, 17.0, 134.7,0.0, 41.8, 0.0,331.2, 124.8, 343.7
378,16,35,56,435,71.9, 17.2, 134.4,0.0, 59.0, 0.0,330.5, 142.2, 343.6
379,16,35,56,940,74.2, 17.5, 133.7,0.0, 61.5, 0.0,329.3, 145.1, 343.4
380,16,35,57,447,76.8, 17.7, 133.1,0.0, 56.6, 0.0,330.4, 139.9, 343.6
381,16,35,57,953,79.2, 17.8, 132.7,0.0, 51.2, 0.0,332.3, 133.8, 343.9
382,16,35,58,460,81.7, 17.6, 132.4,0.0, 51.0, 0.0,331.9, 133.8, 343.8
383,16,35,58,967,84.2, 17.0, 132.5,0.0, 46.0, 0.0,332.0, 128.7, 343.9