id,hour,min,sec,ms,xpos,ypos,zpos,uMousePos,vMousePos,wMousePos,uGazePos,vGazePos,wGazePos
0,16,16,41,682,80.8, 18.8, 134.0,0.0, 238.7, 0.0,11.3, 237.1, 1.4
1,16,16,42,782,80.8, 17.6, 134.0,0.0, 238.7, 0.0,11.3, 237.1, 1.4
2,16,16,43,290,80.8, 17.6, 134.0,0.0, 238.7, 0.0,11.3, 237.1, 1.4
3,16,16,43,799,80.8, 17.6, 134.0,0.0, 238.7, 0.0,11.3, 237.1, 1.4
4,16,16,44,304,80.8, 17.6, 134.0,0.0, 238.7, 0.0,11.3, 237.1, 1.4
5,16,16,44,812,80.8, 17.6, 134.0,0.0, 279.6, 0.0,296.1, 275.0, 3.0
6,16,16,45,316,80.8, 17.6, 134.0,0.0, 302.4, 0.0,270.1, 210.2, 87.8
7,16,16,45,822,80.8, 17.6, 134.0,0.0, 22.2, 0.0,277.6, 26.4, 350.1
8,16,16,46,331,80.8, 17.6, 134.0,0.0, 51.6, 0.0,271.8, 138.7, 267.1
9,16,16,46,838,80.8, 17.6, 134.0,0.0, 40.0, 0.0,275.9, 52.1, 342.0
10,16,16,47,346,80.8, 17.6, 134.0,0.0, 40.0, 0.0,275.9, 52.1, 342.0
11,16,16,47,853,80.8, 17.6, 134.0,0.0, 33.6, 0.0,274.5, 51.6, 336.1
12,16,16,48,360,80.8, 17.6, 134.0,0.0, 31.2, 0.0,277.3, 39.7, 345.6
13,16,16,48,867,80.8, 17.6, 134.0,0.0, 31.3, 0.0,281.4, 34.6, 350.7
14,16,16,49,372,80.8, 17.6, 134.0,0.0, 31.4, 0.0,285.3, 32.2, 353.1
15,16,16,49,880,80.8, 17.6, 134.0,0.0, 28.7, 0.0,294.7, 26.8, 355.6
16,16,16,50,387,80.8, 17.6, 134.0,0.0, 27.6, 0.0,296.0, 25.5, 355.8
17,16,16,50,894,80.8, 17.6, 134.0,0.0, 25.2, 0.0,298.3, 22.7, 356.1
18,16,16,51,400,80.8, 17.6, 134.0,0.0, 25.2, 0.0,298.7, 22.7, 356.2
19,16,16,51,906,80.8, 17.6, 134.0,0.0, 24.8, 0.0,300.0, 22.1, 356.3
20,16,16,52,413,80.8, 17.6, 134.0,0.0, 24.1, 0.0,300.9, 21.3, 356.4
21,16,16,52,920,80.8, 17.6, 134.0,0.0, 23.6, 0.0,302.7, 20.6, 356.6
22,16,16,53,428,80.8, 17.6, 134.0,0.0, 22.4, 0.0,304.1, 19.2, 356.8
23,16,16,53,934,80.8, 17.6, 134.0,0.0, 22.1, 0.0,305.0, 18.8, 356.8
24,16,16,54,442,80.8, 17.6, 134.0,0.0, 22.2, 0.0,305.1, 18.9, 356.8
25,16,16,54,949,80.8, 17.6, 134.0,0.0, 22.2, 0.0,305.1, 18.9, 356.8
26,16,16,55,456,80.8, 17.6, 134.0,0.0, 23.1, 0.0,304.7, 19.9, 356.8
27,16,16,55,963,80.8, 17.6, 134.0,0.0, 23.0, 0.0,305.6, 19.7, 356.9
28,16,16,56,470,80.8, 17.6, 134.0,0.0, 23.0, 0.0,306.1, 19.6, 356.9
29,16,16,56,976,80.8, 17.6, 134.0,0.0, 23.1, 0.0,306.3, 19.7, 356.9
30,16,16,57,483,80.8, 17.6, 134.0,0.0, 23.8, 0.0,304.7, 20.6, 356.8
31,16,16,57,989,80.8, 17.6, 134.0,0.0, 46.2, 0.0,302.4, 43.2, 356.6
32,16,16,58,495,80.8, 17.6, 134.0,0.0, 48.2, 0.0,302.4, 45.2, 356.6
33,16,16,59,1,80.8, 17.6, 134.0,0.0, 66.6, 0.0,303.3, 63.5, 356.7
34,16,16,59,507,80.8, 17.6, 134.0,0.0, 82.1, 0.0,305.6, 78.8, 356.9
35,16,17,00,14,80.8, 17.6, 134.0,0.0, 92.6, 0.0,306.9, 89.2, 357.0
36,16,17,00,521,80.8, 17.6, 134.0,0.0, 86.2, 0.0,305.9, 82.9, 356.9
37,16,17,01,29,80.8, 17.6, 134.0,0.0, 82.5, 0.0,307.6, 79.0, 357.0
38,16,17,01,535,80.8, 17.6, 134.0,0.0, 70.4, 0.0,312.1, 66.6, 357.3
39,16,17,02,42,80.8, 17.6, 134.0,0.0, 59.6, 0.0,314.2, 55.6, 357.4
40,16,17,02,548,80.8, 17.6, 134.0,0.0, 82.8, 0.0,315.3, 78.7, 357.4
41,16,17,03,55,80.8, 17.6, 134.0,0.0, 113.3, 0.0,318.0, 109.1, 357.5
42,16,17,03,559,80.8, 17.6, 134.0,0.0, 142.2, 0.0,321.6, 137.8, 357.7
43,16,17,04,66,80.8, 17.6, 134.0,0.0, 175.5, 0.0,326.6, 170.8, 357.8
44,16,17,04,571,80.8, 17.6, 134.0,0.0, 195.9, 0.0,329.1, 191.1, 357.9
45,16,17,05,75,80.8, 17.6, 134.0,0.0, 229.5, 0.0,335.7, 224.5, 358.0
46,16,17,05,584,80.8, 17.6, 134.0,0.0, 263.0, 0.0,338.7, 257.9, 358.0
47,16,17,06,93,80.8, 17.6, 134.0,0.0, 286.1, 0.0,341.0, 280.9, 358.1
48,16,17,06,600,80.8, 17.6, 134.0,0.0, 292.1, 0.0,341.0, 286.9, 358.1
49,16,17,07,107,80.8, 17.6, 134.0,0.0, 292.0, 0.0,341.0, 286.8, 358.1
50,16,17,07,615,80.8, 17.6, 134.0,0.0, 289.5, 0.0,340.7, 284.3, 358.1
51,16,17,08,121,80.8, 17.6, 134.0,0.0, 285.7, 0.0,340.7, 280.5, 358.1
52,16,17,08,634,80.8, 17.6, 134.0,0.0, 266.2, 0.0,340.7, 261.0, 358.1
53,16,17,09,156,80.8, 17.6, 134.0,0.0, 239.8, 0.0,341.7, 234.5, 358.1
54,16,17,09,660,80.8, 17.6, 134.0,0.0, 199.0, 0.0,350.3, 193.5, 358.2
55,16,17,10,169,80.8, 17.6, 134.0,0.0, 165.6, 0.0,3.0, 159.7, 358.2
56,16,17,10,677,80.8, 17.6, 134.0,0.0, 140.5, 0.0,13.7, 134.2, 358.1
57,16,17,11,185,80.8, 17.6, 134.0,0.0, 140.7, 0.0,14.0, 134.4, 358.1
58,16,17,11,693,80.8, 17.6, 134.0,0.0, 140.7, 0.0,14.0, 134.4, 358.1
59,16,17,12,200,80.8, 17.6, 134.0,0.0, 141.5, 0.0,14.1, 135.2, 358.1
60,16,17,12,708,80.8, 17.6, 134.0,0.0, 154.6, 0.0,11.0, 148.4, 358.1
61,16,17,13,215,80.8, 17.6, 134.0,0.0, 163.5, 0.0,7.6, 157.4, 358.2
62,16,17,13,719,80.8, 17.6, 134.0,0.0, 177.3, 0.0,2.3, 171.4, 358.2
63,16,17,14,224,80.8, 17.6, 134.0,0.0, 150.6, 0.0,358.6, 144.8, 358.2
64,16,17,14,733,80.8, 17.6, 134.0,0.0, 150.8, 0.0,359.0, 145.0, 358.2
65,16,17,15,240,80.8, 17.6, 134.0,0.0, 150.8, 0.0,359.0, 145.0, 358.2
66,16,17,15,746,80.8, 17.6, 134.0,0.0, 150.8, 0.0,359.0, 145.0, 358.2
67,16,17,16,253,80.8, 17.6, 134.0,0.0, 150.8, 0.0,359.0, 145.0, 358.2
68,16,17,16,760,80.8, 17.6, 134.0,0.0, 150.8, 0.0,359.0, 145.0, 358.2
69,16,17,17,267,80.8, 17.6, 134.0,0.0, 148.3, 0.0,2.0, 142.4, 358.2
70,16,17,17,774,80.8, 17.6, 134.0,0.0, 139.8, 0.0,2.4, 133.9, 358.2
71,16,17,18,281,80.8, 17.6, 134.0,0.0, 129.7, 0.0,6.8, 123.6, 358.2
72,16,17,18,788,80.8, 17.6, 134.0,0.0, 118.5, 0.0,11.8, 112.3, 358.1
73,16,17,19,295,80.8, 17.6, 134.0,0.0, 129.9, 0.0,8.2, 123.8, 358.2
74,16,17,19,802,80.8, 17.6, 134.0,0.0, 132.5, 0.0,7.6, 126.4, 358.2
75,16,17,20,309,80.8, 17.6, 134.0,0.0, 132.5, 0.0,7.6, 126.4, 358.2
76,16,17,20,815,80.8, 17.6, 134.0,0.0, 132.5, 0.0,7.6, 126.4, 358.2
77,16,17,21,322,80.8, 17.6, 134.0,0.0, 143.0, 0.0,6.8, 136.9, 358.2
78,16,17,21,838,80.8, 17.6, 134.0,0.0, 160.1, 0.0,4.4, 154.1, 358.2
79,16,17,22,344,80.8, 17.6, 134.0,0.0, 187.1, 0.0,2.5, 181.2, 358.2
80,16,17,22,850,80.8, 17.6, 134.0,0.0, 208.3, 0.0,2.5, 202.4, 358.2
81,16,17,23,358,80.8, 17.6, 134.0,0.0, 254.0, 0.0,5.9, 248.0, 358.2
82,16,17,23,867,80.8, 17.6, 134.0,0.0, 270.2, 0.0,8.9, 264.1, 358.2
83,16,17,24,374,80.8, 17.6, 134.0,0.0, 260.9, 0.0,11.3, 254.7, 358.1
84,16,17,24,879,80.8, 17.6, 134.0,0.0, 255.0, 0.0,13.2, 248.7, 358.1
85,16,17,25,386,79.2, 17.8, 133.5,0.0, 255.0, 0.0,13.2, 248.7, 358.1
86,16,17,25,893,76.8, 17.7, 132.9,0.0, 255.0, 0.0,13.2, 248.7, 358.1
87,16,17,26,400,74.6, 17.5, 132.8,0.0, 255.0, 0.0,13.2, 248.7, 358.1
88,16,17,26,908,73.9, 17.3, 135.3,0.0, 254.6, 0.0,13.2, 248.3, 358.1
89,16,17,27,412,72.8, 17.2, 134.6,0.0, 231.1, 0.0,5.8, 225.1, 358.2
90,16,17,27,921,72.2, 17.2, 134.1,0.0, 235.0, 0.0,3.5, 229.0, 358.2
91,16,17,28,423,70.1, 17.1, 132.7,0.0, 235.2, 0.0,4.1, 229.2, 358.2
92,16,17,28,931,68.1, 16.8, 131.3,0.0, 235.2, 0.0,4.1, 229.2, 358.2
93,16,17,29,439,66.8, 17.0, 133.1,0.0, 235.2, 0.0,4.1, 229.2, 358.2
94,16,17,29,947,65.0, 16.8, 133.6,0.0, 235.3, 0.0,4.3, 229.3, 358.2
95,16,17,30,454,63.0, 16.6, 132.1,0.0, 239.3, 0.0,1.6, 233.4, 358.2
96,16,17,30,960,60.8, 16.5, 131.0,0.0, 237.9, 0.0,357.0, 232.1, 358.2
97,16,17,31,466,59.8, 16.5, 130.3,0.0, 237.5, 0.0,357.0, 231.7, 358.2
98,16,17,31,975,59.5, 16.5, 130.1,0.0, 233.7, 0.0,355.9, 228.0, 358.2
99,16,17,32,481,57.5, 16.4, 128.7,0.0, 233.4, 0.0,355.9, 227.7, 358.2
100,16,17,32,988,55.4, 16.4, 127.1,0.0, 233.4, 0.0,355.9, 227.7, 358.2
101,16,17,33,495,53.4, 16.3, 125.6,0.0, 232.8, 0.0,356.0, 227.1, 358.2
102,16,17,34,2,51.8, 16.4, 125.8,0.0, 232.8, 0.0,356.0, 227.1, 358.2
103,16,17,34,508,50.1, 16.5, 126.4,0.0, 232.8, 0.0,356.0, 227.1, 358.2
104,16,17,35,15,48.1, 16.6, 124.9,0.0, 232.8, 0.0,356.0, 227.1, 358.2
105,16,17,35,521,46.9, 16.6, 124.0,0.0, 232.4, 0.0,354.8, 226.7, 358.2
106,16,17,36,29,45.3, 16.7, 122.8,0.0, 232.4, 0.0,354.8, 226.7, 358.2
107,16,17,36,535,44.2, 16.8, 121.8,0.0, 240.7, 0.0,353.0, 235.1, 358.2
108,16,17,37,41,44.2, 16.8, 121.8,0.0, 250.6, 0.0,340.7, 245.4, 358.1
109,16,17,37,549,44.2, 16.8, 121.8,0.0, 252.0, 0.0,339.2, 246.8, 358.1
110,16,17,38,76,44.2, 16.8, 121.8,0.0, 222.3, 0.0,342.0, 217.0, 358.1
111,16,17,38,585,44.2, 16.8, 121.8,0.0, 221.4, 0.0,342.3, 216.1, 358.1
112,16,17,39,92,42.6, 16.9, 120.1,0.0, 221.4, 0.0,342.3, 216.1, 358.1
113,16,17,39,599,41.0, 17.1, 118.2,0.0, 221.4, 0.0,342.3, 216.1, 358.1
114,16,17,40,106,39.3, 17.3, 116.3,0.0, 221.6, 0.0,342.3, 216.3, 358.1
115,16,17,40,614,37.6, 17.6, 114.4,0.0, 221.6, 0.0,342.3, 216.3, 358.1
116,16,17,41,121,36.0, 17.7, 112.6,0.0, 221.8, 0.0,342.8, 216.5, 358.1
117,16,17,41,628,34.2, 17.7, 110.6,0.0, 221.8, 0.0,342.8, 216.5, 358.1
118,16,17,42,148,32.5, 17.6, 108.7,0.0, 221.8, 0.0,342.8, 216.5, 358.1
119,16,17,42,654,30.9, 17.3, 106.8,0.0, 222.3, 0.0,342.7, 217.0, 358.1
120,16,17,43,174,29.1, 17.1, 104.9,0.0, 224.4, 0.0,340.2, 219.2, 358.1
121,16,17,43,681,27.4, 16.8, 103.1,0.0, 224.5, 0.0,339.8, 219.3, 358.1
122,16,17,44,187,25.6, 16.7, 101.3,0.0, 224.5, 0.0,339.8, 219.3, 358.1
123,16,17,44,694,23.8, 16.8, 99.5,0.0, 224.5, 0.0,339.8, 219.3, 358.1
124,16,17,45,201,22.1, 17.1, 97.7,0.0, 224.5, 0.0,339.8, 219.3, 358.1
125,16,17,45,707,20.3, 17.2, 95.8,0.0, 224.5, 0.0,339.6, 219.3, 358.1
126,16,17,46,215,18.6, 17.3, 94.0,0.0, 224.5, 0.0,339.5, 219.3, 358.1
127,16,17,46,722,16.8, 17.6, 92.3,0.0, 224.8, 0.0,339.5, 219.6, 358.1
128,16,17,47,228,15.8, 17.7, 91.3,0.0, 227.8, 0.0,344.5, 222.5, 358.1
129,16,17,47,748,15.8, 17.7, 91.3,0.0, 214.3, 0.0,344.0, 209.0, 358.1
130,16,17,48,254,15.8, 17.7, 91.3,0.0, 193.9, 0.0,348.0, 188.4, 358.1
131,16,17,48,761,15.8, 17.7, 91.3,0.0, 163.5, 0.0,351.9, 157.9, 358.2
132,16,17,49,268,15.8, 17.7, 91.3,0.0, 123.2, 0.0,0.7, 117.3, 358.2
133,16,17,49,775,15.8, 17.7, 91.3,0.0, 99.1, 0.0,9.2, 93.0, 358.2
134,16,17,50,282,15.8, 17.7, 91.3,0.0, 85.5, 0.0,13.7, 79.2, 358.1
135,16,17,50,790,15.8, 17.7, 91.3,0.0, 93.8, 0.0,10.1, 87.6, 358.1
136,16,17,51,294,15.8, 17.7, 91.3,0.0, 115.6, 0.0,356.9, 109.8, 358.2
137,16,17,51,797,15.8, 17.7, 91.3,0.0, 114.0, 0.0,355.4, 108.3, 358.2
138,16,17,52,306,15.8, 17.7, 91.3,0.0, 115.3, 0.0,357.8, 109.5, 358.2
139,16,17,52,814,16.1, 17.6, 91.8,0.0, 115.7, 0.0,357.8, 109.9, 358.2
140,16,17,53,321,17.2, 17.5, 94.1,0.0, 116.2, 0.0,357.6, 110.4, 358.2
141,16,17,53,828,18.3, 17.5, 96.4,0.0, 116.3, 0.0,357.5, 110.5, 358.2
142,16,17,54,336,17.8, 17.4, 95.3,0.0, 116.8, 0.0,358.0, 111.0, 358.2
143,16,17,54,842,17.4, 17.5, 94.4,0.0, 116.2, 0.0,359.3, 110.4, 358.2
144,16,17,55,349,17.4, 17.5, 94.4,0.0, 114.8, 0.0,359.1, 109.0, 358.2
145,16,17,55,856,17.4, 17.5, 94.4,0.0, 112.6, 0.0,0.6, 106.7, 358.2
146,16,17,56,363,17.4, 17.5, 94.4,0.0, 112.6, 0.0,0.6, 106.7, 358.2
147,16,17,56,886,17.4, 17.5, 94.4,0.0, 111.2, 0.0,0.8, 105.3, 358.2
148,16,17,57,388,17.4, 17.5, 94.4,0.0, 116.1, 0.0,358.3, 110.3, 358.2
149,16,17,57,894,17.4, 17.5, 94.4,0.0, 104.5, 0.0,3.9, 98.5, 358.2
150,16,17,58,401,17.4, 17.5, 94.4,0.0, 78.5, 0.0,17.0, 72.1, 358.1
151,16,17,58,908,17.4, 17.5, 94.4,0.0, 77.5, 0.0,16.8, 71.1, 358.1
152,16,17,59,415,17.4, 17.5, 94.4,0.0, 72.0, 0.0,20.9, 65.4, 358.0
153,16,17,59,922,17.4, 17.5, 94.4,0.0, 72.6, 0.0,21.1, 66.0, 358.0
154,16,18,00,429,17.4, 17.5, 94.4,0.0, 73.0, 0.0,24.5, 66.3, 358.0
155,16,18,00,936,17.4, 17.5, 94.4,0.0, 76.2, 0.0,26.5, 69.4, 358.0
156,16,18,01,443,17.4, 17.5, 94.4,0.0, 80.3, 0.0,23.8, 73.6, 358.0
157,16,18,01,953,17.4, 17.5, 94.4,0.0, 91.7, 0.0,20.9, 85.1, 358.0
158,16,18,02,465,17.4, 17.5, 94.4,0.0, 117.6, 0.0,16.3, 111.2, 358.1
159,16,18,02,984,17.4, 17.5, 94.4,0.0, 123.1, 0.0,14.9, 116.8, 358.1
160,16,18,03,492,17.4, 17.5, 94.4,0.0, 130.2, 0.0,13.6, 123.9, 358.1
161,16,18,03,997,17.4, 17.5, 94.4,0.0, 149.7, 0.0,12.2, 143.5, 358.1
162,16,18,04,506,17.4, 17.5, 94.4,0.0, 168.8, 0.0,11.3, 162.6, 358.1
163,16,18,05,14,17.4, 17.5, 94.4,0.0, 202.1, 0.0,11.0, 195.9, 358.1
164,16,18,05,521,17.4, 17.5, 94.4,0.0, 212.1, 0.0,11.3, 205.9, 358.1
165,16,18,06,29,16.5, 17.5, 93.1,0.0, 212.1, 0.0,11.3, 205.9, 358.1
166,16,18,06,535,15.2, 17.7, 91.0,0.0, 216.3, 0.0,13.0, 210.0, 358.1
167,16,18,07,42,15.1, 17.7, 90.9,0.0, 230.0, 0.0,339.3, 224.8, 358.1
168,16,18,07,549,13.7, 17.9, 89.8,0.0, 230.8, 0.0,336.8, 225.7, 358.0
169,16,18,08,56,11.8, 18.0, 88.2,0.0, 230.8, 0.0,336.8, 225.7, 358.0
170,16,18,08,563,9.6, 18.0, 87.6,0.0, 230.8, 0.0,338.0, 225.7, 358.0
171,16,18,09,69,8.0, 18.2, 89.6,0.0, 237.5, 0.0,338.4, 232.4, 358.0
172,16,18,09,577,7.0, 18.9, 91.8,0.0, 244.7, 0.0,326.1, 240.1, 357.8
173,16,18,10,83,6.1, 19.9, 93.9,0.0, 240.6, 0.0,320.0, 236.3, 357.6
174,16,18,10,590,5.2, 20.9, 96.1,0.0, 240.6, 0.0,320.0, 236.3, 357.6
175,16,18,11,97,3.2, 22.2, 96.8,0.0, 240.6, 0.0,320.0, 236.3, 357.6
176,16,18,11,604,1.2, 23.6, 97.3,0.0, 240.7, 0.0,320.6, 236.3, 357.6
177,16,18,12,111,-0.8, 25.1, 97.9,0.0, 240.7, 0.0,320.8, 236.3, 357.6
178,16,18,12,617,-2.7, 26.6, 98.6,0.0, 240.7, 0.0,320.8, 236.3, 357.6
179,16,18,13,124,-4.5, 28.2, 99.3,0.0, 240.7, 0.0,321.1, 236.3, 357.7
180,16,18,13,631,-6.3, 29.9, 100.1,0.0, 240.7, 0.0,321.2, 236.3, 357.7
181,16,18,14,137,-8.1, 31.5, 100.9,0.0, 240.7, 0.0,321.2, 236.3, 357.7
182,16,18,14,644,-9.8, 33.1, 101.6,0.0, 240.7, 0.0,321.4, 236.3, 357.7
183,16,18,15,151,-11.6, 34.8, 102.5,0.0, 240.7, 0.0,321.7, 236.3, 357.7
184,16,18,15,657,-13.5, 36.3, 103.3,0.0, 240.6, 0.0,321.8, 236.2, 357.7
185,16,18,16,163,-15.4, 37.6, 104.1,0.0, 240.6, 0.0,321.8, 236.2, 357.7
186,16,18,16,670,-17.3, 38.8, 104.1,0.0, 240.6, 0.0,321.8, 236.2, 357.7
187,16,18,17,176,-18.3, 39.4, 102.4,0.0, 240.5, 0.0,322.3, 236.1, 357.7
188,16,18,17,683,-20.2, 40.4, 101.2,0.0, 240.6, 0.0,322.9, 236.1, 357.7
189,16,18,18,190,-22.3, 41.4, 100.2,0.0, 240.6, 0.0,323.2, 236.1, 357.7
190,16,18,18,696,-23.8, 41.6, 100.6,0.0, 240.6, 0.0,323.2, 236.1, 357.7
191,16,18,19,203,-25.3, 42.3, 101.8,0.0, 240.6, 0.0,323.6, 236.1, 357.7
192,16,18,19,709,-27.4, 42.7, 100.4,0.0, 249.9, 0.0,323.5, 245.4, 357.7
193,16,18,20,216,-29.1, 43.2, 99.9,0.0, 257.1, 0.0,302.4, 254.1, 356.6
194,16,18,20,722,-31.4, 44.0, 99.3,0.0, 267.1, 0.0,299.5, 264.5, 356.3
195,16,18,21,230,-33.8, 44.6, 98.9,0.0, 267.1, 0.0,300.0, 264.4, 356.3
196,16,18,21,735,-35.3, 45.2, 99.2,0.0, 276.6, 0.0,297.3, 274.3, 356.0
197,16,18,22,242,-35.3, 45.6, 99.8,0.0, 273.5, 0.0,290.5, 272.5, 354.8
198,16,18,22,749,-37.5, 45.8, 99.2,0.0, 271.7, 0.0,291.0, 270.6, 354.9
199,16,18,23,257,-39.8, 46.7, 99.2,0.0, 270.8, 0.0,292.4, 269.4, 355.2
200,16,18,23,763,-40.3, 47.9, 101.1,0.0, 270.4, 0.0,292.9, 268.9, 355.3
201,16,18,24,270,-40.3, 48.0, 101.3,0.0, 270.8, 0.0,292.7, 269.3, 355.3
202,16,18,24,777,-40.3, 48.0, 101.3,0.0, 270.6, 0.0,292.6, 269.1, 355.2
203,16,18,25,283,-40.0, 47.9, 101.3,0.0, 283.1, 0.0,282.5, 285.5, 351.6
204,16,18,25,791,-41.9, 48.4, 101.4,0.0, 281.2, 0.0,282.0, 283.9, 351.2
205,16,18,26,298,-44.3, 48.9, 101.7,0.0, 279.5, 0.0,283.9, 281.0, 352.4
206,16,18,26,804,-44.1, 49.6, 102.8,0.0, 279.2, 0.0,284.5, 280.4, 352.7
207,16,18,27,311,-46.0, 50.0, 103.0,0.0, 279.2, 0.0,284.5, 280.4, 352.7
208,16,18,27,818,-48.4, 50.3, 103.5,0.0, 278.9, 0.0,285.0, 279.9, 353.0
209,16,18,28,325,-50.8, 49.8, 104.0,0.0, 278.9, 0.0,285.0, 279.9, 353.0
210,16,18,28,832,-53.3, 49.5, 104.6,0.0, 278.9, 0.0,285.0, 279.9, 353.0
211,16,18,29,338,-55.7, 49.8, 104.8,0.0, 278.9, 0.0,285.0, 279.9, 353.0
212,16,18,29,844,-58.1, 50.5, 104.7,0.0, 278.8, 0.0,285.1, 279.7, 353.0
213,16,18,30,351,-58.8, 50.4, 104.0,0.0, 278.3, 0.0,285.5, 279.0, 353.2
214,16,18,30,858,-58.2, 50.8, 105.2,0.0, 278.1, 0.0,285.5, 278.8, 353.2
215,16,18,31,365,-57.0, 51.4, 106.5,0.0, 278.1, 0.0,285.5, 278.8, 353.2
216,16,18,31,872,-55.9, 52.3, 108.0,0.0, 278.1, 0.0,285.5, 278.8, 353.2
217,16,18,32,379,-54.8, 52.7, 108.6,0.0, 277.9, 0.0,286.1, 278.4, 353.4
218,16,18,32,886,-56.2, 52.9, 108.5,0.0, 277.9, 0.0,286.1, 278.4, 353.4
219,16,18,33,392,-55.7, 53.2, 109.0,0.0, 299.0, 0.0,272.5, 25.9, 266.9
220,16,18,33,898,-54.1, 54.3, 110.7,0.0, 295.4, 0.0,272.5, 20.0, 269.2
221,16,18,34,405,-52.7, 55.3, 112.5,0.0, 294.7, 0.0,273.3, 337.8, 310.6
222,16,18,34,911,-52.4, 56.2, 114.3,0.0, 294.4, 0.0,275.5, 315.5, 332.6
223,16,18,35,418,-54.6, 57.1, 115.1,0.0, 293.2, 0.0,279.2, 302.8, 344.1
224,16,18,35,923,-56.7, 57.6, 115.3,0.0, 293.0, 0.0,279.6, 301.9, 344.7
225,16,18,36,431,-58.1, 57.6, 114.3,0.0, 292.1, 0.0,281.7, 298.1, 347.5
226,16,18,36,937,-60.5, 57.9, 115.2,0.0, 291.7, 0.0,283.4, 296.2, 349.1
227,16,18,37,444,-60.6, 57.9, 115.3,0.0, 291.5, 0.0,284.7, 295.0, 350.0
228,16,18,37,950,-59.8, 57.9, 116.7,0.0, 291.4, 0.0,285.6, 294.3, 350.6
229,16,18,38,456,-59.7, 57.9, 116.7,0.0, 304.0, 0.0,297.6, 302.6, 354.5
230,16,18,38,961,-59.7, 57.9, 116.7,0.0, 323.9, 0.0,304.2, 321.4, 355.5
231,16,18,39,467,-59.7, 57.9, 116.7,0.0, 336.7, 0.0,301.5, 334.6, 355.2
232,16,18,39,988,-59.7, 57.9, 116.7,0.0, 356.5, 0.0,301.8, 354.4, 355.2
233,16,18,40,497,-59.7, 57.9, 116.7,0.0, 8.0, 0.0,302.4, 5.8, 355.3
234,16,18,41,16,-59.7, 57.9, 116.7,0.0, 19.1, 0.0,300.6, 17.2, 355.0
235,16,18,41,523,-59.7, 57.9, 116.7,0.0, 18.3, 0.0,300.4, 16.4, 355.0
236,16,18,42,29,-59.7, 57.9, 116.7,0.0, 17.7, 0.0,301.3, 15.7, 355.1
237,16,18,42,537,-59.0, 57.9, 116.9,0.0, 17.8, 0.0,301.9, 15.7, 355.2
238,16,18,43,43,-58.1, 57.9, 117.0,0.0, 18.3, 0.0,302.3, 16.1, 355.3
239,16,18,43,548,-56.7, 58.3, 117.8,0.0, 22.9, 0.0,302.4, 20.7, 355.3
240,16,18,44,56,-56.4, 58.3, 118.0,0.0, 19.8, 0.0,310.9, 16.5, 356.2
241,16,18,44,562,-56.4, 58.3, 118.0,0.0, 19.9, 0.0,309.2, 16.8, 356.0
242,16,18,45,69,-56.4, 58.3, 118.0,0.0, 17.6, 0.0,306.4, 14.8, 355.8
243,16,18,45,576,-56.4, 58.3, 118.0,0.0, 12.9, 0.0,300.5, 11.0, 355.0
244,16,18,46,81,-56.4, 58.3, 118.0,0.0, 19.5, 0.0,302.6, 17.3, 355.3
245,16,18,46,589,-56.4, 58.3, 118.0,0.0, 19.8, 0.0,302.9, 17.5, 355.4
246,16,18,47,97,-56.4, 58.3, 118.0,0.0, 24.4, 0.0,305.4, 21.8, 355.7
247,16,18,47,602,-56.4, 58.3, 118.0,0.0, 24.6, 0.0,305.5, 21.9, 355.7
248,16,18,48,109,-56.4, 58.3, 118.0,0.0, 24.7, 0.0,305.6, 22.0, 355.7
249,16,18,48,617,-56.4, 58.3, 118.0,0.0, 26.9, 0.0,305.4, 24.3, 355.7
250,16,18,49,120,-56.4, 58.3, 118.0,0.0, 31.0, 0.0,305.4, 28.4, 355.7
251,16,18,49,629,-56.4, 58.3, 118.0,0.0, 27.4, 0.0,301.4, 25.4, 355.2
252,16,18,50,136,-56.4, 58.3, 118.0,0.0, 17.0, 0.0,288.4, 18.4, 352.0
253,16,18,50,641,-56.4, 58.3, 118.0,0.0, 27.2, 0.0,289.9, 28.0, 352.6
254,16,18,51,147,-56.4, 58.3, 118.0,0.0, 27.0, 0.0,290.4, 27.6, 352.8
255,16,18,51,654,-56.4, 58.3, 118.0,0.0, 25.7, 0.0,291.2, 26.0, 353.0
256,16,18,52,161,-56.4, 58.3, 118.0,0.0, 25.7, 0.0,291.2, 26.0, 353.0
257,16,18,52,669,-56.4, 58.3, 118.0,0.0, 22.4, 0.0,291.5, 22.6, 353.1
258,16,18,53,174,-56.4, 58.3, 118.0,0.0, 22.5, 0.0,291.6, 22.7, 353.1
259,16,18,53,681,-56.4, 58.3, 118.0,0.0, 22.5, 0.0,291.6, 22.7, 353.1
260,16,18,54,189,-56.4, 58.3, 118.0,0.0, 20.3, 0.0,292.1, 20.3, 353.3
261,16,18,54,694,-56.4, 58.3, 118.0,0.0, 20.6, 0.0,293.2, 20.3, 353.6
262,16,18,55,202,-56.4, 58.3, 118.0,0.0, 29.8, 0.0,293.2, 29.5, 353.6
263,16,18,55,721,-56.4, 58.3, 118.0,0.0, 29.8, 0.0,293.4, 29.5, 353.6
264,16,18,56,229,-56.4, 58.3, 118.0,0.0, 28.9, 0.0,294.0, 28.4, 353.8
265,16,18,56,736,-56.4, 58.3, 118.0,0.0, 26.6, 0.0,294.2, 26.0, 353.8
266,16,18,57,243,-56.4, 58.3, 118.0,0.0, 20.9, 0.0,294.5, 20.3, 353.9
267,16,18,57,751,-56.4, 58.3, 118.0,0.0, 20.9, 0.0,294.5, 20.3, 353.9
268,16,18,58,257,-56.4, 58.3, 118.0,0.0, 22.9, 0.0,294.9, 22.2, 354.0
269,16,18,58,764,-56.4, 58.3, 118.0,0.0, 28.3, 0.0,296.7, 27.1, 354.4
270,16,18,59,271,-56.4, 58.3, 118.0,0.0, 33.1, 0.0,298.8, 31.5, 354.8
271,16,18,59,791,-56.4, 58.3, 118.0,0.0, 33.1, 0.0,298.8, 31.5, 354.8
272,16,19,00,297,-56.4, 58.3, 118.0,0.0, 33.2, 0.0,298.8, 31.6, 354.8
273,16,19,00,803,-56.4, 58.3, 118.0,0.0, 29.3, 0.0,298.7, 27.7, 354.7
274,16,19,01,310,-56.4, 58.3, 118.0,0.0, 25.5, 0.0,297.6, 24.1, 354.5
275,16,19,01,815,-56.4, 58.3, 118.0,0.0, 350.0, 0.0,294.9, 349.3, 354.0
276,16,19,02,323,-56.4, 58.3, 118.0,0.0, 303.4, 0.0,302.3, 301.2, 355.3
277,16,19,02,828,-56.4, 58.3, 118.0,0.0, 260.3, 0.0,311.8, 256.9, 356.2
278,16,19,03,335,-56.4, 58.3, 118.0,0.0, 264.1, 0.0,311.0, 260.8, 356.2
279,16,19,03,842,-56.4, 58.3, 118.0,0.0, 262.8, 0.0,311.4, 259.5, 356.2
280,16,19,04,350,-56.4, 58.3, 118.0,0.0, 262.8, 0.0,311.4, 259.5, 356.2
281,16,19,04,856,-57.3, 58.5, 117.5,0.0, 262.7, 0.0,311.6, 259.4, 356.2
282,16,19,05,363,-59.8, 58.5, 117.3,0.0, 263.2, 0.0,312.5, 259.8, 356.3
283,16,19,05,870,-61.3, 58.3, 117.4,0.0, 245.1, 0.0,313.0, 241.6, 356.3
284,16,19,06,377,-61.3, 58.3, 117.4,0.0, 245.8, 0.0,312.6, 242.4, 356.3
285,16,19,06,885,-61.3, 58.3, 117.4,0.0, 236.5, 0.0,320.8, 232.4, 356.7
286,16,19,07,401,-61.3, 58.3, 117.4,0.0, 213.5, 0.0,329.7, 208.8, 357.1
287,16,19,07,905,-61.3, 58.3, 117.4,0.0, 163.2, 0.0,353.1, 157.3, 357.5
288,16,19,08,427,-61.3, 58.3, 117.4,0.0, 169.3, 0.0,351.8, 163.5, 357.5
289,16,19,08,935,-61.3, 58.3, 117.4,0.0, 171.1, 0.0,351.4, 165.3, 357.5
290,16,19,09,444,-61.3, 58.3, 117.4,0.0, 171.1, 0.0,351.4, 165.3, 357.5
291,16,19,09,949,-61.3, 58.3, 117.4,0.0, 171.1, 0.0,351.4, 165.3, 357.5
292,16,19,10,457,-61.3, 58.3, 117.4,0.0, 171.1, 0.0,351.4, 165.3, 357.5
293,16,19,10,960,-61.3, 58.3, 117.4,0.0, 175.4, 0.0,350.7, 169.6, 357.4
294,16,19,11,467,-61.3, 58.3, 117.4,0.0, 200.8, 0.0,343.3, 195.4, 357.4
295,16,19,11,976,-61.3, 58.3, 117.4,0.0, 212.4, 0.0,341.5, 207.1, 357.3
296,16,19,12,482,-61.3, 58.3, 117.4,0.0, 187.5, 0.0,346.4, 181.9, 357.4
297,16,19,12,989,-61.3, 58.3, 117.4,0.0, 202.4, 0.0,346.4, 196.8, 357.4
298,16,19,13,496,-62.0, 58.2, 115.9,0.0, 202.6, 0.0,346.4, 197.0, 357.4
299,16,19,14,4,-63.1, 58.0, 113.6,0.0, 203.1, 0.0,346.6, 197.5, 357.4
300,16,19,14,511,-63.9, 57.8, 111.4,0.0, 197.7, 0.0,348.6, 192.0, 357.4
301,16,19,15,17,-62.3, 57.3, 110.9,0.0, 196.4, 0.0,348.4, 190.7, 357.4
302,16,19,15,523,-63.9, 57.9, 112.0,0.0, 239.0, 0.0,344.6, 233.5, 357.4
303,16,19,16,28,-64.9, 58.5, 114.1,0.0, 240.2, 0.0,345.5, 234.7, 357.4
304,16,19,16,536,-65.0, 57.8, 116.6,0.0, 240.3, 0.0,345.7, 234.8, 357.4
305,16,19,17,43,-66.1, 57.1, 115.0,0.0, 240.3, 0.0,345.7, 234.8, 357.4
306,16,19,17,550,-67.3, 57.1, 116.0,0.0, 252.1, 0.0,341.6, 246.8, 357.3
307,16,19,18,57,-67.7, 56.2, 118.2,0.0, 252.4, 0.0,341.6, 247.1, 357.3
308,16,19,18,564,-69.3, 56.2, 119.4,0.0, 252.4, 0.0,341.6, 247.1, 357.3
309,16,19,19,71,-71.2, 54.9, 119.1,0.0, 252.3, 0.0,342.5, 246.9, 357.4
310,16,19,19,578,-71.9, 54.2, 121.3,0.0, 251.3, 0.0,343.1, 245.9, 357.4
311,16,19,20,84,-72.7, 52.8, 122.6,0.0, 251.0, 0.0,343.6, 245.6, 357.4
312,16,19,20,591,-74.4, 51.7, 121.9,0.0, 250.7, 0.0,344.1, 245.2, 357.4
313,16,19,21,98,-73.7, 50.9, 124.2,0.0, 249.8, 0.0,346.2, 244.2, 357.4
314,16,19,21,605,-74.2, 50.2, 123.8,0.0, 255.1, 0.0,281.4, 261.5, 347.2
315,16,19,22,111,-75.9, 49.7, 122.9,0.0, 254.9, 0.0,277.3, 272.8, 335.6
316,16,19,22,627,-78.3, 49.3, 122.3,0.0, 257.1, 0.0,278.6, 271.1, 339.4
317,16,19,23,136,-80.8, 49.6, 121.7,0.0, 256.9, 0.0,282.6, 264.1, 346.1
318,16,19,23,644,-82.5, 49.8, 121.3,0.0, 237.6, 0.0,304.0, 235.7, 354.6
319,16,19,24,145,-82.5, 49.8, 121.3,0.0, 230.0, 0.0,306.8, 227.6, 355.0
320,16,19,24,651,-82.5, 49.8, 121.3,0.0, 239.3, 0.0,305.1, 237.2, 354.8
321,16,19,25,160,-82.5, 49.8, 121.3,0.0, 245.5, 0.0,303.4, 243.7, 354.5
322,16,19,25,668,-82.5, 49.8, 121.3,0.0, 247.5, 0.0,304.5, 245.5, 354.7
323,16,19,26,175,-82.8, 49.9, 121.1,0.0, 247.5, 0.0,304.8, 245.4, 354.7
324,16,19,26,682,-85.1, 50.1, 120.2,0.0, 247.1, 0.0,305.8, 244.9, 354.9
325,16,19,27,182,-85.8, 50.1, 119.9,0.0, 225.0, 0.0,312.5, 221.9, 355.6
326,16,19,27,708,-85.8, 50.1, 119.9,0.0, 225.9, 0.0,310.3, 223.1, 355.4
327,16,19,28,215,-85.8, 50.1, 119.9,0.0, 213.0, 0.0,316.5, 209.5, 355.9
328,16,19,28,721,-85.8, 50.1, 119.9,0.0, 201.3, 0.0,319.8, 197.5, 356.1
329,16,19,29,229,-85.8, 50.1, 119.9,0.0, 174.8, 0.0,318.8, 171.1, 356.0
330,16,19,29,736,-85.8, 50.1, 119.9,0.0, 152.9, 0.0,324.1, 148.7, 356.3
331,16,19,30,243,-85.8, 50.1, 119.9,0.0, 147.5, 0.0,327.7, 143.0, 356.4
332,16,19,30,748,-85.8, 50.1, 119.9,0.0, 170.6, 0.0,319.4, 166.8, 356.0
333,16,19,31,255,-85.8, 50.1, 119.9,0.0, 178.6, 0.0,315.7, 175.2, 355.8
334,16,19,31,764,-85.7, 50.1, 118.1,0.0, 179.1, 0.0,315.9, 175.6, 355.8
335,16,19,32,271,-85.7, 50.3, 116.9,0.0, 179.1, 0.0,315.9, 175.6, 355.8
336,16,19,32,778,-86.6, 50.2, 117.0,0.0, 179.1, 0.0,315.9, 175.6, 355.8
337,16,19,33,280,-89.1, 50.2, 117.0,0.0, 179.2, 0.0,315.9, 175.7, 355.8
338,16,19,33,803,-89.6, 50.2, 114.8,0.0, 179.2, 0.0,315.9, 175.7, 355.8
339,16,19,34,311,-89.6, 50.0, 112.2,0.0, 180.2, 0.0,316.6, 176.7, 355.9
340,16,19,34,813,-89.1, 50.0, 109.8,0.0, 147.9, 0.0,319.3, 144.1, 356.0
341,16,19,35,323,-88.8, 49.9, 109.3,0.0, 122.4, 0.0,328.8, 117.8, 356.5
342,16,19,35,830,-88.6, 49.8, 109.2,0.0, 109.4, 0.0,331.4, 104.7, 356.6
343,16,19,36,337,-86.3, 49.5, 108.4,0.0, 110.0, 0.0,331.1, 105.3, 356.6
344,16,19,36,843,-84.6, 49.4, 109.5,0.0, 110.3, 0.0,331.1, 105.6, 356.6
345,16,19,37,350,-84.5, 49.4, 109.8,0.0, 111.9, 0.0,331.2, 107.2, 356.6
346,16,19,37,857,-84.5, 49.4, 109.8,0.0, 109.1, 0.0,332.8, 104.3, 356.6
347,16,19,38,364,-84.1, 49.5, 110.9,0.0, 109.1, 0.0,332.8, 104.3, 356.6
348,16,19,38,871,-84.2, 49.5, 111.0,0.0, 109.1, 0.0,332.8, 104.3, 356.6
349,16,19,39,377,-84.6, 49.4, 109.8,0.0, 109.6, 0.0,332.8, 104.8, 356.6
350,16,19,39,886,-85.5, 49.4, 107.9,0.0, 129.6, 0.0,318.9, 125.8, 356.0
351,16,19,40,387,-86.2, 49.4, 106.9,0.0, 146.6, 0.0,310.7, 143.7, 355.4
352,16,19,40,893,-86.2, 49.4, 106.9,0.0, 174.7, 0.0,306.5, 172.4, 355.0
353,16,19,41,401,-86.2, 49.4, 106.9,0.0, 179.6, 0.0,307.7, 177.1, 355.1
354,16,19,41,909,-86.2, 49.4, 106.9,0.0, 182.9, 0.0,305.6, 180.7, 354.8
355,16,19,42,416,-86.2, 49.4, 106.9,0.0, 182.0, 0.0,305.8, 179.8, 354.9
356,16,19,42,923,-86.2, 49.4, 106.9,0.0, 182.0, 0.0,305.8, 179.8, 354.9
357,16,19,43,430,-86.2, 49.4, 106.9,0.0, 182.0, 0.0,305.8, 179.8, 354.9
358,16,19,43,937,-86.3, 49.4, 105.2,0.0, 182.0, 0.0,305.8, 179.8, 354.9
359,16,19,44,444,-86.5, 49.4, 102.7,0.0, 181.6, 0.0,306.1, 179.3, 354.9
360,16,19,44,950,-86.6, 49.4, 101.6,0.0, 181.0, 0.0,306.9, 178.6, 355.0
361,16,19,45,457,-87.7, 49.7, 102.1,0.0, 181.0, 0.0,306.9, 178.6, 355.0
362,16,19,45,963,-90.1, 49.4, 101.9,0.0, 181.0, 0.0,306.9, 178.6, 355.0
363,16,19,46,471,-91.7, 49.5, 100.9,0.0, 181.0, 0.0,306.9, 178.6, 355.0
364,16,19,46,978,-91.8, 49.1, 98.5,0.0, 180.2, 0.0,308.5, 177.6, 355.2
365,16,19,47,484,-91.8, 48.9, 96.8,0.0, 179.6, 0.0,309.7, 176.8, 355.3
366,16,19,47,992,-91.7, 48.4, 94.2,0.0, 179.6, 0.0,309.7, 176.8, 355.3
367,16,19,48,499,-89.7, 48.2, 93.7,0.0, 178.4, 0.0,312.6, 175.3, 355.6
368,16,19,49,32,-89.7, 48.2, 93.7,0.0, 172.1, 0.0,295.7, 172.0, 353.1
369,16,19,49,534,-89.1, 47.8, 92.0,0.0, 163.7, 0.0,309.5, 161.0, 355.3
370,16,19,50,42,-88.4, 47.7, 89.6,0.0, 164.1, 0.0,309.5, 161.4, 355.3
371,16,19,50,549,-89.5, 47.2, 88.4,0.0, 164.1, 0.0,309.8, 161.3, 355.3
372,16,19,51,57,-89.9, 46.8, 87.3,0.0, 164.1, 0.0,309.8, 161.3, 355.3
373,16,19,51,566,-89.1, 45.9, 85.1,0.0, 164.0, 0.0,309.9, 161.2, 355.3
374,16,19,52,68,-89.8, 45.1, 83.4,0.0, 164.0, 0.0,309.9, 161.2, 355.3
375,16,19,52,575,-92.2, 44.5, 82.8,0.0, 164.0, 0.0,309.9, 161.2, 355.3
376,16,19,53,81,-91.6, 43.7, 80.6,0.0, 164.0, 0.0,309.9, 161.2, 355.3
377,16,19,53,589,-90.8, 42.9, 78.3,0.0, 164.1, 0.0,309.3, 161.4, 355.3
378,16,19,54,96,-92.4, 42.3, 76.9,0.0, 164.1, 0.0,309.3, 161.4, 355.3
379,16,19,54,619,-93.5, 41.7, 75.4,0.0, 164.1, 0.0,309.3, 161.4, 355.3
380,16,19,55,122,-92.8, 40.9, 73.1,0.0, 164.1, 0.0,309.3, 161.4, 355.3
381,16,19,55,628,-92.1, 40.0, 70.9,0.0, 164.1, 0.0,309.3, 161.4, 355.3
382,16,19,56,137,-91.5, 38.5, 68.9,0.0, 163.9, 0.0,309.5, 161.2, 355.3
383,16,19,56,642,-91.4, 37.7, 67.8,0.0, 164.8, 0.0,313.6, 161.6, 355.6
384,16,19,57,163,-91.3, 36.9, 66.8,0.0, 165.5, 0.0,313.7, 162.3, 355.7
385,16,19,57,683,-91.3, 35.6, 64.5,0.0, 164.7, 0.0,313.7, 161.5, 355.7
386,16,19,58,190,-89.8, 34.6, 63.8,0.0, 164.8, 0.0,313.7, 161.6, 355.7
387,16,19,58,710,-87.5, 33.8, 64.8,0.0, 163.5, 0.0,315.4, 160.1, 355.8
388,16,19,59,218,-85.9, 33.2, 66.1,0.0, 140.0, 0.0,311.2, 137.1, 355.4
389,16,19,59,724,-85.9, 33.2, 66.1,0.0, 107.3, 0.0,302.1, 105.7, 354.3
390,16,20,00,244,-85.9, 33.2, 66.1,0.0, 101.0, 0.0,298.6, 100.1, 353.7
391,16,20,00,764,-85.9, 33.2, 66.1,0.0, 91.2, 0.0,298.5, 90.4, 353.7
392,16,20,01,284,-85.0, 32.6, 66.3,0.0, 91.2, 0.0,298.5, 90.4, 353.7
393,16,20,01,790,-82.9, 31.3, 66.6,0.0, 90.8, 0.0,298.7, 89.9, 353.7
394,16,20,02,297,-80.6, 30.0, 66.5,0.0, 84.8, 0.0,296.1, 84.6, 353.2
395,16,20,02,804,-78.5, 29.0, 67.1,0.0, 69.6, 0.0,294.7, 69.8, 352.8
396,16,20,03,312,-77.9, 28.7, 67.4,0.0, 64.8, 0.0,294.8, 64.9, 352.8
397,16,20,03,817,-75.8, 27.7, 68.2,0.0, 64.8, 0.0,294.8, 64.9, 352.8
398,16,20,04,323,-73.6, 26.8, 69.1,0.0, 64.8, 0.0,294.8, 64.9, 352.8
399,16,20,04,830,-71.3, 26.4, 70.1,0.0, 64.8, 0.0,294.8, 64.9, 352.8
400,16,20,05,336,-69.2, 25.2, 70.8,0.0, 64.8, 0.0,295.5, 64.7, 353.0
401,16,20,05,845,-67.2, 24.1, 71.7,0.0, 64.8, 0.0,295.5, 64.7, 353.0
402,16,20,06,352,-65.1, 23.1, 72.0,0.0, 65.0, 0.0,295.8, 64.8, 353.1
403,16,20,06,871,-64.0, 22.8, 69.7,0.0, 66.2, 0.0,297.6, 65.6, 353.5
404,16,20,07,377,-63.9, 22.5, 68.8,0.0, 77.8, 0.0,286.4, 81.7, 349.3
405,16,20,07,883,-63.9, 22.5, 68.8,0.0, 106.3, 0.0,283.8, 112.3, 347.3
406,16,20,08,390,-63.9, 22.5, 68.8,0.0, 129.5, 0.0,285.3, 134.2, 348.6
407,16,20,08,898,-63.9, 22.5, 68.8,0.0, 182.4, 0.0,281.1, 191.5, 344.3
408,16,20,09,405,-63.9, 22.5, 68.8,0.0, 194.4, 0.0,281.0, 203.6, 344.1
409,16,20,09,948,-63.9, 22.5, 68.8,0.0, 159.9, 0.0,278.9, 173.2, 340.1
410,16,20,10,455,-63.9, 22.5, 68.8,0.0, 154.1, 0.0,281.8, 162.2, 345.2
411,16,20,10,961,-63.9, 22.5, 68.8,0.0, 152.5, 0.0,282.3, 160.0, 345.8
412,16,20,11,469,-63.9, 22.5, 68.8,0.0, 158.9, 0.0,281.3, 167.7, 344.5
413,16,20,11,977,-63.9, 22.5, 68.8,0.0, 176.0, 0.0,280.9, 185.5, 343.9
414,16,20,12,484,-63.9, 22.5, 68.8,0.0, 177.8, 0.0,280.6, 187.7, 343.4
415,16,20,12,991,-63.9, 22.5, 68.8,0.0, 172.1, 0.0,280.6, 182.0, 343.4
416,16,20,13,501,-63.9, 22.5, 68.8,0.0, 135.5, 0.0,292.4, 136.4, 352.1
417,16,20,14,13,-62.9, 21.5, 67.7,0.0, 132.2, 0.0,293.6, 132.7, 352.5
418,16,20,14,522,-61.4, 20.3, 66.1,0.0, 132.2, 0.0,293.6, 132.7, 352.5
419,16,20,15,28,-59.8, 19.6, 64.4,0.0, 132.2, 0.0,293.6, 132.7, 352.5
420,16,20,15,536,-61.4, 19.2, 62.4,0.0, 132.2, 0.0,293.6, 132.7, 352.5
421,16,20,16,43,-62.7, 18.8, 60.5,0.0, 132.2, 0.0,293.6, 132.7, 352.5
422,16,20,16,550,-60.9, 18.0, 59.0,0.0, 132.3, 0.0,293.5, 132.8, 352.5
423,16,20,17,58,-60.2, 17.7, 57.9,0.0, 159.2, 0.0,281.9, 167.2, 345.3
424,16,20,17,563,-59.2, 17.6, 56.6,0.0, 147.5, 0.0,281.1, 156.6, 344.3
425,16,20,18,71,-59.4, 17.3, 55.1,0.0, 166.2, 0.0,281.1, 175.3, 344.3
426,16,20,18,578,-61.4, 17.1, 54.7,0.0, 165.6, 0.0,281.1, 174.7, 344.3
427,16,20,19,84,-63.0, 16.5, 53.4,0.0, 165.3, 0.0,282.7, 172.4, 346.2
428,16,20,19,589,-62.1, 16.0, 51.2,0.0, 159.1, 0.0,279.2, 171.5, 340.9
429,16,20,20,96,-61.3, 15.4, 48.8,0.0, 161.9, 0.0,274.0, 204.2, 311.2
430,16,20,20,603,-61.6, 14.9, 46.7,0.0, 162.9, 0.0,275.9, 187.3, 329.1
431,16,20,21,110,-63.8, 14.7, 45.6,0.0, 153.9, 0.0,273.1, 222.0, 285.5
432,16,20,21,615,-64.3, 14.2, 43.1,0.0, 146.3, 0.0,273.2, 233.1, 266.8
433,16,20,22,120,-62.7, 13.8, 41.3,0.0, 133.4, 0.0,283.3, 140.6, 346.0
434,16,20,22,627,-62.6, 13.8, 41.1,0.0, 107.7, 0.0,289.2, 110.5, 350.2
435,16,20,23,134,-62.2, 13.8, 41.0,0.0, 103.5, 0.0,290.8, 105.5, 350.9
436,16,20,23,641,-59.7, 13.4, 40.7,0.0, 100.4, 0.0,290.7, 102.5, 350.9
437,16,20,24,149,-58.0, 13.3, 39.7,0.0, 100.5, 0.0,292.0, 102.0, 351.4
438,16,20,24,657,-58.3, 13.1, 38.5,0.0, 101.0, 0.0,291.1, 102.9, 351.1
439,16,20,25,165,-58.3, 13.1, 38.5,0.0, 83.9, 0.0,293.7, 84.8, 352.0
440,16,20,25,669,-58.3, 13.1, 38.5,0.0, 69.9, 0.0,291.9, 71.4, 351.4
441,16,20,26,178,-58.3, 13.1, 38.5,0.0, 63.6, 0.0,287.8, 67.2, 349.5
442,16,20,26,684,-58.3, 13.1, 38.5,0.0, 82.3, 0.0,286.3, 86.9, 348.5
443,16,20,27,189,-58.3, 13.1, 38.5,0.0, 89.0, 0.0,280.2, 100.6, 341.7
444,16,20,27,698,-58.3, 13.1, 38.5,0.0, 90.8, 0.0,278.0, 107.8, 336.3
445,16,20,28,204,-57.9, 13.1, 38.5,0.0, 90.8, 0.0,278.0, 107.8, 336.3
446,16,20,28,711,-55.4, 12.9, 38.4,0.0, 90.4, 0.0,278.3, 106.6, 337.1
447,16,20,29,218,-55.2, 12.5, 36.0,0.0, 94.0, 0.0,279.8, 106.5, 340.8
448,16,20,29,725,-55.4, 12.0, 33.5,0.0, 92.7, 0.0,273.3, 179.5, 266.8
449,16,20,30,232,-55.4, 12.0, 33.4,0.0, 102.8, 0.0,274.0, 154.0, 302.2
450,16,20,30,738,-55.4, 12.0, 33.4,0.0, 97.3, 0.0,274.7, 169.1, 281.3
451,16,20,31,245,-55.4, 12.0, 33.4,0.0, 90.9, 0.0,275.9, 135.1, 308.8
452,16,20,31,752,-55.4, 12.0, 33.4,0.0, 95.3, 0.0,275.4, 147.0, 301.4
453,16,20,32,258,-55.4, 12.0, 33.4,0.0, 95.4, 0.0,275.6, 143.6, 304.8
454,16,20,32,765,-55.4, 12.0, 33.4,0.0, 95.5, 0.0,275.9, 140.5, 308.0
455,16,20,33,272,-55.4, 12.0, 33.4,0.0, 95.8, 0.0,276.1, 138.6, 310.2
456,16,20,33,779,-55.4, 12.0, 33.4,0.0, 92.5, 0.0,284.8, 103.6, 341.5
457,16,20,34,285,-55.4, 12.0, 33.4,0.0, 92.8, 0.0,285.1, 103.4, 342.0
458,16,20,34,791,-55.4, 12.0, 33.4,0.0, 93.0, 0.0,285.9, 102.7, 342.9
459,16,20,35,299,-55.4, 12.0, 33.4,0.0, 93.1, 0.0,286.0, 102.7, 343.0
460,16,20,35,806,-55.4, 12.0, 33.4,0.0, 93.1, 0.0,286.0, 102.7, 343.0
461,16,20,36,312,-55.4, 12.0, 33.4,0.0, 93.2, 0.0,286.1, 102.7, 343.1
462,16,20,36,819,-55.4, 12.0, 33.4,0.0, 89.1, 0.0,286.5, 98.1, 343.5
463,16,20,37,325,-55.4, 12.0, 33.4,0.0, 86.7, 0.0,285.4, 96.9, 342.4
464,16,20,37,833,-55.4, 12.0, 33.4,0.0, 86.7, 0.0,285.4, 96.9, 342.4
465,16,20,38,339,-55.4, 12.0, 33.4,0.0, 86.7, 0.0,285.4, 96.9, 342.4
466,16,20,38,858,-55.4, 12.0, 33.4,0.0, 86.7, 0.0,285.4, 96.9, 342.4
467,16,20,39,365,-55.4, 12.0, 33.4,0.0, 86.2, 0.0,286.2, 95.5, 343.2
468,16,20,39,871,-55.4, 12.0, 33.4,0.0, 86.0, 0.0,286.2, 95.3, 343.2
469,16,20,40,379,-55.3, 12.0, 33.5,0.0, 78.0, 0.0,286.9, 86.6, 343.9
470,16,20,40,885,-52.9, 12.0, 34.0,0.0, 78.0, 0.0,286.9, 86.6, 343.9
471,16,20,41,392,-50.5, 11.5, 34.5,0.0, 78.0, 0.0,287.0, 86.5, 344.0
472,16,20,41,899,-48.1, 10.5, 34.8,0.0, 78.0, 0.0,287.0, 86.5, 344.0
473,16,20,42,406,-47.1, 9.7, 35.3,0.0, 78.0, 0.0,287.0, 86.5, 344.0
474,16,20,42,912,-47.7, 9.5, 37.7,0.0, 78.1, 0.0,287.1, 86.5, 344.1
475,16,20,43,419,-47.7, 9.5, 37.7,0.0, 79.8, 0.0,290.8, 85.2, 346.9
476,16,20,43,926,-47.7, 9.5, 37.7,0.0, 80.4, 0.0,289.8, 86.6, 346.2
477,16,20,44,432,-47.7, 9.5, 37.7,0.0, 79.9, 0.0,289.9, 85.9, 346.3
478,16,20,44,939,-47.7, 9.5, 37.7,0.0, 79.9, 0.0,289.9, 85.9, 346.3
479,16,20,45,448,-47.7, 9.5, 37.7,0.0, 80.0, 0.0,291.4, 85.1, 347.2
480,16,20,45,953,-47.7, 9.5, 37.7,0.0, 80.4, 0.0,293.3, 84.4, 348.2
481,16,20,46,458,-47.7, 9.5, 37.7,0.0, 80.5, 0.0,293.4, 84.5, 348.3
482,16,20,46,964,-47.7, 9.5, 37.7,0.0, 79.9, 0.0,294.3, 83.4, 348.7
483,16,20,47,471,-47.6, 9.5, 36.9,0.0, 80.0, 0.0,296.1, 82.7, 349.4
484,16,20,47,978,-46.9, 10.0, 34.5,0.0, 84.4, 0.0,295.6, 87.3, 349.3
485,16,20,48,483,-46.6, 10.5, 33.7,0.0, 97.3, 0.0,293.3, 101.3, 348.2
486,16,20,48,989,-46.6, 10.5, 33.7,0.0, 130.9, 0.0,291.4, 136.0, 347.2
487,16,20,49,497,-46.0, 10.6, 33.0,0.0, 140.6, 0.0,290.9, 146.0, 347.0
488,16,20,50,4,-44.3, 11.0, 31.2,0.0, 140.4, 0.0,290.5, 146.0, 346.7
489,16,20,50,511,-42.7, 11.4, 29.3,0.0, 158.3, 0.0,289.7, 164.6, 346.1
490,16,20,51,18,-44.4, 11.6, 28.0,0.0, 160.9, 0.0,285.1, 171.5, 342.0
491,16,20,51,525,-46.3, 11.4, 26.7,0.0, 160.7, 0.0,285.2, 171.1, 342.1
492,16,20,52,29,-45.4, 11.5, 24.3,0.0, 159.4, 0.0,286.2, 168.7, 343.2
493,16,20,52,537,-44.6, 11.8, 21.9,0.0, 164.6, 0.0,286.4, 173.7, 343.4
494,16,20,53,42,-44.1, 12.2, 19.6,0.0, 164.6, 0.0,286.4, 173.7, 343.4
495,16,20,53,549,-46.4, 12.7, 18.8,0.0, 164.6, 0.0,286.4, 173.7, 343.4
496,16,20,54,57,-48.9, 13.0, 18.1,0.0, 164.6, 0.0,286.4, 173.7, 343.4
497,16,20,54,564,-51.3, 13.4, 17.5,0.0, 164.6, 0.0,286.4, 173.7, 343.4
498,16,20,55,71,-53.7, 13.6, 16.8,0.0, 164.6, 0.0,286.4, 173.7, 343.4
499,16,20,55,578,-56.2, 13.7, 16.1,0.0, 164.7, 0.0,286.5, 173.7, 343.5
500,16,20,56,85,-58.1, 13.3, 15.0,0.0, 164.8, 0.0,286.6, 173.7, 343.6
501,16,20,56,591,-57.5, 13.2, 12.6,0.0, 164.4, 0.0,281.8, 180.4, 336.7
502,16,20,57,98,-57.0, 12.8, 10.7,0.0, 167.5, 0.0,283.2, 180.8, 339.4
503,16,20,57,605,-57.1, 12.6, 8.3,0.0, 188.1, 0.0,274.7, 258.8, 282.5
504,16,20,58,111,-59.0, 12.9, 7.8,0.0, 186.8, 0.0,276.2, 228.2, 311.6
505,16,20,58,618,-61.6, 12.9, 8.0,0.0, 186.4, 0.0,278.6, 212.0, 327.3
506,16,20,59,126,-61.9, 12.8, 5.5,0.0, 185.8, 0.0,280.0, 206.1, 332.5
507,16,20,59,633,-63.7, 12.7, 5.2,0.0, 184.2, 0.0,282.3, 199.1, 337.8
508,16,21,00,140,-63.8, 12.7, 4.2,0.0, 184.1, 0.0,282.5, 198.7, 338.1
509,16,21,00,646,-63.9, 12.7, 3.6,0.0, 183.8, 0.0,282.8, 197.9, 338.6
510,16,21,01,153,-64.7, 12.7, 3.7,0.0, 182.9, 0.0,283.5, 195.7, 339.8
511,16,21,01,656,-67.2, 12.7, 3.9,0.0, 182.2, 0.0,284.8, 193.1, 341.7
512,16,21,02,165,-66.6, 12.7, 3.4,0.0, 181.5, 0.0,284.8, 192.4, 341.7
513,16,21,02,672,-66.6, 12.7, 3.4,0.0, 181.1, 0.0,285.3, 191.4, 342.2
514,16,21,03,179,-66.6, 12.7, 2.2,0.0, 180.9, 0.0,285.7, 190.8, 342.7
515,16,21,03,685,-66.6, 12.7, 2.0,0.0, 180.8, 0.0,285.7, 190.7, 342.7
516,16,21,04,192,-67.0, 12.7, 2.0,0.0, 180.8, 0.0,285.7, 190.7, 342.7
517,16,21,04,699,-67.9, 12.7, 1.7,0.0, 180.8, 0.0,285.7, 190.7, 342.7
518,16,21,05,207,-67.9, 12.7, 1.7,0.0, 170.5, 0.0,291.6, 175.5, 347.4
519,16,21,05,712,-66.7, 12.7, 1.8,0.0, 168.5, 0.0,290.9, 173.9, 347.0
520,16,21,06,217,-66.7, 12.7, 1.8,0.0, 161.7, 0.0,275.3, 221.2, 293.5
521,16,21,06,725,-66.7, 12.7, 1.8,0.0, 153.0, 0.0,278.9, 178.7, 327.1
522,16,21,07,231,-66.7, 12.7, 1.8,0.0, 137.1, 0.0,288.3, 145.0, 344.5
523,16,21,07,739,-66.7, 12.7, 1.8,0.0, 141.4, 0.0,291.8, 146.7, 346.9
524,16,21,08,246,-66.7, 12.7, 1.8,0.0, 151.1, 0.0,293.1, 155.7, 347.6
525,16,21,08,752,-66.7, 12.7, 1.8,0.0, 148.4, 0.0,292.7, 153.2, 347.4
526,16,21,09,257,-66.7, 12.7, 1.8,0.0, 133.5, 0.0,296.0, 136.6, 348.9
527,16,21,09,760,-66.7, 12.7, 1.8,0.0, 116.7, 0.0,297.8, 119.1, 349.6
528,16,21,10,269,-66.7, 12.7, 1.8,0.0, 115.1, 0.0,298.4, 117.2, 349.8
529,16,21,10,775,-66.7, 12.7, 1.8,0.0, 116.5, 0.0,298.4, 118.6, 349.8
530,16,21,11,283,-66.7, 12.7, 1.8,0.0, 126.7, 0.0,298.0, 129.0, 349.7
531,16,21,11,791,-66.7, 12.7, 1.8,0.0, 139.6, 0.0,296.1, 142.7, 349.0
532,16,21,12,299,-65.3, 13.2, 0.6,0.0, 138.8, 0.0,295.9, 141.9, 348.9
533,16,21,12,805,-65.5, 13.0, 0.6,0.0, 136.9, 0.0,297.6, 139.3, 349.5
534,16,21,13,312,-65.5, 13.0, 0.6,0.0, 136.6, 0.0,298.5, 138.7, 349.8
535,16,21,13,819,-65.5, 13.0, 0.6,0.0, 136.6, 0.0,298.6, 138.7, 349.9
536,16,21,14,326,-65.5, 13.0, 0.6,0.0, 136.3, 0.0,299.5, 138.0, 350.1
537,16,21,14,833,-64.9, 13.1, 1.4,0.0, 143.5, 0.0,294.9, 147.1, 348.4
538,16,21,15,340,-64.3, 13.4, 1.3,0.0, 196.3, 0.0,299.3, 198.1, 350.1
539,16,21,15,862,-64.0, 13.4, 1.3,0.0, 254.4, 0.0,291.4, 260.0, 346.7
540,16,21,16,363,-64.0, 13.4, 1.3,0.0, 258.3, 0.0,289.1, 265.6, 345.1
541,16,21,16,870,-66.2, 12.7, 0.8,0.0, 256.7, 0.0,291.5, 262.2, 346.7
542,16,21,17,375,-67.3, 12.7, 0.8,0.0, 298.1, 0.0,282.0, 314.6, 336.1
543,16,21,17,895,-68.6, 12.8, 1.4,0.0, 293.3, 0.0,282.0, 309.8, 336.1
544,16,21,18,405,-68.5, 12.7, 1.9,0.0, 292.0, 0.0,286.6, 301.6, 342.9
545,16,21,18,924,-68.1, 12.7, 1.7,0.0, 326.9, 0.0,287.5, 335.6, 343.7
546,16,21,19,431,-68.0, 12.7, 1.8,0.0, 314.3, 0.0,275.5, 9.0, 298.3
547,16,21,19,951,-68.4, 12.7, 1.9,0.0, 312.4, 0.0,278.6, 339.6, 325.7
548,16,21,20,458,-67.8, 12.7, 1.7,0.0, 311.9, 0.0,281.3, 330.1, 334.5
549,16,21,20,965,-67.3, 12.7, 1.7,0.0, 312.7, 0.0,277.9, 39.2, 266.5
550,16,21,21,472,-67.5, 12.7, 1.6,0.0, 309.8, 0.0,280.6, 7.5, 295.0
551,16,21,21,992,-68.4, 12.7, 2.0,0.0, 308.3, 0.0,285.2, 339.9, 320.5
552,16,21,22,499,-67.9, 12.7, 1.7,0.0, 306.7, 0.0,288.0, 331.1, 327.4
553,16,21,23,6,-66.8, 12.7, 2.7,0.0, 305.7, 0.0,289.3, 327.7, 329.7
554,16,21,23,512,-67.2, 12.7, 3.9,0.0, 303.5, 0.0,291.4, 322.1, 332.8
555,16,21,24,19,-66.9, 12.7, 5.0,0.0, 302.7, 0.0,292.7, 319.6, 334.5
556,16,21,24,527,-65.5, 12.7, 7.1,0.0, 302.7, 0.0,292.7, 319.6, 334.5
557,16,21,25,32,-64.2, 12.8, 9.2,0.0, 304.4, 0.0,293.4, 320.5, 335.2
558,16,21,25,540,-62.5, 12.7, 11.1,0.0, 316.9, 0.0,293.2, 333.2, 335.0
559,16,21,26,45,-60.6, 12.8, 12.8,0.0, 316.9, 0.0,293.2, 333.2, 335.0
560,16,21,26,553,-58.8, 13.1, 14.5,0.0, 317.2, 0.0,293.2, 333.5, 335.0
561,16,21,27,59,-57.0, 13.6, 16.3,0.0, 317.3, 0.0,293.8, 332.9, 335.7
562,16,21,27,565,-54.9, 13.7, 17.5,0.0, 356.5, 0.0,292.2, 14.1, 333.8
563,16,21,28,72,-52.4, 13.5, 17.6,0.0, 0.6, 0.0,290.4, 20.7, 331.5
564,16,21,28,579,-49.9, 13.2, 17.6,0.0, 359.6, 0.0,292.3, 17.0, 334.0
565,16,21,29,86,-47.4, 12.9, 17.6,0.0, 359.2, 0.0,292.7, 16.1, 334.5
566,16,21,29,592,-44.9, 12.7, 17.6,0.0, 359.2, 0.0,292.7, 16.1, 334.5
567,16,21,30,98,-42.3, 12.4, 17.5,0.0, 8.6, 0.0,293.6, 24.5, 335.4
568,16,21,30,606,-39.8, 12.1, 17.2,0.0, 7.1, 0.0,294.0, 22.5, 335.8
569,16,21,31,112,-37.4, 11.7, 16.7,0.0, 13.7, 0.0,293.8, 29.3, 335.7
570,16,21,31,619,-34.9, 11.2, 16.2,0.0, 14.0, 0.0,290.9, 33.4, 332.1
571,16,21,32,125,-32.6, 10.8, 15.5,0.0, 19.5, 0.0,288.7, 42.6, 328.7
572,16,21,32,631,-30.2, 10.7, 14.7,0.0, 20.0, 0.0,286.5, 47.8, 324.2
573,16,21,33,138,-27.8, 10.5, 13.8,0.0, 22.4, 0.0,287.3, 48.2, 326.0
574,16,21,33,646,-25.5, 10.5, 12.8,0.0, 22.5, 0.0,286.6, 50.1, 324.3
575,16,21,34,154,-23.2, 10.6, 11.9,0.0, 22.8, 0.0,286.3, 51.2, 323.6
576,16,21,34,658,-20.9, 10.9, 10.9,0.0, 23.0, 0.0,285.5, 53.7, 321.4
577,16,21,35,165,-18.6, 11.0, 9.6,0.0, 34.5, 0.0,285.3, 65.6, 321.0
578,16,21,35,672,-16.6, 11.3, 8.2,0.0, 34.3, 0.0,284.8, 67.2, 319.3
579,16,21,36,180,-14.5, 11.3, 6.7,0.0, 34.2, 0.0,285.1, 66.1, 320.3
580,16,21,36,686,-12.4, 11.3, 5.4,0.0, 33.7, 0.0,286.4, 61.7, 324.0
581,16,21,37,193,-10.5, 11.5, 3.7,0.0, 48.8, 0.0,284.9, 81.4, 319.5
582,16,21,37,700,-9.0, 11.8, 1.7,0.0, 56.9, 0.0,284.4, 91.1, 318.0
583,16,21,38,206,-7.6, 12.0, -0.4,0.0, 52.7, 0.0,282.5, 95.2, 309.9
584,16,21,38,713,-6.0, 12.2, -2.3,0.0, 50.5, 0.0,282.2, 94.8, 308.1
585,16,21,39,219,-4.3, 12.7, -4.2,0.0, 49.4, 0.0,284.0, 85.2, 316.4
586,16,21,39,725,-2.7, 13.1, -6.1,0.0, 49.8, 0.0,284.5, 83.7, 318.3
587,16,21,40,232,-1.2, 13.6, -8.0,0.0, 63.5, 0.0,280.4, 123.2, 293.1
588,16,21,40,739,-0.2, 14.0, -10.4,0.0, 68.5, 0.0,280.4, 128.2, 293.1
589,16,21,41,246,0.5, 14.3, -12.7,0.0, 73.1, 0.0,279.8, 144.2, 281.8
590,16,21,41,753,1.2, 14.8, -15.1,0.0, 73.1, 0.0,279.8, 144.2, 281.8
591,16,21,42,259,1.8, 15.3, -17.6,0.0, 73.5, 0.0,279.9, 142.4, 284.0
592,16,21,42,766,2.5, 15.7, -19.9,0.0, 73.8, 0.0,279.9, 142.7, 284.0
593,16,21,43,274,3.2, 16.0, -22.3,0.0, 73.1, 0.0,280.0, 139.2, 286.8
594,16,21,43,780,3.9, 16.3, -24.8,0.0, 68.4, 0.0,279.9, 137.3, 284.0
595,16,21,44,287,4.7, 16.6, -27.1,0.0, 80.9, 0.0,279.7, 156.7, 277.2
596,16,21,44,793,4.7, 16.8, -29.6,0.0, 91.9, 0.0,279.6, 176.1, 268.9
597,16,21,45,300,4.3, 17.0, -32.2,0.0, 103.1, 0.0,279.8, 189.7, 266.6
598,16,21,45,806,3.6, 17.0, -34.6,0.0, 119.0, 0.0,279.9, 205.6, 266.6
599,16,21,46,312,2.4, 17.0, -36.8,0.0, 118.7, 0.0,282.8, 205.7, 267.0
600,16,21,46,820,2.5, 17.9, -38.5,0.0, 117.9, 0.0,283.2, 205.0, 267.1
601,16,21,47,327,4.0, 18.0, -39.8,0.0, 123.5, 0.0,283.4, 196.2, 281.0
602,16,21,47,832,4.0, 18.0, -39.8,0.0, 132.5, 0.0,287.2, 220.6, 268.1
603,16,21,48,339,4.0, 18.0, -39.8,0.0, 139.9, 0.0,292.0, 229.8, 270.4
604,16,21,48,845,3.9, 18.3, -39.9,0.0, 162.4, 0.0,293.1, 253.1, 270.7
605,16,21,49,352,1.7, 18.7, -40.9,0.0, 163.3, 0.0,293.4, 249.9, 274.8
606,16,21,49,859,0.0, 18.8, -40.9,0.0, 161.9, 0.0,294.1, 238.7, 283.8
607,16,21,50,366,1.4, 18.8, -41.1,0.0, 155.8, 0.0,294.8, 247.6, 271.8
608,16,21,50,873,1.7, 18.8, -41.0,0.0, 141.9, 0.0,301.2, 241.4, 279.5
609,16,21,51,381,2.6, 18.8, -40.7,0.0, 146.8, 0.0,302.6, 248.1, 285.6
610,16,21,51,887,4.7, 18.4, -40.0,0.0, 148.4, 0.0,305.6, 235.7, 297.2
611,16,21,52,393,5.7, 17.3, -38.5,0.0, 77.7, 0.0,312.1, 149.5, 309.3
612,16,21,52,896,4.2, 17.0, -36.7,0.0, 45.5, 0.0,308.2, 125.5, 303.1
613,16,21,53,401,5.1, 17.0, -34.7,0.0, 52.2, 0.0,303.9, 146.0, 291.8
614,16,21,53,910,7.1, 16.8, -33.2,0.0, 52.8, 0.0,305.2, 141.8, 295.8
615,16,21,54,418,9.1, 16.9, -31.7,0.0, 53.4, 0.0,306.2, 139.0, 298.6
616,16,21,54,925,11.2, 16.8, -30.2,0.0, 53.4, 0.0,305.9, 139.9, 297.8
617,16,21,55,434,13.1, 16.7, -28.6,0.0, 39.8, 0.0,304.3, 132.2, 293.1
618,16,21,55,950,14.6, 16.7, -26.5,0.0, 19.4, 0.0,302.3, 123.7, 284.3
619,16,21,56,454,15.1, 16.9, -24.1,0.0, 13.2, 0.0,302.2, 119.0, 285.8
620,16,21,56,962,15.7, 17.0, -21.5,0.0, 21.1, 0.0,302.2, 127.2, 286.1
621,16,21,57,471,17.0, 17.1, -19.4,0.0, 39.1, 0.0,301.9, 146.7, 287.6
622,16,21,57,977,18.7, 16.7, -17.7,0.0, 58.8, 0.0,301.5, 167.9, 289.1
623,16,21,58,485,21.2, 16.4, -16.9,0.0, 89.4, 0.0,299.6, 202.7, 293.3
624,16,21,58,993,23.6, 16.4, -16.7,0.0, 89.5, 0.0,298.8, 203.9, 294.4
625,16,21,59,499,26.1, 17.0, -16.9,0.0, 94.0, 0.0,298.7, 208.6, 294.6
626,16,22,00,6,28.6, 16.9, -17.2,0.0, 97.7, 0.0,298.7, 211.7, 295.5
627,16,22,00,513,31.1, 16.7, -17.7,0.0, 102.8, 0.0,298.6, 217.2, 295.1
628,16,22,01,20,33.5, 16.5, -18.4,0.0, 102.2, 0.0,302.1, 205.0, 305.2
629,16,22,01,531,31.7, 16.8, -19.4,0.0, 191.6, 0.0,305.7, 286.2, 312.0
630,16,22,02,46,29.2, 17.0, -18.8,0.0, 197.0, 0.0,306.9, 289.5, 313.7
631,16,22,02,550,26.9, 17.0, -17.8,0.0, 204.9, 0.0,310.3, 292.0, 317.9
632,16,22,03,53,24.9, 16.8, -17.2,0.0, 221.3, 0.0,313.9, 303.8, 321.3
633,16,22,03,563,24.1, 16.7, -15.9,0.0, 236.2, 0.0,314.5, 318.1, 321.8
634,16,22,04,71,23.7, 16.7, -15.2,0.0, 236.9, 0.0,315.5, 317.7, 322.6
635,16,22,04,577,22.4, 16.4, -13.1,0.0, 237.0, 0.0,316.6, 316.7, 323.3
636,16,22,05,85,20.5, 16.3, -12.7,0.0, 237.2, 0.0,318.0, 315.4, 324.3
637,16,22,05,592,18.9, 16.8, -13.4,0.0, 263.6, 0.0,307.8, 354.5, 315.0
638,16,22,06,100,18.8, 16.8, -13.4,0.0, 277.6, 0.0,306.0, 11.6, 312.5
639,16,22,06,607,16.4, 17.1, -13.0,0.0, 276.7, 0.0,307.6, 7.9, 314.7
640,16,22,07,113,16.2, 17.0, -10.8,0.0, 275.0, 0.0,310.7, 1.6, 318.3
641,16,22,07,620,17.3, 16.5, -8.9,0.0, 308.5, 0.0,319.2, 25.6, 325.1
642,16,22,08,127,17.3, 16.5, -8.9,0.0, 323.2, 0.0,321.1, 38.6, 326.1
643,16,22,08,633,17.3, 16.5, -8.9,0.0, 339.3, 0.0,324.1, 52.3, 327.6
644,16,22,09,138,17.1, 16.4, -8.5,0.0, 342.8, 0.0,323.3, 56.4, 327.2
645,16,22,09,646,16.2, 15.5, -6.3,0.0, 334.6, 0.0,324.6, 47.2, 327.8
646,16,22,10,151,15.4, 15.4, -6.2,0.0, 325.4, 0.0,325.8, 37.0, 328.4
647,16,22,10,659,13.5, 15.8, -7.4,0.0, 301.4, 0.0,318.0, 19.6, 324.3
648,16,22,11,163,13.5, 15.8, -7.4,0.0, 301.4, 0.0,310.5, 28.2, 318.1
649,16,22,11,671,11.6, 14.8, -6.4,0.0, 303.2, 0.0,317.6, 21.8, 324.0
650,16,22,12,190,10.4, 14.7, -5.9,0.0, 284.3, 0.0,304.8, 20.8, 310.5
651,16,22,12,698,10.4, 14.7, -5.9,0.0, 277.5, 0.0,298.3, 30.9, 298.1
652,16,22,13,206,8.3, 14.8, -5.7,0.0, 275.3, 0.0,300.7, 20.8, 305.0
653,16,22,13,712,6.8, 14.3, -4.6,0.0, 274.3, 0.0,307.5, 5.8, 316.6
654,16,22,14,218,6.9, 13.0, -2.4,0.0, 274.3, 0.0,308.7, 4.1, 318.0
655,16,22,14,725,7.0, 11.8, -0.2,0.0, 274.3, 0.0,309.3, 3.1, 318.7
656,16,22,15,233,7.1, 10.7, 2.1,0.0, 274.3, 0.0,309.3, 3.1, 318.7
657,16,22,15,740,7.3, 9.7, 4.3,0.0, 274.3, 0.0,309.3, 3.1, 318.7
658,16,22,16,246,7.6, 8.7, 6.8,0.0, 274.3, 0.0,309.3, 3.1, 318.7
659,16,22,16,752,7.8, 8.0, 9.1,0.0, 274.3, 0.0,309.3, 3.1, 318.7
660,16,22,17,259,8.0, 7.7, 11.6,0.0, 273.9, 0.0,309.3, 2.7, 318.7
661,16,22,17,766,8.1, 7.7, 14.2,0.0, 273.9, 0.0,309.3, 2.7, 318.7
662,16,22,18,274,9.3, 7.4, 16.4,0.0, 302.1, 0.0,303.2, 41.4, 310.2
663,16,22,18,781,11.2, 7.4, 18.1,0.0, 323.0, 0.0,301.2, 67.2, 306.1
664,16,22,19,287,13.3, 7.1, 19.5,0.0, 327.7, 0.0,302.5, 68.6, 308.9
665,16,22,19,794,15.4, 6.9, 20.7,0.0, 333.1, 0.0,302.0, 75.2, 307.9
666,16,22,20,301,17.8, 6.6, 21.6,0.0, 336.0, 0.0,301.2, 80.2, 306.1
667,16,22,20,808,20.2, 6.1, 22.4,0.0, 338.3, 0.0,300.8, 83.4, 305.3
668,16,22,21,314,22.6, 5.8, 23.0,0.0, 338.1, 0.0,296.5, 95.4, 297.3
669,16,22,21,821,24.9, 5.5, 24.1,0.0, 328.7, 0.0,297.7, 81.4, 301.4
670,16,22,22,328,27.0, 5.2, 25.5,0.0, 323.7, 0.0,295.8, 81.7, 298.0
671,16,22,22,837,29.1, 5.1, 26.7,0.0, 339.8, 0.0,293.3, 100.2, 300.4
672,16,22,23,340,31.5, 5.1, 27.4,0.0, 350.8, 0.0,293.1, 111.3, 300.5
673,16,22,23,847,34.1, 5.2, 27.6,0.0, 1.7, 0.0,292.8, 122.3, 301.1
674,16,22,24,353,36.5, 5.1, 27.0,0.0, 18.1, 0.0,294.3, 133.1, 306.2
675,16,22,24,860,38.8, 5.2, 26.2,0.0, 7.7, 0.0,293.5, 125.3, 303.8
676,16,22,25,364,40.7, 5.1, 27.4,0.0, 272.7, 0.0,307.1, 4.2, 326.7
677,16,22,25,869,39.7, 5.4, 29.6,0.0, 233.8, 0.0,309.2, 323.2, 328.3
678,16,22,26,378,38.2, 5.9, 31.5,0.0, 235.3, 0.0,307.2, 326.7, 326.8
679,16,22,26,885,36.7, 6.4, 33.6,0.0, 236.9, 0.0,307.3, 328.2, 326.8
680,16,22,27,392,35.0, 6.2, 35.4,0.0, 220.0, 0.0,302.7, 317.1, 322.1
681,16,22,27,900,33.3, 6.1, 37.1,0.0, 228.6, 0.0,299.5, 330.9, 317.6
682,16,22,28,407,31.8, 6.8, 39.2,0.0, 247.2, 0.0,295.1, 359.6, 308.7
683,16,22,28,913,30.8, 7.8, 41.2,0.0, 241.8, 0.0,294.0, 357.6, 305.5
684,16,22,29,424,29.5, 8.8, 43.2,0.0, 223.2, 0.0,297.2, 330.3, 313.4
685,16,22,29,926,27.6, 9.7, 44.6,0.0, 221.3, 0.0,297.2, 328.2, 313.6
686,16,22,30,433,25.7, 10.3, 46.0,0.0, 212.4, 0.0,301.3, 311.5, 320.4
687,16,22,30,938,23.5, 10.4, 47.2,0.0, 208.8, 0.0,302.2, 306.6, 321.5
688,16,22,31,446,21.1, 10.1, 48.1,0.0, 194.7, 0.0,301.9, 292.9, 321.1
689,16,22,31,952,18.7, 9.7, 48.6,0.0, 192.7, 0.0,299.8, 294.3, 318.2
690,16,22,32,458,16.4, 9.1, 49.4,0.0, 206.9, 0.0,293.6, 324.1, 304.2
691,16,22,32,966,14.2, 8.7, 50.7,0.0, 211.6, 0.0,292.2, 332.9, 301.3
692,16,22,33,473,12.1, 8.6, 52.0,0.0, 211.1, 0.0,291.8, 332.7, 301.6
693,16,22,33,980,9.9, 8.8, 53.3,0.0, 208.0, 0.0,291.6, 329.8, 301.8
694,16,22,34,487,7.7, 9.3, 54.4,0.0, 207.7, 0.0,291.0, 329.9, 302.2
695,16,22,34,991,5.5, 10.0, 55.3,0.0, 179.8, 0.0,286.7, 304.9, 305.1
696,16,22,35,499,3.1, 10.7, 55.5,0.0, 189.4, 0.0,286.2, 314.9, 305.5
697,16,22,36,7,0.6, 11.5, 55.9,0.0, 192.1, 0.0,286.3, 316.7, 306.3
698,16,22,36,514,-1.4, 12.2, 57.0,0.0, 212.2, 0.0,281.9, 340.1, 307.9
699,16,22,37,20,-3.2, 13.5, 58.2,0.0, 208.6, 0.0,278.5, 338.1, 309.5
700,16,22,37,528,-5.0, 15.1, 59.3,0.0, 208.6, 0.0,278.7, 336.6, 311.0
701,16,22,38,39,-6.8, 16.2, 60.5,0.0, 238.1, 0.0,279.9, 358.6, 318.4
702,16,22,38,539,-8.0, 16.6, 62.6,0.0, 250.0, 0.0,279.6, 12.5, 316.4
703,16,22,39,47,-8.4, 17.0, 65.1,0.0, 261.6, 0.0,279.3, 25.4, 315.2
704,16,22,39,554,-8.7, 17.6, 67.5,0.0, 272.3, 0.0,280.8, 28.9, 322.2
705,16,22,40,60,-8.3, 18.1, 69.9,0.0, 274.5, 0.0,280.5, 32.5, 320.9
706,16,22,40,567,-8.0, 18.6, 72.5,0.0, 288.1, 0.0,282.7, 38.3, 328.5
707,16,22,41,74,-6.9, 18.9, 74.7,0.0, 295.8, 0.0,281.8, 48.5, 326.0
708,16,22,41,581,-5.8, 19.1, 76.9,0.0, 298.6, 0.0,286.8, 40.5, 336.6
709,16,22,42,99,-4.3, 19.2, 79.1,0.0, 312.5, 0.0,284.0, 59.5, 331.7
710,16,22,42,603,-2.4, 18.9, 80.8,0.0, 323.0, 0.0,285.6, 66.8, 334.8
711,16,22,43,111,-0.4, 18.7, 82.2,0.0, 326.0, 0.0,286.1, 68.9, 335.7
712,16,22,43,618,1.7, 18.6, 83.6,0.0, 325.9, 0.0,286.3, 68.5, 335.9
713,16,22,44,127,3.9, 18.5, 84.9,0.0, 335.2, 0.0,282.7, 85.4, 328.5
714,16,22,44,634,6.1, 18.5, 86.1,0.0, 327.5, 0.0,282.7, 77.7, 328.5
715,16,22,45,141,8.2, 18.1, 87.4,0.0, 333.7, 0.0,292.7, 69.1, 342.7
716,16,22,45,647,10.2, 17.9, 88.4,0.0, 332.3, 0.0,289.7, 70.4, 340.2
717,16,22,46,152,10.2, 17.9, 88.4,0.0, 339.6, 0.0,296.6, 72.3, 345.2
718,16,22,46,676,10.2, 17.9, 88.4,0.0, 17.7, 0.0,292.0, 113.6, 342.2
719,16,22,47,179,10.2, 17.9, 88.4,0.0, 17.7, 0.0,291.5, 114.0, 341.8
720,16,22,47,686,10.2, 17.9, 88.4,0.0, 17.3, 0.0,291.2, 114.0, 341.5
721,16,22,48,192,10.2, 17.9, 88.4,0.0, 2.5, 0.0,289.5, 100.9, 339.9
722,16,22,48,700,10.2, 17.9, 88.4,0.0, 338.1, 0.0,288.3, 77.8, 338.7
723,16,22,49,207,10.2, 17.9, 88.4,0.0, 317.9, 0.0,288.0, 58.1, 338.2
724,16,22,49,714,8.6, 18.1, 90.0,0.0, 318.6, 0.0,288.1, 58.7, 338.3
725,16,22,50,220,8.4, 18.4, 91.2,0.0, 310.2, 0.0,272.5, 82.3, 312.1
726,16,22,50,727,9.8, 18.4, 92.8,0.0, 311.1, 0.0,274.2, 61.3, 334.0
727,16,22,51,234,11.4, 18.5, 94.7,0.0, 311.1, 0.0,275.6, 54.5, 340.8
728,16,22,51,741,13.0, 18.4, 96.6,0.0, 311.1, 0.0,277.9, 48.7, 346.5
729,16,22,52,247,14.8, 18.3, 98.5,0.0, 316.7, 0.0,279.9, 51.5, 349.3
730,16,22,52,752,16.7, 18.1, 100.2,0.0, 320.3, 0.0,280.4, 54.6, 349.8
731,16,22,53,260,18.5, 17.9, 101.8,0.0, 320.5, 0.0,280.6, 54.6, 350.0
732,16,22,53,768,20.5, 17.7, 103.5,0.0, 320.5, 0.0,280.6, 54.6, 350.0
733,16,22,54,275,22.5, 17.6, 105.1,0.0, 320.8, 0.0,280.9, 54.6, 350.3
734,16,22,54,781,24.4, 17.7, 106.6,0.0, 322.0, 0.0,280.9, 55.8, 350.3
735,16,22,55,288,26.5, 17.7, 108.2,0.0, 322.0, 0.0,280.9, 55.8, 350.3
736,16,22,55,794,28.4, 17.5, 109.8,0.0, 322.1, 0.0,280.9, 55.9, 350.3
737,16,22,56,301,30.4, 17.6, 111.3,0.0, 322.8, 0.0,280.8, 56.7, 350.2
738,16,22,56,808,32.4, 17.8, 112.9,0.0, 322.8, 0.0,280.8, 56.7, 350.2
739,16,22,57,314,34.4, 17.7, 114.4,0.0, 323.5, 0.0,280.8, 57.4, 350.2
740,16,22,57,821,36.5, 17.6, 115.8,0.0, 325.8, 0.0,280.6, 59.9, 350.0
741,16,22,58,327,38.5, 17.3, 117.4,0.0, 322.1, 0.0,284.4, 53.5, 352.6
742,16,22,58,835,39.7, 17.1, 118.4,0.0, 311.5, 0.0,289.6, 40.9, 354.5
743,16,22,59,337,39.7, 17.1, 118.4,0.0, 298.1, 0.0,287.9, 28.0, 354.0
744,16,22,59,845,39.7, 17.1, 118.4,0.0, 301.9, 0.0,290.2, 31.1, 354.7
745,16,23,00,352,39.7, 17.1, 118.4,0.0, 302.3, 0.0,290.2, 31.5, 354.7
746,16,23,00,859,38.1, 17.5, 119.5,0.0, 302.9, 0.0,290.8, 32.0, 354.8
747,16,23,01,367,37.9, 17.7, 121.4,0.0, 303.1, 0.0,291.4, 32.0, 355.0
748,16,23,01,875,39.3, 17.6, 123.5,0.0, 307.7, 0.0,291.9, 36.5, 355.1
749,16,23,02,381,40.9, 17.3, 125.4,0.0, 310.4, 0.0,291.8, 39.2, 355.1
750,16,23,02,888,42.6, 17.3, 127.4,0.0, 312.1, 0.0,291.9, 40.9, 355.1
751,16,23,03,395,44.4, 17.5, 129.1,0.0, 316.9, 0.0,292.1, 45.7, 355.1
752,16,23,03,899,46.0, 17.7, 131.0,0.0, 301.6, 0.0,289.8, 30.9, 354.6
753,16,23,04,405,46.3, 17.7, 131.4,0.0, 280.1, 0.0,289.2, 9.6, 354.4
754,16,23,04,912,46.3, 17.7, 131.4,0.0, 280.3, 0.0,289.2, 9.8, 354.4
755,16,23,05,418,46.3, 17.7, 131.4,0.0, 282.7, 0.0,290.1, 12.0, 354.7
756,16,23,05,926,46.3, 17.7, 131.4,0.0, 285.2, 0.0,291.3, 14.1, 355.0
757,16,23,06,433,46.3, 17.7, 131.4,0.0, 285.3, 0.0,291.5, 14.2, 355.0
758,16,23,06,940,46.3, 17.7, 131.4,0.0, 288.1, 0.0,284.2, 19.6, 352.5
759,16,23,07,443,46.3, 17.7, 131.4,0.0, 280.1, 0.0,276.0, 21.9, 342.3
760,16,23,07,963,46.3, 17.7, 131.4,0.0, 267.6, 0.0,274.6, 15.1, 336.7
761,16,23,08,470,46.3, 17.7, 131.4,0.0, 260.2, 0.0,272.1, 32.5, 312.3
762,16,23,08,977,46.3, 17.7, 131.4,0.0, 268.1, 0.0,272.6, 10.7, 342.7
763,16,23,09,485,46.3, 17.7, 131.4,0.0, 269.2, 0.0,272.8, 10.6, 343.9
764,16,23,09,992,46.3, 17.7, 131.4,0.0, 270.3, 0.0,270.4, 223.5, 133.2
765,16,23,10,498,46.3, 17.7, 131.4,0.0, 252.4, 0.0,281.8, 209.2, 136.8
766,16,23,11,5,46.3, 17.7, 131.4,0.0, 236.3, 0.0,281.3, 199.9, 130.6
767,16,23,11,523,46.3, 17.7, 131.4,0.0, 219.4, 0.0,280.6, 260.1, 54.5
768,16,23,12,29,46.3, 17.7, 131.4,0.0, 219.2, 0.0,279.7, 251.7, 62.7
769,16,23,12,535,46.3, 17.7, 131.4,0.0, 238.6, 0.0,279.4, 267.8, 65.9
770,16,23,13,43,46.2, 17.8, 131.9,0.0, 258.1, 0.0,279.4, 287.8, 65.4
771,16,23,13,551,46.4, 18.1, 134.4,0.0, 283.0, 0.0,279.4, 312.7, 65.4
772,16,23,14,59,46.9, 18.2, 135.7,0.0, 310.5, 0.0,289.4, 19.9, 26.7
773,16,23,14,566,46.9, 18.2, 135.7,0.0, 352.6, 0.0,296.6, 69.9, 19.5
774,16,23,15,73,46.8, 18.4, 137.1,0.0, 355.9, 0.0,299.9, 75.5, 17.4
775,16,23,15,580,47.6, 18.7, 138.9,0.0, 21.5, 0.0,297.0, 99.1, 19.2
776,16,23,16,85,48.3, 18.5, 140.8,0.0, 21.2, 0.0,297.8, 99.4, 18.6
777,16,23,16,590,48.7, 18.5, 142.6,0.0, 348.7, 0.0,284.6, 48.1, 36.3
778,16,23,17,96,47.0, 18.5, 141.7,0.0, 333.5, 0.0,279.3, 1.0, 67.6
779,16,23,17,604,46.0, 18.5, 141.3,0.0, 11.6, 0.0,287.0, 329.8, 138.2
780,16,23,18,111,46.1, 18.5, 141.8,0.0, 9.3, 0.0,305.1, 332.7, 140.9
781,16,23,18,618,46.5, 18.7, 144.1,0.0, 9.2, 0.0,296.7, 349.6, 126.3
782,16,23,19,128,47.2, 19.8, 145.2,0.0, 7.8, 0.0,293.5, 1.0, 114.7
783,16,23,19,635,47.2, 19.8, 145.2,0.0, 8.8, 0.0,292.1, 11.9, 105.6
784,16,23,20,142,47.6, 19.8, 146.7,0.0, 22.2, 0.0,294.8, 9.3, 120.3
785,16,23,20,649,47.8, 18.8, 148.8,0.0, 17.6, 0.0,303.1, 344.0, 138.4
786,16,23,21,155,47.8, 18.8, 148.8,0.0, 15.7, 0.0,297.3, 354.5, 127.7
787,16,23,21,662,47.8, 18.8, 148.8,0.0, 15.2, 0.0,295.1, 1.3, 121.2
788,16,23,22,169,47.8, 18.8, 148.8,0.0, 14.8, 0.0,294.3, 4.2, 118.2
789,16,23,22,676,47.8, 18.8, 148.8,0.0, 14.7, 0.0,293.7, 6.7, 115.8
790,16,23,23,181,47.8, 18.8, 148.8,0.0, 14.2, 0.0,293.4, 8.1, 114.1
791,16,23,23,688,47.8, 18.8, 148.8,0.0, 13.4, 0.0,293.0, 9.8, 111.7
792,16,23,24,195,47.8, 18.8, 148.8,0.0, 13.3, 0.0,292.8, 10.7, 110.8
793,16,23,24,702,47.8, 18.8, 148.8,0.0, 13.3, 0.0,292.8, 10.7, 110.8
794,16,23,25,209,49.8, 18.7, 148.3,0.0, 13.2, 0.0,292.7, 11.3, 110.2
795,16,23,25,715,49.9, 18.6, 148.1,0.0, 11.7, 0.0,292.4, 12.0, 108.1
796,16,23,26,222,49.9, 18.7, 147.8,0.0, 21.2, 0.0,292.5, 20.8, 108.8
797,16,23,26,729,49.9, 18.7, 147.7,0.0, 20.7, 0.0,292.7, 18.8, 110.2
798,16,23,27,232,50.3, 19.4, 146.3,0.0, 42.6, 0.0,292.6, 41.2, 109.7
799,16,23,27,740,52.3, 19.4, 145.0,0.0, 29.7, 0.0,293.8, 21.3, 116.2
800,16,23,28,247,54.5, 18.6, 144.2,0.0, 29.7, 0.0,293.8, 21.3, 116.2
801,16,23,28,755,56.7, 18.5, 143.1,0.0, 29.7, 0.0,293.8, 21.3, 116.2
802,16,23,29,261,58.9, 18.4, 141.8,0.0, 29.6, 0.0,293.4, 23.5, 114.1
803,16,23,29,768,61.1, 18.0, 140.6,0.0, 29.6, 0.0,293.4, 23.5, 114.1
804,16,23,30,275,63.3, 17.8, 139.4,0.0, 29.6, 0.0,293.3, 23.9, 113.7
805,16,23,30,782,64.1, 17.6, 139.0,0.0, 25.4, 0.0,293.0, 21.4, 112.2
806,16,23,31,289,62.2, 17.8, 139.6,0.0, 20.2, 0.0,294.3, 9.4, 118.4
807,16,23,31,796,62.8, 18.3, 141.8,0.0, 21.0, 0.0,292.2, 23.6, 106.0
808,16,23,32,302,64.0, 18.6, 142.7,0.0, 24.1, 0.0,291.4, 37.8, 95.7
809,16,23,32,809,66.4, 18.3, 141.9,0.0, 26.5, 0.0,291.5, 36.7, 99.0
810,16,23,33,316,68.6, 17.9, 140.9,0.0, 26.5, 0.0,291.5, 36.7, 99.0
811,16,23,33,822,70.9, 17.6, 139.8,0.0, 26.5, 0.0,291.5, 36.7, 99.0
812,16,23,34,328,73.2, 17.5, 138.7,0.0, 26.5, 0.0,291.5, 36.7, 99.0
813,16,23,34,836,75.4, 17.7, 137.6,0.0, 23.9, 0.0,291.3, 40.9, 92.6
814,16,23,35,342,76.5, 17.7, 137.1,0.0, 48.0, 0.0,292.7, 89.2, 70.1
815,16,23,35,844,76.5, 17.7, 137.1,0.0, 98.8, 0.0,296.6, 157.7, 54.0
816,16,23,36,352,76.5, 17.7, 137.1,0.0, 112.6, 0.0,297.4, 173.8, 52.0
817,16,23,36,859,76.5, 17.7, 137.1,0.0, 112.8, 0.0,297.5, 174.3, 51.7
818,16,23,37,367,76.5, 17.7, 137.1,0.0, 112.9, 0.0,297.5, 174.4, 51.7
819,16,23,37,873,76.5, 17.7, 137.1,0.0, 112.9, 0.0,297.5, 174.4, 51.7
820,16,23,38,380,76.5, 17.7, 137.1,0.0, 113.2, 0.0,297.5, 174.7, 51.7
821,16,23,38,888,76.5, 17.7, 137.1,0.0, 113.5, 0.0,297.8, 175.7, 51.1
822,16,23,39,394,76.5, 17.7, 137.1,0.0, 114.1, 0.0,298.1, 177.3, 50.2
823,16,23,39,902,76.5, 17.7, 137.1,0.0, 114.6, 0.0,298.5, 178.6, 49.5
824,16,23,40,409,76.5, 17.7, 137.1,0.0, 114.6, 0.0,298.5, 178.6, 49.5
825,16,23,40,914,76.5, 17.7, 137.1,0.0, 114.9, 0.0,298.8, 179.7, 48.8
826,16,23,41,422,76.5, 17.7, 137.1,0.0, 115.0, 0.0,298.9, 180.1, 48.5
827,16,23,41,929,76.5, 17.7, 137.1,0.0, 115.0, 0.0,299.5, 181.5, 47.4
828,16,23,42,435,76.5, 17.7, 137.1,0.0, 114.8, 0.0,299.7, 181.7, 47.0
829,16,23,42,942,76.5, 17.7, 137.1,0.0, 114.5, 0.0,300.5, 183.0, 45.6
830,16,23,43,449,76.5, 17.7, 137.1,0.0, 114.4, 0.0,300.9, 183.7, 44.9
831,16,23,43,955,76.5, 17.7, 137.1,0.0, 112.7, 0.0,302.3, 184.7, 42.6
832,16,23,44,462,76.5, 17.7, 137.1,0.0, 111.8, 0.0,303.5, 185.7, 41.0
833,16,23,44,969,76.5, 17.7, 137.1,0.0, 113.4, 0.0,305.1, 189.6, 39.1
834,16,23,45,475,76.5, 17.7, 137.1,0.0, 111.0, 0.0,306.3, 188.9, 37.7
835,16,23,45,982,76.5, 17.7, 137.1,0.0, 90.8, 0.0,316.6, 179.0, 29.9
836,16,23,46,489,76.5, 17.7, 137.1,0.0, 90.5, 0.0,316.6, 178.7, 29.9
837,16,23,46,995,76.5, 17.7, 137.1,0.0, 90.5, 0.0,316.6, 178.7, 29.9
838,16,23,47,502,76.5, 17.7, 137.1,0.0, 90.5, 0.0,316.6, 178.7, 29.9
839,16,23,48,21,76.5, 17.7, 137.1,0.0, 90.5, 0.0,316.6, 178.7, 29.9
840,16,23,48,529,76.5, 17.7, 137.1,0.0, 90.5, 0.0,316.6, 178.7, 29.9
841,16,23,49,34,76.5, 17.7, 137.1,0.0, 90.5, 0.0,316.6, 178.7, 29.9
