id,hour,min,sec,ms,xpos,ypos,zpos,uMousePos,vMousePos,wMousePos,uGazePos,vGazePos,wGazePos
232,15,30,44,236,20.4, 16.3, -11.4,0.0, 124.5, 0.0,340.6, 301.9, 359.2
233,15,30,44,741,21.5, 16.2, -10.2,0.0, 113.0, 0.0,316.9, 290.8, 359.0
234,15,30,45,247,22.1, 16.7, -7.8,0.0, 97.2, 0.0,308.4, 275.3, 358.8
235,15,30,45,755,21.8, 16.9, -6.9,0.0, 98.1, 0.0,308.4, 276.2, 358.8
236,15,30,46,262,21.8, 17.4, -4.5,0.0, 101.0, 0.0,308.8, 279.1, 358.8
237,15,30,46,766,21.7, 17.9, -2.2,0.0, 117.1, 0.0,310.0, 295.1, 358.9
238,15,30,47,272,21.4, 18.4, 0.2,0.0, 132.2, 0.0,307.2, 310.3, 358.8
239,15,30,47,780,21.3, 18.7, 2.8,0.0, 132.2, 0.0,307.2, 310.3, 358.8
240,15,30,48,287,21.3, 18.7, 5.3,0.0, 152.3, 0.0,306.9, 330.4, 358.8
241,15,30,48,794,21.4, 18.8, 7.7,0.0, 254.0, 0.0,292.6, 72.6, 358.6
242,15,30,49,301,21.2, 18.7, 10.1,0.0, 283.4, 0.0,279.3, 102.2, 358.8
243,15,30,49,808,21.5, 18.8, 11.9,0.0, 293.2, 0.0,272.2, 112.0, 358.8
244,15,30,50,315,21.4, 18.8, 14.3,0.0, 293.2, 0.0,272.2, 112.0, 358.8
245,15,30,50,822,21.3, 19.0, 16.8,0.0, 293.1, 0.0,272.1, 111.9, 358.8
246,15,30,51,325,19.5, 18.7, 18.1,0.0, 293.1, 0.0,272.1, 111.9, 358.8
247,15,30,51,834,18.9, 18.7, 18.4,0.0, 290.5, 0.0,272.3, 109.2, 358.9
248,15,30,52,341,19.3, 18.7, 19.6,0.0, 290.5, 0.0,272.3, 109.2, 358.9
249,15,30,52,849,20.0, 18.7, 22.0,0.0, 290.5, 0.0,272.3, 109.2, 358.9
250,15,30,53,355,19.7, 18.7, 24.1,0.0, 269.3, 0.0,271.0, 88.1, 358.9
251,15,30,53,859,18.7, 18.7, 25.2,0.0, 183.4, 0.0,282.3, 182.4, 179.0
252,15,30,54,367,19.4, 18.7, 27.6,0.0, 190.2, 0.0,282.3, 189.2, 179.0
253,15,30,54,874,19.7, 18.7, 30.0,0.0, 131.7, 0.0,291.5, 130.7, 179.0
254,15,30,55,379,20.8, 18.8, 32.3,0.0, 115.5, 0.0,296.1, 114.6, 179.1
255,15,30,55,887,20.6, 18.7, 34.2,0.0, 111.9, 0.0,298.0, 111.0, 179.1
256,15,30,56,393,20.8, 18.8, 36.5,0.0, 113.4, 0.0,299.6, 112.5, 179.1
257,15,30,56,901,20.7, 18.9, 39.1,0.0, 113.8, 0.0,302.6, 112.9, 179.1
258,15,30,57,407,20.2, 18.7, 41.5,0.0, 113.3, 0.0,302.9, 112.4, 179.1
259,15,30,57,914,20.4, 18.7, 43.6,0.0, 118.9, 0.0,307.7, 118.0, 179.1
260,15,30,58,421,19.8, 18.7, 46.1,0.0, 121.0, 0.0,309.7, 120.1, 179.2
261,15,30,58,928,19.6, 18.7, 48.6,0.0, 121.1, 0.0,309.8, 120.2, 179.2
262,15,30,59,435,20.0, 18.7, 51.0,0.0, 122.0, 0.0,310.1, 121.1, 179.2
263,15,30,59,942,20.3, 18.8, 53.4,0.0, 122.0, 0.0,310.1, 121.1, 179.2
264,15,31,00,448,19.7, 18.7, 55.8,0.0, 118.2, 0.0,296.9, 117.8, 178.8
265,15,31,00,955,20.1, 18.8, 58.2,0.0, 116.3, 0.0,283.6, 292.5, 2.3
266,15,31,01,462,19.6, 18.7, 60.7,0.0, 119.7, 0.0,306.3, 297.4, 0.9
267,15,31,01,968,20.0, 18.8, 63.1,0.0, 120.6, 0.0,308.2, 298.4, 0.9
268,15,31,02,475,19.6, 18.7, 65.5,0.0, 130.8, 0.0,306.3, 308.5, 0.9
269,15,31,02,981,19.7, 18.9, 68.1,0.0, 145.5, 0.0,302.0, 323.1, 1.0
270,15,31,03,488,20.2, 18.5, 70.5,0.0, 145.9, 0.0,301.5, 323.5, 1.0
271,15,31,03,994,20.7, 18.2, 72.9,0.0, 145.9, 0.0,301.1, 323.5, 1.1
272,15,31,04,501,21.2, 17.8, 75.5,0.0, 145.9, 0.0,301.1, 323.5, 1.1
273,15,31,05,8,21.7, 17.6, 77.9,0.0, 145.9, 0.0,301.1, 323.5, 1.1
274,15,31,05,514,22.2, 17.5, 80.3,0.0, 145.9, 0.0,301.0, 323.5, 1.1
275,15,31,06,21,22.7, 17.5, 82.9,0.0, 145.6, 0.0,300.6, 323.2, 1.1
276,15,31,06,528,23.7, 17.6, 85.1,0.0, 144.8, 0.0,300.3, 322.4, 1.1
277,15,31,07,35,25.3, 17.8, 87.0,0.0, 120.4, 0.0,288.6, 297.3, 1.7
278,15,31,07,542,27.0, 17.8, 88.8,0.0, 120.0, 0.0,288.6, 296.9, 1.7
279,15,31,08,48,28.4, 17.8, 90.9,0.0, 120.0, 0.0,288.6, 296.9, 1.7
280,15,31,08,552,30.7, 18.2, 91.7,0.0, 120.0, 0.0,288.6, 296.9, 1.7
281,15,31,09,59,31.9, 18.7, 93.8,0.0, 162.0, 0.0,299.6, 339.5, 1.1
282,15,31,09,567,32.6, 18.8, 96.1,0.0, 161.5, 0.0,300.8, 339.1, 1.1
283,15,31,10,75,32.9, 18.2, 98.2,0.0, 159.3, 0.0,299.5, 336.8, 1.1
284,15,31,10,582,34.0, 18.0, 100.4,0.0, 146.5, 0.0,298.5, 324.0, 1.1
285,15,31,11,88,34.7, 17.7, 102.8,0.0, 147.0, 0.0,298.5, 324.5, 1.1
286,15,31,11,595,36.3, 17.6, 104.7,0.0, 151.5, 0.0,298.2, 329.0, 1.2
287,15,31,12,104,37.3, 17.5, 107.0,0.0, 166.7, 0.0,299.9, 344.2, 1.1
288,15,31,12,608,38.7, 17.4, 109.1,0.0, 168.7, 0.0,300.4, 346.3, 1.1
289,15,31,13,115,40.1, 17.3, 111.2,0.0, 171.4, 0.0,301.0, 349.0, 1.1
290,15,31,13,622,41.9, 17.1, 113.1,0.0, 181.1, 0.0,295.6, 358.5, 1.3
291,15,31,14,129,43.1, 17.0, 115.2,0.0, 187.4, 0.0,295.0, 4.7, 1.3
292,15,31,14,635,44.7, 16.8, 117.0,0.0, 192.1, 0.0,294.4, 9.4, 1.3
293,15,31,15,143,45.9, 16.7, 119.2,0.0, 187.8, 0.0,294.5, 5.1, 1.3
294,15,31,15,650,46.6, 16.7, 121.6,0.0, 196.7, 0.0,293.2, 13.9, 1.4
295,15,31,16,156,48.2, 16.5, 123.4,0.0, 206.7, 0.0,293.8, 24.0, 1.4
296,15,31,16,663,50.3, 16.4, 124.9,0.0, 187.1, 0.0,292.9, 4.3, 1.4
297,15,31,17,170,52.4, 16.4, 126.2,0.0, 205.7, 0.0,292.5, 22.9, 1.4
298,15,31,17,676,54.0, 16.5, 128.1,0.0, 218.1, 0.0,292.3, 35.3, 1.4
299,15,31,18,184,56.5, 16.5, 128.7,0.0, 215.8, 0.0,293.5, 33.0, 1.4
300,15,31,18,690,59.0, 16.4, 129.1,0.0, 200.2, 0.0,290.4, 17.2, 1.6
301,15,31,19,197,61.4, 16.3, 128.7,0.0, 167.3, 0.0,280.0, 342.7, 3.1
302,15,31,19,700,64.0, 16.3, 128.5,0.0, 110.8, 0.0,273.9, 117.2, 172.0
303,15,31,20,208,66.3, 16.4, 127.6,0.0, 90.0, 0.0,277.2, 92.8, 175.7
304,15,31,20,714,68.1, 17.0, 126.0,0.0, 89.5, 0.0,277.3, 92.2, 175.7
305,15,31,21,237,70.4, 17.4, 125.3,0.0, 77.1, 0.0,279.5, 78.8, 176.7
306,15,31,21,739,72.9, 17.6, 125.1,0.0, 65.7, 0.0,280.8, 67.0, 177.1
307,15,31,22,246,74.3, 17.9, 125.5,0.0, 60.9, 0.0,280.8, 62.2, 177.1
308,15,31,22,766,76.6, 17.9, 125.1,0.0, 57.6, 0.0,280.8, 58.9, 177.1
309,15,31,23,270,77.0, 17.8, 126.0,0.0, 166.2, 0.0,273.2, 335.0, 9.7
310,15,31,23,778,78.3, 17.8, 128.0,0.0, 228.3, 0.0,276.5, 42.0, 4.8
311,15,31,24,285,79.6, 17.7, 130.0,0.0, 194.6, 0.0,289.9, 11.6, 1.6
312,15,31,24,792,81.9, 17.5, 131.1,0.0, 202.2, 0.0,289.2, 19.1, 1.7
313,15,31,25,299,84.1, 17.1, 132.2,0.0, 230.2, 0.0,288.4, 47.0, 1.7
314,15,31,25,806,85.4, 16.7, 133.5,0.0, 236.4, 0.0,307.3, 54.2, 0.9