id,hour,min,sec,ms,xpos,ypos,zpos,uMousePos,vMousePos,wMousePos,uGazePos,vGazePos,wGazePos
212,15,14,31,691,20.8, 17.2, -5.4,0.0, 350.3, 0.0,347.2, 350.3, 0.0
213,15,14,32,191,20.1, 17.7, -3.1,0.0, 311.4, 0.0,345.8, 311.4, 0.0
214,15,14,32,696,20.1, 18.2, -0.7,0.0, 317.2, 0.0,343.7, 317.2, 0.0
215,15,14,33,207,19.1, 18.6, 1.0,0.0, 194.1, 0.0,348.5, 194.1, 0.0
216,15,14,33,722,18.8, 18.8, 3.2,0.0, 162.1, 0.0,346.0, 162.1, 0.0
217,15,14,34,226,18.6, 18.8, 5.5,0.0, 152.2, 0.0,347.6, 152.2, 0.0
218,15,14,34,732,18.5, 18.8, 7.7,0.0, 149.9, 0.0,353.5, 149.9, 0.0
219,15,14,35,240,20.0, 18.7, 9.6,0.0, 192.1, 0.0,346.3, 192.1, 0.0
220,15,14,35,753,20.3, 18.7, 12.1,0.0, 284.7, 0.0,350.1, 284.7, 0.0
221,15,14,36,258,20.6, 18.7, 14.6,0.0, 299.5, 0.0,351.2, 299.5, 0.0
222,15,14,36,774,21.3, 19.0, 16.9,0.0, 354.4, 0.0,346.9, 354.4, 0.0
223,15,14,37,285,20.3, 18.7, 19.1,0.0, 343.9, 0.0,351.9, 343.9, 0.0
224,15,14,37,790,21.0, 18.7, 21.4,0.0, 62.1, 0.0,352.2, 62.1, 0.0
225,15,14,38,300,21.1, 19.1, 23.8,0.0, 105.1, 0.0,0.8, 105.1, 0.0
226,15,14,38,811,20.9, 18.7, 26.2,0.0, 148.9, 0.0,354.8, 148.9, 0.0
227,15,14,39,323,20.1, 18.7, 28.5,0.0, 163.0, 0.0,350.9, 163.0, 0.0
228,15,14,39,824,19.3, 18.7, 30.9,0.0, 159.3, 0.0,351.4, 159.3, 0.0
229,15,14,40,337,19.8, 18.7, 33.3,0.0, 207.7, 0.0,349.4, 207.7, 0.0
230,15,14,40,853,20.5, 18.7, 35.8,0.0, 257.6, 0.0,351.8, 257.6, 0.0
231,15,14,41,365,19.5, 18.7, 37.9,0.0, 310.7, 0.0,350.9, 310.7, 0.0
232,15,14,41,877,19.8, 18.7, 40.5,0.0, 329.1, 0.0,350.6, 329.1, 0.0
233,15,14,42,391,19.5, 18.7, 43.1,0.0, 355.7, 0.0,347.9, 355.7, 0.0
234,15,14,42,905,19.3, 18.7, 45.6,0.0, 1.2, 0.0,347.5, 1.2, 0.0
235,15,14,43,408,18.7, 18.7, 48.0,0.0, 26.4, 0.0,347.5, 26.4, 0.0
236,15,14,43,917,19.3, 18.7, 50.3,0.0, 93.1, 0.0,349.5, 93.1, 0.0
237,15,14,44,425,19.8, 18.7, 52.8,0.0, 99.7, 0.0,357.0, 99.7, 0.0
238,15,14,44,928,20.3, 18.8, 55.2,0.0, 127.0, 0.0,354.9, 127.0, 0.0
239,15,14,45,428,20.3, 19.1, 57.5,0.0, 102.7, 0.0,352.9, 102.7, 0.0
240,15,14,45,940,19.8, 18.7, 60.0,0.0, 346.0, 0.0,351.8, 346.0, 0.0
241,15,14,46,457,18.3, 18.7, 62.1,0.0, 339.0, 0.0,351.1, 339.0, 0.0
242,15,14,46,957,18.5, 18.7, 64.6,0.0, 318.1, 0.0,351.5, 318.1, 0.0
243,15,14,47,459,17.8, 18.7, 66.9,0.0, 256.1, 0.0,353.3, 256.1, 0.0
244,15,14,47,970,17.1, 18.5, 69.4,0.0, 211.9, 0.0,359.9, 211.9, 0.0
245,15,14,48,473,17.7, 18.1, 71.6,0.0, 185.4, 0.0,353.6, 185.4, 0.0
246,15,14,49,2,19.7, 18.0, 73.3,0.0, 188.2, 0.0,353.3, 188.2, 0.0
247,15,14,49,506,20.5, 17.9, 74.8,0.0, 333.3, 0.0,349.1, 333.3, 0.0
248,15,14,50,23,22.2, 17.8, 76.3,0.0, 353.2, 0.0,347.9, 353.2, 0.0
249,15,14,50,525,22.7, 17.6, 78.7,0.0, 16.5, 0.0,350.1, 16.5, 0.0
250,15,14,51,42,23.1, 17.7, 81.2,0.0, 16.5, 0.0,350.1, 16.5, 0.0
251,15,14,51,557,23.6, 17.7, 83.8,0.0, 39.9, 0.0,350.1, 39.9, 0.0
252,15,14,52,60,24.1, 17.7, 86.2,0.0, 69.1, 0.0,341.3, 69.1, 0.0
253,15,14,52,574,24.3, 17.6, 88.7,0.0, 354.3, 0.0,341.0, 354.3, 0.0
254,15,14,53,90,24.5, 17.4, 91.3,0.0, 330.1, 0.0,338.2, 330.1, 0.0
255,15,14,53,591,24.0, 17.1, 93.6,0.0, 290.5, 0.0,337.9, 290.5, 0.0
256,15,14,54,94,24.2, 16.9, 95.8,0.0, 352.0, 0.0,341.7, 352.0, 0.0
257,15,14,54,608,26.3, 16.8, 97.2,0.0, 29.0, 0.0,345.3, 29.0, 0.0
258,15,14,55,107,27.7, 16.8, 99.3,0.0, 43.3, 0.0,348.2, 43.3, 0.0
259,15,14,55,624,28.8, 16.9, 101.5,0.0, 47.7, 0.0,348.3, 47.7, 0.0
260,15,14,56,125,30.0, 17.2, 103.6,0.0, 48.7, 0.0,348.3, 48.7, 0.0
261,15,14,56,625,31.1, 17.4, 105.9,0.0, 72.2, 0.0,345.4, 72.2, 0.0
262,15,14,57,127,32.2, 17.6, 108.1,0.0, 72.4, 0.0,345.4, 72.4, 0.0
263,15,14,57,638,33.9, 17.7, 110.0,0.0, 114.4, 0.0,340.7, 114.4, 0.0
264,15,14,58,144,35.7, 17.7, 111.5,0.0, 75.4, 0.0,342.0, 75.4, 0.0
265,15,14,58,658,37.5, 17.6, 113.4,0.0, 46.8, 0.0,349.2, 46.8, 0.0
266,15,14,59,160,38.9, 17.5, 115.4,0.0, 312.1, 0.0,349.4, 312.1, 0.0
267,15,14,59,698,40.3, 17.1, 117.7,0.0, 220.3, 0.0,351.0, 220.3, 0.0
268,15,15,00,202,41.8, 17.0, 119.7,0.0, 216.8, 0.0,353.0, 216.8, 0.0
269,15,15,00,704,42.9, 16.9, 121.9,0.0, 188.5, 0.0,352.3, 188.5, 0.0
270,15,15,01,225,43.9, 16.9, 124.2,0.0, 189.9, 0.0,352.0, 189.9, 0.0
271,15,15,01,801,45.2, 17.0, 126.7,0.0, 193.8, 0.0,350.9, 193.8, 0.0
272,15,15,02,308,47.5, 16.9, 127.1,0.0, 230.4, 0.0,347.9, 230.4, 0.0
273,15,15,02,824,49.9, 16.7, 128.1,0.0, 263.1, 0.0,344.2, 263.1, 0.0
274,15,15,03,325,52.3, 16.5, 128.1,0.0, 327.5, 0.0,344.2, 327.5, 0.0
275,15,15,03,828,54.7, 16.4, 127.4,0.0, 82.9, 0.0,351.9, 82.9, 0.0
276,15,15,04,328,57.2, 16.3, 127.5,0.0, 83.8, 0.0,352.7, 83.8, 0.0
277,15,15,04,832,59.7, 16.3, 128.1,0.0, 106.0, 0.0,347.3, 106.0, 0.0
278,15,15,05,335,62.1, 16.3, 128.6,0.0, 109.7, 0.0,345.5, 109.7, 0.0
279,15,15,05,843,64.3, 16.5, 129.8,0.0, 80.0, 0.0,352.2, 80.0, 0.0
280,15,15,06,344,66.8, 16.6, 130.1,0.0, 81.6, 0.0,354.5, 81.6, 0.0
281,15,15,06,860,69.3, 16.7, 130.6,0.0, 78.8, 0.0,357.6, 78.8, 0.0
282,15,15,07,362,71.8, 16.8, 131.0,0.0, 80.5, 0.0,359.0, 80.5, 0.0
283,15,15,07,877,74.3, 17.1, 131.4,0.0, 81.8, 0.0,359.9, 81.8, 0.0
284,15,15,08,378,76.8, 17.5, 131.7,0.0, 80.1, 0.0,2.9, 80.1, 0.0
285,15,15,08,895,79.3, 17.7, 132.1,0.0, 83.0, 0.0,4.3, 83.0, 0.0
286,15,15,09,410,81.9, 17.5, 132.4,0.0, 83.2, 0.0,4.8, 83.2, 0.0
287,15,15,09,912,84.3, 17.0, 132.7,0.0, 83.2, 0.0,4.8, 83.2, 0.0