id,hour,min,sec,ms,xpos,ypos,zpos,uMousePos,vMousePos,wMousePos,uGazePos,vGazePos,wGazePos
0,13,03,12,820,80.8, 18.8, 134.0,0.0, 238.7, 0.0,0.0, 238.7, 0.0
1,13,03,15,340,80.8, 17.6, 134.0,0.0, 247.6, 0.0,351.5, 247.6, 0.0
2,13,03,15,847,80.8, 17.6, 134.0,0.0, 247.6, 0.0,351.5, 247.6, 0.0
3,13,03,16,355,80.8, 17.6, 134.0,0.0, 247.6, 0.0,351.5, 247.6, 0.0
4,13,03,16,891,80.8, 17.6, 134.0,0.0, 247.6, 0.0,351.5, 247.6, 0.0
5,13,03,17,433,80.8, 17.6, 134.0,0.0, 247.6, 0.0,351.5, 247.6, 0.0
6,13,03,17,943,80.8, 17.6, 134.0,0.0, 247.6, 0.0,351.5, 247.6, 0.0
7,13,03,18,465,80.8, 17.6, 134.0,0.0, 247.6, 0.0,351.5, 247.6, 0.0
8,13,03,18,998,80.8, 17.6, 134.0,0.0, 247.6, 0.0,351.5, 247.6, 0.0
9,13,03,19,537,80.8, 17.6, 134.0,0.0, 247.6, 0.0,351.5, 247.6, 0.0
10,13,03,20,49,80.8, 17.6, 134.0,0.0, 247.6, 0.0,351.5, 247.6, 0.0
11,13,03,20,564,80.8, 17.6, 134.0,0.0, 247.6, 0.0,351.5, 247.6, 0.0
12,13,03,21,77,80.8, 17.6, 134.0,0.0, 247.6, 0.0,351.5, 247.6, 0.0
13,13,03,21,589,80.8, 17.6, 134.0,0.0, 247.6, 0.0,351.5, 247.6, 0.0
14,13,03,22,113,80.8, 17.6, 134.0,0.0, 247.6, 0.0,351.5, 247.6, 0.0
15,13,03,22,625,80.8, 17.6, 134.0,0.0, 247.6, 0.0,351.5, 247.6, 0.0
16,13,03,23,129,80.8, 17.6, 134.0,0.0, 167.0, 0.0,326.9, 167.0, 0.0
17,13,03,23,646,80.8, 17.6, 134.0,0.0, 252.6, 0.0,355.7, 252.6, 0.0
18,13,03,24,184,80.8, 17.6, 134.0,0.0, 232.7, 0.0,351.1, 232.7, 0.0
19,13,03,24,695,80.8, 17.6, 134.0,0.0, 232.9, 0.0,351.1, 232.9, 0.0
20,13,03,25,225,80.8, 17.6, 134.0,0.0, 232.9, 0.0,351.1, 232.9, 0.0
21,13,03,25,746,80.8, 17.6, 134.0,0.0, 232.9, 0.0,351.1, 232.9, 0.0
22,13,03,26,251,80.8, 17.6, 134.0,0.0, 232.9, 0.0,351.1, 232.9, 0.0
23,13,03,26,773,80.8, 17.6, 134.0,0.0, 232.9, 0.0,351.1, 232.9, 0.0
24,13,03,27,275,80.8, 17.6, 134.0,0.0, 232.9, 0.0,351.1, 232.9, 0.0
25,13,03,27,786,80.8, 17.6, 134.0,0.0, 232.9, 0.0,351.1, 232.9, 0.0
26,13,03,28,317,80.8, 17.6, 134.0,0.0, 232.9, 0.0,351.1, 232.9, 0.0
27,13,03,28,833,80.8, 17.6, 134.0,0.0, 232.9, 0.0,351.1, 232.9, 0.0
28,13,03,29,338,80.8, 17.6, 134.0,0.0, 185.5, 0.0,328.2, 185.5, 0.0
29,13,03,29,845,80.8, 17.6, 134.0,0.0, 123.8, 0.0,327.0, 123.8, 0.0
30,13,03,30,347,80.8, 17.6, 134.0,0.0, 123.8, 0.0,327.0, 123.8, 0.0
31,13,03,30,858,80.8, 17.6, 134.0,0.0, 163.9, 0.0,355.6, 163.9, 0.0
32,13,03,31,358,80.8, 17.6, 134.0,0.0, 121.5, 0.0,351.1, 121.5, 0.0
33,13,03,31,864,80.8, 17.6, 134.0,0.0, 90.5, 0.0,352.7, 90.5, 0.0
34,13,03,32,365,80.8, 17.6, 134.0,0.0, 100.5, 0.0,15.5, 100.5, 0.0
35,13,03,32,881,80.8, 17.6, 134.0,0.0, 98.6, 0.0,13.6, 98.6, 0.0
36,13,03,33,395,80.8, 17.6, 134.0,0.0, 60.3, 0.0,15.5, 60.3, 0.0
37,13,03,33,897,80.8, 17.6, 134.0,0.0, 26.9, 0.0,11.6, 26.9, 0.0
38,13,03,34,398,80.8, 17.6, 134.0,0.0, 345.4, 0.0,359.5, 345.4, 0.0
39,13,03,34,898,80.8, 17.6, 134.0,0.0, 338.0, 0.0,348.8, 338.0, 0.0
40,13,03,35,414,80.8, 17.6, 134.0,0.0, 319.9, 0.0,350.0, 319.9, 0.0
41,13,03,35,931,80.8, 17.6, 134.0,0.0, 295.9, 0.0,351.5, 295.9, 0.0
42,13,03,36,447,80.8, 17.6, 134.0,0.0, 295.9, 0.0,351.5, 295.9, 0.0
43,13,03,36,953,80.8, 17.6, 134.0,0.0, 262.5, 0.0,355.4, 262.5, 0.0
44,13,03,37,468,80.8, 17.6, 134.0,0.0, 266.6, 0.0,354.1, 266.6, 0.0
45,13,03,38,5,78.4, 17.8, 133.8,0.0, 266.5, 0.0,354.7, 266.5, 0.0
46,13,03,38,508,76.0, 17.7, 133.6,0.0, 264.9, 0.0,355.0, 264.9, 0.0
47,13,03,39,14,73.5, 17.4, 133.3,0.0, 263.0, 0.0,355.0, 263.0, 0.0
48,13,03,39,546,70.9, 17.2, 133.8,0.0, 250.3, 0.0,356.8, 250.3, 0.0
49,13,03,40,64,68.5, 17.0, 134.3,0.0, 226.0, 0.0,356.7, 226.0, 0.0
50,13,03,40,568,66.9, 17.0, 132.4,0.0, 223.3, 0.0,356.5, 223.3, 0.0
51,13,03,41,96,64.9, 16.7, 130.7,0.0, 242.3, 0.0,355.1, 242.3, 0.0
52,13,03,41,606,62.5, 16.5, 129.8,0.0, 251.7, 0.0,354.0, 251.7, 0.0
53,13,03,42,117,60.1, 16.4, 129.0,0.0, 251.7, 0.0,352.7, 251.7, 0.0
54,13,03,42,620,57.8, 16.4, 128.2,0.0, 250.8, 0.0,352.4, 250.8, 0.0
55,13,03,43,120,55.4, 16.4, 127.4,0.0, 249.8, 0.0,352.4, 249.8, 0.0
56,13,03,43,635,53.0, 16.4, 126.5,0.0, 249.5, 0.0,352.4, 249.5, 0.0
57,13,03,44,141,50.7, 16.4, 125.4,0.0, 239.6, 0.0,352.4, 239.6, 0.0
58,13,03,44,644,50.6, 16.4, 125.3,0.0, 279.7, 0.0,351.1, 279.7, 0.0
59,13,03,45,147,50.6, 16.4, 125.3,0.0, 15.3, 0.0,329.9, 15.3, 0.0
60,13,03,45,648,50.6, 16.4, 125.3,0.0, 80.6, 0.0,4.2, 80.6, 0.0
61,13,03,46,149,51.3, 16.4, 125.4,0.0, 77.6, 0.0,358.3, 77.6, 0.0
62,13,03,46,649,53.7, 16.3, 125.9,0.0, 76.8, 0.0,358.1, 76.8, 0.0
63,13,03,47,164,56.2, 16.3, 126.8,0.0, 67.7, 0.0,356.9, 67.7, 0.0
64,13,03,47,665,58.5, 16.3, 127.7,0.0, 67.6, 0.0,356.6, 67.6, 0.0
65,13,03,48,166,60.7, 16.4, 128.8,0.0, 60.2, 0.0,353.9, 60.2, 0.0
66,13,03,48,680,62.9, 16.5, 130.0,0.0, 60.2, 0.0,353.0, 60.2, 0.0
67,13,03,49,181,65.1, 16.8, 131.1,0.0, 63.0, 0.0,352.0, 63.0, 0.0
68,13,03,49,681,67.3, 17.0, 132.2,0.0, 63.0, 0.0,352.0, 63.0, 0.0
69,13,03,50,184,69.8, 17.1, 133.1,0.0, 81.7, 0.0,0.5, 81.7, 0.0
70,13,03,50,699,72.3, 17.3, 133.3,0.0, 87.9, 0.0,357.2, 87.9, 0.0
71,13,03,51,199,74.7, 17.5, 133.4,0.0, 86.0, 0.0,358.6, 86.0, 0.0
72,13,03,51,701,76.7, 17.7, 133.4,0.0, 96.2, 0.0,355.0, 96.2, 0.0
73,13,03,52,210,76.7, 17.7, 133.4,0.0, 143.7, 0.0,352.9, 143.7, 0.0
74,13,03,52,729,76.7, 17.7, 133.4,0.0, 174.8, 0.0,343.8, 174.8, 0.0
75,13,03,53,252,76.7, 17.7, 133.4,0.0, 174.8, 0.0,343.8, 174.8, 0.0
76,13,03,53,766,76.7, 17.7, 133.4,0.0, 203.3, 0.0,338.5, 203.3, 0.0
77,13,03,54,277,76.7, 17.7, 133.4,0.0, 228.0, 0.0,349.9, 228.0, 0.0
78,13,03,54,784,76.7, 17.7, 133.4,0.0, 242.4, 0.0,354.1, 242.4, 0.0
79,13,03,55,295,76.7, 17.7, 133.4,0.0, 253.6, 0.0,348.5, 253.6, 0.0
80,13,03,55,831,76.7, 17.7, 133.4,0.0, 253.6, 0.0,348.5, 253.6, 0.0
81,13,03,56,334,76.7, 17.7, 133.4,0.0, 250.4, 0.0,350.1, 250.4, 0.0
82,13,03,56,840,76.7, 17.7, 133.4,0.0, 250.2, 0.0,350.1, 250.2, 0.0
83,13,03,57,341,76.7, 17.7, 133.4,0.0, 250.2, 0.0,350.1, 250.2, 0.0
84,13,03,57,846,76.7, 17.7, 133.4,0.0, 250.1, 0.0,350.1, 250.1, 0.0
85,13,03,58,362,76.7, 17.7, 133.4,0.0, 250.1, 0.0,350.1, 250.1, 0.0
86,13,03,58,866,76.7, 17.7, 133.4,0.0, 250.1, 0.0,350.1, 250.1, 0.0
87,13,03,59,400,76.7, 17.7, 133.4,0.0, 250.1, 0.0,350.1, 250.1, 0.0
88,13,03,59,924,76.7, 17.7, 133.4,0.0, 250.1, 0.0,350.1, 250.1, 0.0
89,13,04,00,425,76.7, 17.7, 133.4,0.0, 250.1, 0.0,350.1, 250.1, 0.0
90,13,04,00,955,76.7, 17.7, 133.4,0.0, 250.1, 0.0,350.1, 250.1, 0.0
91,13,04,01,468,76.7, 17.7, 133.4,0.0, 250.1, 0.0,350.1, 250.1, 0.0
92,13,04,02,8,76.7, 17.7, 133.4,0.0, 250.1, 0.0,350.1, 250.1, 0.0
93,13,04,02,518,76.7, 17.7, 133.4,0.0, 250.1, 0.0,350.1, 250.1, 0.0
94,13,04,03,32,76.7, 17.7, 133.4,0.0, 250.1, 0.0,350.1, 250.1, 0.0
95,13,04,03,570,76.7, 17.7, 133.4,0.0, 250.1, 0.0,350.1, 250.1, 0.0
96,13,04,04,83,76.7, 17.7, 133.4,0.0, 250.1, 0.0,350.1, 250.1, 0.0
97,13,04,04,591,76.7, 17.7, 133.4,0.0, 250.1, 0.0,350.1, 250.1, 0.0
98,13,04,05,102,76.7, 17.7, 133.4,0.0, 250.1, 0.0,350.1, 250.1, 0.0
99,13,04,05,640,76.7, 17.7, 133.4,0.0, 250.1, 0.0,350.1, 250.1, 0.0
100,13,04,06,156,76.7, 17.7, 133.4,0.0, 250.1, 0.0,350.1, 250.1, 0.0
101,13,04,06,690,76.7, 17.7, 133.4,0.0, 250.1, 0.0,350.1, 250.1, 0.0
102,13,04,07,222,76.7, 17.7, 133.4,0.0, 250.1, 0.0,350.1, 250.1, 0.0
103,13,04,07,743,76.7, 17.7, 133.4,0.0, 250.1, 0.0,350.1, 250.1, 0.0
104,13,04,08,252,76.7, 17.7, 133.4,0.0, 250.1, 0.0,350.1, 250.1, 0.0
105,13,04,08,780,76.7, 17.7, 133.4,0.0, 250.1, 0.0,350.1, 250.1, 0.0
106,13,04,09,306,76.7, 17.7, 133.4,0.0, 250.1, 0.0,350.1, 250.1, 0.0
107,13,04,09,838,76.7, 17.7, 133.4,0.0, 250.1, 0.0,350.1, 250.1, 0.0
108,13,04,10,364,76.7, 17.7, 133.4,0.0, 250.1, 0.0,350.1, 250.1, 0.0
109,13,04,10,872,76.7, 17.7, 133.4,0.0, 250.1, 0.0,350.1, 250.1, 0.0
110,13,04,11,383,76.7, 17.7, 133.4,0.0, 250.1, 0.0,350.1, 250.1, 0.0
111,13,04,11,942,76.7, 17.7, 133.4,0.0, 250.1, 0.0,350.1, 250.1, 0.0
112,13,04,12,484,76.7, 17.7, 133.4,0.0, 250.1, 0.0,350.1, 250.1, 0.0
113,13,04,13,13,76.7, 17.7, 133.4,0.0, 250.1, 0.0,350.1, 250.1, 0.0
114,13,04,13,525,76.7, 17.7, 133.4,0.0, 250.1, 0.0,350.1, 250.1, 0.0
115,13,04,14,62,76.7, 17.7, 133.4,0.0, 250.1, 0.0,350.1, 250.1, 0.0
116,13,04,14,566,76.7, 17.7, 133.4,0.0, 250.1, 0.0,350.1, 250.1, 0.0
117,13,04,15,115,76.7, 17.7, 133.4,0.0, 250.1, 0.0,350.1, 250.1, 0.0
118,13,04,15,615,76.7, 17.7, 133.4,0.0, 250.1, 0.0,350.1, 250.1, 0.0
119,13,04,16,174,76.7, 17.7, 133.4,0.0, 250.1, 0.0,350.1, 250.1, 0.0
120,13,04,16,691,76.7, 17.7, 133.4,0.0, 250.1, 0.0,350.1, 250.1, 0.0
121,13,04,17,218,76.7, 17.7, 133.4,0.0, 250.1, 0.0,350.1, 250.1, 0.0
122,13,04,17,725,76.7, 17.7, 133.4,0.0, 250.1, 0.0,350.1, 250.1, 0.0
123,13,04,18,244,76.7, 17.7, 133.4,0.0, 250.1, 0.0,350.1, 250.1, 0.0
124,13,04,18,812,76.7, 17.7, 133.4,0.0, 250.1, 0.0,350.1, 250.1, 0.0
125,13,04,19,326,76.7, 17.7, 133.4,0.0, 250.1, 0.0,350.1, 250.1, 0.0
126,13,04,19,836,76.7, 17.7, 133.4,0.0, 250.1, 0.0,350.1, 250.1, 0.0
127,13,04,20,366,76.7, 17.7, 133.4,0.0, 250.1, 0.0,350.1, 250.1, 0.0
128,13,04,20,917,76.7, 17.7, 133.4,0.0, 250.1, 0.0,350.1, 250.1, 0.0
129,13,04,21,454,76.7, 17.7, 133.4,0.0, 250.1, 0.0,350.1, 250.1, 0.0
130,13,04,21,997,76.7, 17.7, 133.4,0.0, 250.1, 0.0,350.1, 250.1, 0.0
131,13,04,22,509,76.7, 17.7, 133.4,0.0, 250.1, 0.0,350.1, 250.1, 0.0
132,13,04,23,13,76.7, 17.7, 133.4,0.0, 250.1, 0.0,350.1, 250.1, 0.0
133,13,04,23,581,76.7, 17.7, 133.4,0.0, 250.1, 0.0,350.1, 250.1, 0.0
134,13,04,24,121,76.7, 17.7, 133.4,0.0, 250.1, 0.0,350.1, 250.1, 0.0
135,13,04,24,662,76.7, 17.7, 133.4,0.0, 250.1, 0.0,350.1, 250.1, 0.0
136,13,04,25,198,76.7, 17.7, 133.4,0.0, 250.1, 0.0,350.1, 250.1, 0.0
137,13,04,25,723,76.7, 17.7, 133.4,0.0, 250.1, 0.0,350.1, 250.1, 0.0
138,13,04,26,240,76.7, 17.7, 133.4,0.0, 250.1, 0.0,350.1, 250.1, 0.0
139,13,04,26,813,76.7, 17.7, 133.4,0.0, 250.1, 0.0,350.1, 250.1, 0.0
140,13,04,27,354,76.7, 17.7, 133.4,0.0, 250.1, 0.0,350.1, 250.1, 0.0
141,13,04,27,881,76.7, 17.7, 133.4,0.0, 250.1, 0.0,350.1, 250.1, 0.0
142,13,04,28,387,76.7, 17.7, 133.4,0.0, 250.1, 0.0,350.1, 250.1, 0.0
143,13,04,28,931,76.7, 17.7, 133.4,0.0, 250.1, 0.0,350.1, 250.1, 0.0
144,13,04,29,435,76.7, 17.7, 133.4,0.0, 250.1, 0.0,350.1, 250.1, 0.0
145,13,04,29,976,76.7, 17.7, 133.4,0.0, 250.1, 0.0,350.1, 250.1, 0.0
146,13,04,30,476,76.7, 17.7, 133.4,0.0, 250.1, 0.0,350.1, 250.1, 0.0
147,13,04,31,10,76.7, 17.7, 133.4,0.0, 250.1, 0.0,350.1, 250.1, 0.0
148,13,04,31,515,76.7, 17.7, 133.4,0.0, 250.1, 0.0,350.1, 250.1, 0.0
149,13,04,32,34,76.7, 17.7, 133.4,0.0, 250.1, 0.0,350.1, 250.1, 0.0
150,13,04,32,539,76.7, 17.7, 133.4,0.0, 250.1, 0.0,350.1, 250.1, 0.0
151,13,04,33,47,76.7, 17.7, 133.4,0.0, 250.1, 0.0,350.1, 250.1, 0.0
152,13,04,33,568,76.7, 17.7, 133.4,0.0, 250.1, 0.0,350.1, 250.1, 0.0
153,13,04,34,77,76.7, 17.7, 133.4,0.0, 250.1, 0.0,350.1, 250.1, 0.0
154,13,04,34,595,76.7, 17.7, 133.4,0.0, 250.1, 0.0,350.1, 250.1, 0.0
155,13,04,35,132,76.7, 17.7, 133.4,0.0, 250.1, 0.0,350.1, 250.1, 0.0
156,13,04,35,649,76.7, 17.7, 133.4,0.0, 250.1, 0.0,350.1, 250.1, 0.0
157,13,04,36,176,76.7, 17.7, 133.4,0.0, 250.1, 0.0,350.1, 250.1, 0.0
158,13,04,36,679,76.7, 17.7, 133.4,0.0, 250.1, 0.0,350.1, 250.1, 0.0
159,13,04,37,207,76.7, 17.7, 133.4,0.0, 250.1, 0.0,350.1, 250.1, 0.0
160,13,04,37,707,76.7, 17.7, 133.4,0.0, 250.1, 0.0,350.1, 250.1, 0.0
161,13,04,38,231,76.7, 17.7, 133.4,0.0, 250.1, 0.0,350.1, 250.1, 0.0
162,13,04,38,744,76.7, 17.7, 133.4,0.0, 250.1, 0.0,350.1, 250.1, 0.0
163,13,04,39,273,76.7, 17.7, 133.4,0.0, 250.1, 0.0,350.1, 250.1, 0.0
164,13,04,39,804,76.7, 17.7, 133.4,0.0, 250.1, 0.0,350.1, 250.1, 0.0
165,13,04,40,320,76.7, 17.7, 133.4,0.0, 250.1, 0.0,350.1, 250.1, 0.0
166,13,04,40,854,76.7, 17.7, 133.4,0.0, 250.1, 0.0,350.1, 250.1, 0.0
167,13,04,41,373,76.7, 17.7, 133.4,0.0, 250.1, 0.0,350.1, 250.1, 0.0
168,13,04,41,874,76.7, 17.7, 133.4,0.0, 250.1, 0.0,350.1, 250.1, 0.0
169,13,04,42,404,76.7, 17.7, 133.4,0.0, 250.1, 0.0,350.1, 250.1, 0.0
170,13,04,42,910,76.7, 17.7, 133.4,0.0, 250.1, 0.0,350.1, 250.1, 0.0
171,13,04,43,435,76.7, 17.7, 133.4,0.0, 250.1, 0.0,350.1, 250.1, 0.0
172,13,04,43,968,76.7, 17.7, 133.4,0.0, 250.1, 0.0,350.1, 250.1, 0.0
173,13,04,44,485,76.7, 17.7, 133.4,0.0, 250.1, 0.0,350.1, 250.1, 0.0
174,13,04,45,28,76.7, 17.7, 133.4,0.0, 250.1, 0.0,350.1, 250.1, 0.0
175,13,04,45,534,76.7, 17.7, 133.4,0.0, 250.1, 0.0,350.1, 250.1, 0.0
176,13,04,46,40,76.7, 17.7, 133.4,0.0, 250.1, 0.0,350.1, 250.1, 0.0
177,13,04,46,585,76.7, 17.7, 133.4,0.0, 250.1, 0.0,350.1, 250.1, 0.0
178,13,04,47,98,76.7, 17.7, 133.4,0.0, 250.1, 0.0,350.1, 250.1, 0.0
179,13,04,47,602,76.7, 17.7, 133.4,0.0, 250.1, 0.0,350.1, 250.1, 0.0
180,13,04,48,144,76.7, 17.7, 133.4,0.0, 250.1, 0.0,350.1, 250.1, 0.0
181,13,04,48,669,76.7, 17.7, 133.4,0.0, 250.1, 0.0,350.1, 250.1, 0.0
182,13,04,49,181,76.7, 17.7, 133.4,0.0, 250.1, 0.0,350.1, 250.1, 0.0
183,13,04,49,707,76.7, 17.7, 133.4,0.0, 250.1, 0.0,350.1, 250.1, 0.0
184,13,04,50,247,76.7, 17.7, 133.4,0.0, 250.1, 0.0,350.1, 250.1, 0.0
185,13,04,50,782,76.7, 17.7, 133.4,0.0, 250.1, 0.0,350.1, 250.1, 0.0
186,13,04,51,333,76.7, 17.7, 133.4,0.0, 250.1, 0.0,350.1, 250.1, 0.0
187,13,04,51,838,76.7, 17.7, 133.4,0.0, 250.1, 0.0,350.1, 250.1, 0.0
188,13,04,52,379,76.7, 17.7, 133.4,0.0, 250.1, 0.0,350.1, 250.1, 0.0
189,13,04,52,882,76.7, 17.7, 133.4,0.0, 250.1, 0.0,350.1, 250.1, 0.0
190,13,04,53,402,76.7, 17.7, 133.4,0.0, 250.1, 0.0,350.1, 250.1, 0.0
191,13,04,53,916,76.7, 17.7, 133.4,0.0, 250.1, 0.0,350.1, 250.1, 0.0
192,13,04,54,428,76.7, 17.7, 133.4,0.0, 250.1, 0.0,350.1, 250.1, 0.0
193,13,04,54,967,76.7, 17.7, 133.4,0.0, 250.1, 0.0,350.1, 250.1, 0.0
194,13,04,55,476,76.7, 17.7, 133.4,0.0, 250.1, 0.0,350.1, 250.1, 0.0
195,13,04,55,982,76.7, 17.7, 133.4,0.0, 250.1, 0.0,350.1, 250.1, 0.0
196,13,04,56,522,76.7, 17.7, 133.4,0.0, 250.1, 0.0,350.1, 250.1, 0.0
197,13,04,57,38,76.7, 17.7, 133.4,0.0, 250.1, 0.0,350.1, 250.1, 0.0
198,13,04,57,544,76.7, 17.7, 133.4,0.0, 250.1, 0.0,350.1, 250.1, 0.0
199,13,04,58,80,76.7, 17.7, 133.4,0.0, 250.1, 0.0,350.1, 250.1, 0.0
200,13,04,58,617,76.7, 17.7, 133.4,0.0, 250.1, 0.0,350.1, 250.1, 0.0
201,13,04,59,153,76.7, 17.7, 133.4,0.0, 250.1, 0.0,350.1, 250.1, 0.0
202,13,04,59,687,76.7, 17.7, 133.4,0.0, 250.1, 0.0,350.1, 250.1, 0.0
203,13,05,00,212,76.7, 17.7, 133.4,0.0, 250.1, 0.0,350.1, 250.1, 0.0
204,13,05,00,738,76.7, 17.7, 133.4,0.0, 250.1, 0.0,350.1, 250.1, 0.0
205,13,05,01,265,76.7, 17.7, 133.4,0.0, 250.1, 0.0,350.1, 250.1, 0.0
206,13,05,01,797,76.7, 17.7, 133.4,0.0, 250.1, 0.0,350.1, 250.1, 0.0
207,13,05,02,312,76.7, 17.7, 133.4,0.0, 250.1, 0.0,350.1, 250.1, 0.0
208,13,05,02,825,76.7, 17.7, 133.4,0.0, 250.1, 0.0,350.1, 250.1, 0.0
209,13,05,03,390,76.7, 17.7, 133.4,0.0, 250.1, 0.0,350.1, 250.1, 0.0
210,13,05,03,931,76.7, 17.7, 133.4,0.0, 250.1, 0.0,350.1, 250.1, 0.0
211,13,05,04,456,76.7, 17.7, 133.4,0.0, 250.1, 0.0,350.1, 250.1, 0.0
212,13,05,04,972,76.7, 17.7, 133.4,0.0, 250.1, 0.0,350.1, 250.1, 0.0
213,13,05,05,520,76.7, 17.7, 133.4,0.0, 250.1, 0.0,350.1, 250.1, 0.0
214,13,05,06,42,76.7, 17.7, 133.4,0.0, 250.1, 0.0,350.1, 250.1, 0.0
215,13,05,06,603,76.7, 17.7, 133.4,0.0, 250.1, 0.0,350.1, 250.1, 0.0
216,13,05,07,113,76.7, 17.7, 133.4,0.0, 250.1, 0.0,350.1, 250.1, 0.0
217,13,05,07,621,76.7, 17.7, 133.4,0.0, 250.1, 0.0,350.1, 250.1, 0.0
218,13,05,08,147,76.7, 17.7, 133.4,0.0, 250.1, 0.0,350.1, 250.1, 0.0
219,13,05,08,676,76.7, 17.7, 133.4,0.0, 250.1, 0.0,350.1, 250.1, 0.0
220,13,05,09,181,76.7, 17.7, 133.4,0.0, 250.1, 0.0,350.1, 250.1, 0.0
221,13,05,09,698,76.7, 17.7, 133.4,0.0, 250.1, 0.0,350.1, 250.1, 0.0
222,13,05,10,210,76.7, 17.7, 133.4,0.0, 250.1, 0.0,350.1, 250.1, 0.0
223,13,05,10,741,76.7, 17.7, 133.4,0.0, 250.1, 0.0,350.1, 250.1, 0.0
224,13,05,11,251,76.7, 17.7, 133.4,0.0, 250.1, 0.0,350.1, 250.1, 0.0
225,13,05,11,755,76.7, 17.7, 133.4,0.0, 250.1, 0.0,350.1, 250.1, 0.0
226,13,05,12,256,76.7, 17.7, 133.4,0.0, 250.1, 0.0,350.1, 250.1, 0.0
227,13,05,12,765,76.7, 17.7, 133.4,0.0, 250.1, 0.0,350.1, 250.1, 0.0
228,13,05,13,289,76.7, 17.7, 133.4,0.0, 250.1, 0.0,350.1, 250.1, 0.0
229,13,05,13,817,76.7, 17.7, 133.4,0.0, 250.1, 0.0,350.1, 250.1, 0.0
230,13,05,14,341,76.7, 17.7, 133.4,0.0, 250.1, 0.0,350.1, 250.1, 0.0
231,13,05,14,845,76.7, 17.7, 133.4,0.0, 250.1, 0.0,350.1, 250.1, 0.0
232,13,05,15,369,76.7, 17.7, 133.4,0.0, 250.1, 0.0,350.1, 250.1, 0.0
233,13,05,15,871,76.7, 17.7, 133.4,0.0, 250.1, 0.0,350.1, 250.1, 0.0
234,13,05,16,375,76.7, 17.7, 133.4,0.0, 250.1, 0.0,350.1, 250.1, 0.0
235,13,05,16,876,76.7, 17.7, 133.4,0.0, 250.1, 0.0,350.1, 250.1, 0.0
236,13,05,17,394,76.7, 17.7, 133.4,0.0, 250.1, 0.0,350.1, 250.1, 0.0
237,13,05,17,939,76.7, 17.7, 133.4,0.0, 250.1, 0.0,350.1, 250.1, 0.0
238,13,05,18,488,76.7, 17.7, 133.4,0.0, 250.1, 0.0,350.1, 250.1, 0.0
239,13,05,19,31,76.7, 17.7, 133.4,0.0, 250.1, 0.0,350.1, 250.1, 0.0
240,13,05,19,538,76.7, 17.7, 133.4,0.0, 250.1, 0.0,350.1, 250.1, 0.0
241,13,05,20,77,76.7, 17.7, 133.4,0.0, 250.1, 0.0,350.1, 250.1, 0.0
242,13,05,20,580,76.7, 17.7, 133.4,0.0, 250.1, 0.0,350.1, 250.1, 0.0
243,13,05,21,117,76.7, 17.7, 133.4,0.0, 250.1, 0.0,350.1, 250.1, 0.0
244,13,05,21,660,76.7, 17.7, 133.4,0.0, 250.1, 0.0,350.1, 250.1, 0.0
245,13,05,22,191,76.7, 17.7, 133.4,0.0, 250.1, 0.0,350.1, 250.1, 0.0
246,13,05,22,729,76.7, 17.7, 133.4,0.0, 250.1, 0.0,350.1, 250.1, 0.0
247,13,05,23,261,76.7, 17.7, 133.4,0.0, 222.2, 0.0,354.3, 222.2, 0.0
248,13,05,23,789,76.7, 17.7, 133.4,0.0, 176.0, 0.0,3.6, 176.0, 0.0
249,13,05,24,295,76.7, 17.7, 133.4,0.0, 173.7, 0.0,5.1, 173.7, 0.0
250,13,05,24,795,76.7, 17.7, 133.4,0.0, 101.9, 0.0,15.3, 101.9, 0.0
251,13,05,25,297,76.7, 17.7, 133.4,0.0, 102.3, 0.0,10.9, 102.3, 0.0
252,13,05,25,801,76.7, 17.7, 133.4,0.0, 93.6, 0.0,356.9, 93.6, 0.0
253,13,05,26,310,76.7, 17.7, 133.4,0.0, 88.8, 0.0,359.4, 88.8, 0.0
254,13,05,26,811,76.7, 17.7, 133.4,0.0, 88.8, 0.0,359.4, 88.8, 0.0
255,13,05,27,329,76.7, 17.7, 133.4,0.0, 86.0, 0.0,357.4, 86.0, 0.0
256,13,05,27,832,76.7, 17.7, 133.4,0.0, 104.9, 0.0,338.9, 104.9, 0.0
257,13,05,28,345,76.7, 17.7, 133.4,0.0, 102.5, 0.0,352.1, 102.5, 0.0
258,13,05,28,847,76.7, 17.7, 133.4,0.0, 102.9, 0.0,356.2, 102.9, 0.0
259,13,05,29,370,76.7, 17.7, 133.4,0.0, 100.1, 0.0,0.2, 100.1, 0.0
260,13,05,29,870,76.7, 17.7, 133.4,0.0, 95.2, 0.0,14.3, 95.2, 0.0
261,13,05,30,378,77.2, 17.8, 133.3,0.0, 90.9, 0.0,17.6, 90.9, 0.0
262,13,05,30,895,79.8, 17.7, 133.6,0.0, 81.5, 0.0,16.9, 81.5, 0.0
263,13,05,31,395,81.6, 17.5, 133.9,0.0, 66.6, 0.0,11.8, 66.6, 0.0
264,13,05,31,896,81.6, 17.5, 133.9,0.0, 99.2, 0.0,17.9, 99.2, 0.0
265,13,05,32,415,81.6, 17.5, 133.9,0.0, 131.5, 0.0,12.1, 131.5, 0.0
266,13,05,32,943,81.6, 17.5, 133.9,0.0, 144.8, 0.0,7.4, 144.8, 0.0
267,13,05,33,446,81.6, 17.5, 133.9,0.0, 127.4, 0.0,10.7, 127.4, 0.0
268,13,05,33,952,81.6, 17.5, 133.9,0.0, 125.9, 0.0,10.8, 125.9, 0.0
269,13,05,34,465,81.6, 17.5, 133.9,0.0, 125.9, 0.0,10.8, 125.9, 0.0
270,13,05,34,980,81.6, 17.5, 133.9,0.0, 170.3, 0.0,5.0, 170.3, 0.0
271,13,05,35,561,81.6, 17.5, 133.9,0.0, 180.8, 0.0,1.4, 180.8, 0.0
272,13,05,36,63,81.6, 17.5, 133.9,0.0, 229.1, 0.0,347.0, 229.1, 0.0
273,13,05,36,574,81.6, 17.5, 133.9,0.0, 234.4, 0.0,343.7, 234.4, 0.0
274,13,05,37,78,81.6, 17.5, 133.9,0.0, 341.6, 0.0,351.6, 341.6, 0.0
275,13,05,37,579,81.6, 17.5, 133.9,0.0, 44.5, 0.0,349.2, 44.5, 0.0
276,13,05,38,80,81.6, 17.5, 133.9,0.0, 58.5, 0.0,2.0, 58.5, 0.0
277,13,05,38,586,81.6, 17.5, 133.9,0.0, 279.3, 0.0,1.1, 279.3, 0.0
278,13,05,39,108,81.6, 17.5, 133.9,0.0, 249.2, 0.0,3.4, 249.2, 0.0
279,13,05,39,632,80.8, 17.6, 133.8,0.0, 259.0, 0.0,0.1, 259.0, 0.0
280,13,05,40,140,78.3, 17.8, 133.6,0.0, 261.5, 0.0,358.3, 261.5, 0.0
281,13,05,40,644,75.7, 17.6, 133.1,0.0, 259.4, 0.0,357.9, 259.4, 0.0
282,13,05,41,148,73.3, 17.3, 132.7,0.0, 259.5, 0.0,357.6, 259.5, 0.0
283,13,05,41,663,70.8, 17.1, 132.3,0.0, 259.5, 0.0,357.6, 259.5, 0.0
284,13,05,42,177,68.3, 16.9, 131.9,0.0, 259.5, 0.0,357.6, 259.5, 0.0
285,13,05,42,682,65.7, 16.8, 131.4,0.0, 259.5, 0.0,357.6, 259.5, 0.0
286,13,05,43,208,63.2, 16.6, 131.0,0.0, 259.5, 0.0,357.6, 259.5, 0.0
287,13,05,43,722,60.6, 16.5, 130.4,0.0, 258.2, 0.0,357.5, 258.2, 0.0
288,13,05,44,232,58.2, 16.5, 129.8,0.0, 255.6, 0.0,359.9, 255.6, 0.0
289,13,05,44,744,55.7, 16.5, 129.1,0.0, 254.0, 0.0,0.3, 254.0, 0.0
290,13,05,45,261,53.2, 16.5, 128.4,0.0, 253.7, 0.0,357.0, 253.7, 0.0
291,13,05,45,773,50.8, 16.6, 127.7,0.0, 253.0, 0.0,353.3, 253.0, 0.0
292,13,05,46,279,49.3, 16.7, 127.2,0.0, 246.8, 0.0,355.9, 246.8, 0.0
293,13,05,46,782,49.3, 16.7, 127.2,0.0, 256.0, 0.0,357.1, 256.0, 0.0
294,13,05,47,286,49.3, 16.7, 127.2,0.0, 263.7, 0.0,355.1, 263.7, 0.0
295,13,05,47,792,49.3, 16.7, 127.2,0.0, 245.4, 0.0,357.2, 245.4, 0.0
296,13,05,48,334,49.1, 16.7, 127.0,0.0, 234.9, 0.0,7.3, 234.9, 0.0
297,13,05,48,848,46.9, 16.7, 125.5,0.0, 234.4, 0.0,5.0, 234.4, 0.0
298,13,05,49,387,44.8, 16.8, 123.9,0.0, 227.1, 0.0,0.7, 227.1, 0.0
299,13,05,49,886,43.1, 16.9, 122.0,0.0, 216.6, 0.0,358.9, 216.6, 0.0
300,13,05,50,416,41.6, 17.0, 119.9,0.0, 215.5, 0.0,358.8, 215.5, 0.0
301,13,05,50,934,40.1, 17.1, 117.8,0.0, 215.7, 0.0,357.8, 215.7, 0.0
302,13,05,51,450,38.6, 17.5, 115.7,0.0, 216.9, 0.0,353.7, 216.9, 0.0
303,13,05,51,974,37.1, 17.7, 113.6,0.0, 215.6, 0.0,350.4, 215.6, 0.0
304,13,05,52,475,35.6, 17.7, 111.6,0.0, 215.5, 0.0,350.5, 215.5, 0.0
305,13,05,52,999,34.1, 17.7, 109.5,0.0, 215.5, 0.0,350.9, 215.5, 0.0
306,13,05,53,523,32.5, 17.6, 107.3,0.0, 215.5, 0.0,350.9, 215.5, 0.0
307,13,05,54,30,31.1, 17.4, 105.2,0.0, 215.6, 0.0,351.2, 215.6, 0.0
308,13,05,54,558,29.6, 17.1, 103.1,0.0, 213.9, 0.0,345.2, 213.9, 0.0
309,13,05,55,92,28.4, 16.9, 100.7,0.0, 206.2, 0.0,341.0, 206.2, 0.0
310,13,05,55,613,27.1, 16.8, 98.5,0.0, 219.8, 0.0,358.0, 219.8, 0.0
311,13,05,56,143,25.3, 16.8, 96.5,0.0, 219.5, 0.0,356.4, 219.5, 0.0
312,13,05,56,667,23.7, 17.0, 94.4,0.0, 214.3, 0.0,355.0, 214.3, 0.0
313,13,05,57,173,22.6, 17.2, 92.2,0.0, 201.4, 0.0,352.8, 201.4, 0.0
314,13,05,57,703,21.7, 17.4, 89.7,0.0, 201.5, 0.0,352.0, 201.5, 0.0
315,13,05,58,232,22.0, 17.3, 87.2,0.0, 158.2, 0.0,354.2, 158.2, 0.0
316,13,05,58,765,22.9, 17.5, 84.7,0.0, 161.0, 0.0,353.8, 161.0, 0.0
317,13,05,59,287,23.1, 17.6, 82.1,0.0, 185.4, 0.0,357.5, 185.4, 0.0
318,13,05,59,794,22.6, 17.6, 79.7,0.0, 194.6, 0.0,0.3, 194.6, 0.0
319,13,06,00,307,21.7, 17.6, 77.2,0.0, 203.2, 0.0,0.8, 203.2, 0.0
320,13,06,00,809,20.5, 17.8, 75.1,0.0, 217.0, 0.0,358.7, 217.0, 0.0
321,13,06,01,334,19.4, 18.1, 72.8,0.0, 192.8, 0.0,356.2, 192.8, 0.0
322,13,06,01,861,19.0, 18.3, 71.1,0.0, 184.0, 0.0,1.3, 184.0, 0.0
323,13,06,02,385,19.1, 18.4, 70.8,0.0, 168.2, 0.0,21.1, 168.2, 0.0
324,13,06,02,914,19.3, 18.9, 68.2,0.0, 183.7, 0.0,19.6, 183.7, 0.0
325,13,06,03,425,19.6, 18.7, 65.7,0.0, 165.0, 0.0,18.5, 165.0, 0.0
326,13,06,03,929,20.1, 18.8, 63.3,0.0, 168.8, 0.0,18.2, 168.8, 0.0
327,13,06,04,454,20.2, 19.0, 60.7,0.0, 189.9, 0.0,18.5, 189.9, 0.0
328,13,06,04,957,19.7, 18.7, 58.4,0.0, 188.0, 0.0,25.7, 188.0, 0.0
329,13,06,05,469,19.4, 18.7, 55.8,0.0, 185.9, 0.0,18.9, 185.9, 0.0
330,13,06,05,978,19.2, 18.7, 53.3,0.0, 183.6, 0.0,17.9, 183.6, 0.0
331,13,06,06,482,19.0, 18.7, 50.7,0.0, 183.5, 0.0,17.9, 183.5, 0.0
332,13,06,06,993,18.9, 18.7, 48.2,0.0, 183.5, 0.0,17.9, 183.5, 0.0
333,13,06,07,510,18.7, 18.7, 45.6,0.0, 183.5, 0.0,17.9, 183.5, 0.0
334,13,06,08,27,18.6, 18.7, 43.0,0.0, 178.9, 0.0,17.9, 178.9, 0.0
335,13,06,08,533,18.7, 18.7, 40.5,0.0, 177.5, 0.0,11.4, 177.5, 0.0
336,13,06,09,35,18.8, 18.7, 38.0,0.0, 177.5, 0.0,11.4, 177.5, 0.0
337,13,06,09,549,19.0, 18.7, 35.4,0.0, 175.2, 0.0,5.9, 175.2, 0.0
338,13,06,10,52,19.2, 18.7, 32.9,0.0, 175.1, 0.0,5.8, 175.1, 0.0
339,13,06,10,554,19.4, 18.7, 30.4,0.0, 175.1, 0.0,5.8, 175.1, 0.0
340,13,06,11,68,19.6, 18.7, 27.8,0.0, 175.1, 0.0,5.8, 175.1, 0.0
341,13,06,11,584,19.8, 18.7, 25.2,0.0, 178.4, 0.0,358.5, 178.4, 0.0
342,13,06,12,85,19.9, 18.7, 22.7,0.0, 178.3, 0.0,357.3, 178.3, 0.0
343,13,06,12,600,20.0, 18.7, 20.2,0.0, 177.7, 0.0,351.0, 177.7, 0.0
344,13,06,13,102,20.1, 18.7, 17.7,0.0, 177.6, 0.0,350.9, 177.6, 0.0
345,13,06,13,617,20.2, 18.7, 15.2,0.0, 177.5, 0.0,350.9, 177.5, 0.0
346,13,06,14,117,20.3, 18.7, 12.7,0.0, 177.5, 0.0,350.9, 177.5, 0.0
347,13,06,14,617,20.4, 18.7, 10.2,0.0, 177.5, 0.0,350.9, 177.5, 0.0
348,13,06,15,119,20.6, 18.7, 7.7,0.0, 176.8, 0.0,351.7, 176.8, 0.0
349,13,06,15,621,20.7, 18.7, 5.1,0.0, 176.2, 0.0,359.5, 176.2, 0.0
350,13,06,16,133,20.8, 18.7, 2.6,0.0, 177.0, 0.0,10.9, 177.0, 0.0
351,13,06,16,634,21.0, 18.4, 0.1,0.0, 172.5, 0.0,355.6, 172.5, 0.0
352,13,06,17,134,21.4, 17.8, -2.3,0.0, 171.1, 0.0,350.5, 171.1, 0.0
353,13,06,17,653,21.6, 17.3, -4.8,0.0, 176.7, 0.0,358.1, 176.7, 0.0
354,13,06,18,167,21.7, 16.7, -7.3,0.0, 175.7, 0.0,358.6, 175.7, 0.0
355,13,06,18,670,22.0, 16.3, -9.8,0.0, 176.1, 0.0,359.0, 176.1, 0.0
356,13,06,19,172,21.2, 16.2, -12.0,0.0, 160.0, 0.0,1.6, 160.0, 0.0
357,13,06,19,679,20.8, 16.3, -14.5,0.0, 134.6, 0.0,0.1, 134.6, 0.0
358,13,06,20,186,20.9, 16.4, -17.1,0.0, 133.7, 0.0,359.1, 133.7, 0.0
359,13,06,20,698,19.6, 16.6, -19.2,0.0, 130.2, 0.0,357.2, 130.2, 0.0
360,13,06,21,202,18.9, 16.9, -20.6,0.0, 114.2, 0.0,356.8, 114.2, 0.0
361,13,06,21,722,18.1, 16.8, -23.0,0.0, 100.4, 0.0,355.5, 100.4, 0.0
362,13,06,22,232,17.7, 16.6, -25.5,0.0, 102.2, 0.0,351.3, 102.2, 0.0
363,13,06,22,743,17.2, 16.9, -28.0,0.0, 94.4, 0.0,333.7, 94.4, 0.0
364,13,06,23,254,17.3, 17.4, -30.5,0.0, 82.2, 0.0,342.2, 82.2, 0.0
365,13,06,23,771,17.0, 17.5, -33.0,0.0, 117.2, 0.0,0.7, 117.2, 0.0
366,13,06,24,271,15.6, 17.2, -35.0,0.0, 138.8, 0.0,0.8, 138.8, 0.0
367,13,06,24,867,14.7, 17.0, -36.6,0.0, 37.9, 0.0,1.7, 37.9, 0.0
368,13,06,25,375,14.0, 17.0, -36.1,0.0, 37.9, 0.0,1.7, 37.9, 0.0
369,13,06,25,899,11.9, 17.2, -34.6,0.0, 48.3, 0.0,356.6, 48.3, 0.0
370,13,06,26,402,11.6, 16.9, -32.5,0.0, 110.0, 0.0,339.1, 110.0, 0.0
371,13,06,26,902,11.6, 16.9, -32.5,0.0, 178.2, 0.0,342.1, 178.2, 0.0
372,13,06,27,417,11.6, 16.9, -32.5,0.0, 257.6, 0.0,350.7, 257.6, 0.0
373,13,06,27,918,11.6, 16.9, -32.5,0.0, 257.7, 0.0,351.0, 257.7, 0.0
374,13,06,28,423,11.6, 16.9, -32.5,0.0, 272.9, 0.0,351.1, 272.9, 0.0
375,13,06,28,924,11.6, 16.9, -32.5,0.0, 144.4, 0.0,1.2, 144.4, 0.0
376,13,06,29,438,12.0, 16.9, -32.3,0.0, 55.2, 0.0,6.3, 55.2, 0.0
377,13,06,29,943,14.1, 17.0, -30.6,0.0, 49.8, 0.0,5.9, 49.8, 0.0
378,13,06,30,458,16.0, 17.0, -29.0,0.0, 49.8, 0.0,5.9, 49.8, 0.0
379,13,06,30,965,18.0, 16.8, -27.4,0.0, 49.8, 0.0,5.9, 49.8, 0.0
380,13,06,31,468,19.9, 16.7, -25.8,0.0, 52.4, 0.0,4.7, 52.4, 0.0
381,13,06,31,978,21.5, 16.4, -24.0,0.0, 85.6, 0.0,359.8, 85.6, 0.0
382,13,06,32,488,23.7, 16.4, -22.5,0.0, 103.1, 0.0,354.7, 103.1, 0.0
383,13,06,32,995,25.2, 16.4, -20.6,0.0, 113.8, 0.0,354.2, 113.8, 0.0
384,13,06,33,503,26.5, 17.0, -18.5,0.0, 136.1, 0.0,349.8, 136.1, 0.0
385,13,06,34,19,28.1, 16.9, -16.6,0.0, 124.1, 0.0,356.0, 124.1, 0.0
386,13,06,34,538,28.5, 16.9, -16.0,0.0, 163.8, 0.0,349.1, 163.8, 0.0
387,13,06,35,54,28.5, 16.9, -16.0,0.0, 157.9, 0.0,339.5, 157.9, 0.0
388,13,06,35,581,28.5, 16.9, -16.0,0.0, 138.0, 0.0,7.4, 138.0, 0.0
389,13,06,36,91,28.5, 16.9, -16.0,0.0, 239.3, 0.0,3.2, 239.3, 0.0
390,13,06,36,642,28.5, 16.9, -16.0,0.0, 304.4, 0.0,350.4, 304.4, 0.0
391,13,06,37,143,28.2, 16.9, -15.8,0.0, 300.6, 0.0,2.0, 300.6, 0.0
392,13,06,37,643,25.7, 17.0, -15.4,0.0, 280.6, 0.0,4.3, 280.6, 0.0
393,13,06,38,179,23.7, 17.2, -14.0,0.0, 336.7, 0.0,359.0, 336.7, 0.0
394,13,06,38,693,22.9, 16.4, -11.8,0.0, 318.4, 0.0,354.4, 318.4, 0.0
395,13,06,39,207,21.3, 16.2, -9.8,0.0, 335.5, 0.0,355.4, 335.5, 0.0
396,13,06,39,713,20.8, 16.7, -7.4,0.0, 353.9, 0.0,357.3, 353.9, 0.0
397,13,06,40,212,20.4, 17.3, -5.0,0.0, 351.9, 0.0,358.4, 351.9, 0.0
398,13,06,40,717,20.1, 17.8, -2.6,0.0, 351.9, 0.0,358.4, 351.9, 0.0
399,13,06,41,238,19.7, 18.3, -0.1,0.0, 356.5, 0.0,359.6, 356.5, 0.0
400,13,06,41,753,19.6, 18.7, 2.5,0.0, 358.1, 0.0,0.5, 358.1, 0.0
401,13,06,42,262,19.5, 18.7, 5.1,0.0, 358.1, 0.0,0.5, 358.1, 0.0
402,13,06,42,795,19.5, 18.7, 7.7,0.0, 358.0, 0.0,0.6, 358.0, 0.0
403,13,06,43,306,19.4, 18.7, 10.3,0.0, 358.0, 0.0,0.6, 358.0, 0.0
404,13,06,43,811,19.3, 18.7, 12.8,0.0, 355.7, 0.0,5.0, 355.7, 0.0
405,13,06,44,323,18.9, 18.7, 15.3,0.0, 342.0, 0.0,17.4, 342.0, 0.0
406,13,06,44,841,18.5, 18.7, 17.6,0.0, 345.9, 0.0,18.3, 345.9, 0.0
407,13,06,45,354,18.2, 18.8, 20.0,0.0, 346.2, 0.0,22.4, 346.2, 0.0
408,13,06,45,863,18.2, 18.8, 22.5,0.0, 348.6, 0.0,23.0, 348.6, 0.0
409,13,06,46,378,18.1, 19.1, 25.0,0.0, 10.6, 0.0,10.7, 10.6, 0.0
410,13,06,46,890,18.3, 18.7, 27.1,0.0, 3.9, 0.0,11.3, 3.9, 0.0
411,13,06,47,396,18.3, 18.7, 29.6,0.0, 356.4, 0.0,9.8, 356.4, 0.0
412,13,06,47,905,18.2, 18.7, 32.2,0.0, 356.4, 0.0,9.8, 356.4, 0.0
413,13,06,48,423,18.1, 18.7, 34.7,0.0, 356.6, 0.0,10.5, 356.6, 0.0
414,13,06,48,924,18.0, 18.8, 37.2,0.0, 356.6, 0.0,10.5, 356.6, 0.0
415,13,06,49,439,17.8, 18.8, 39.7,0.0, 356.6, 0.0,10.5, 356.6, 0.0
416,13,06,49,940,17.7, 18.8, 42.3,0.0, 356.6, 0.0,10.5, 356.6, 0.0
417,13,06,50,455,17.8, 18.7, 44.7,0.0, 357.5, 0.0,10.7, 357.5, 0.0
418,13,06,50,963,18.0, 18.7, 47.2,0.0, 356.9, 0.0,7.8, 356.9, 0.0
419,13,06,51,471,17.9, 18.7, 49.7,0.0, 349.7, 0.0,356.0, 349.7, 0.0
420,13,06,51,987,17.6, 18.8, 52.2,0.0, 353.1, 0.0,354.7, 353.1, 0.0
421,13,06,52,488,17.4, 18.8, 54.7,0.0, 359.7, 0.0,354.2, 359.7, 0.0
422,13,06,52,989,17.3, 18.8, 57.2,0.0, 359.8, 0.0,354.1, 359.8, 0.0
423,13,06,53,504,17.4, 18.7, 59.8,0.0, 0.8, 0.0,354.0, 0.8, 0.0
424,13,06,54,5,17.5, 18.7, 62.3,0.0, 3.3, 0.0,356.2, 3.3, 0.0
425,13,06,54,521,17.7, 18.7, 64.9,0.0, 4.1, 0.0,359.7, 4.1, 0.0
426,13,06,55,24,17.9, 18.8, 67.4,0.0, 8.4, 0.0,0.2, 8.4, 0.0
427,13,06,55,538,18.6, 18.5, 69.7,0.0, 16.5, 0.0,357.9, 16.5, 0.0
428,13,06,56,57,19.3, 18.1, 72.2,0.0, 11.7, 0.0,354.2, 11.7, 0.0
429,13,06,56,572,19.7, 17.8, 74.7,0.0, 6.8, 0.0,347.8, 6.8, 0.0
430,13,06,57,72,20.2, 17.6, 77.2,0.0, 13.0, 0.0,356.6, 13.0, 0.0
431,13,06,57,573,20.7, 17.5, 79.6,0.0, 5.2, 0.0,355.5, 5.2, 0.0
432,13,06,58,88,20.2, 17.5, 82.1,0.0, 329.9, 0.0,353.8, 329.9, 0.0
433,13,06,58,589,18.4, 17.8, 83.8,0.0, 311.6, 0.0,345.7, 311.6, 0.0
434,13,06,59,94,16.3, 18.0, 84.5,0.0, 254.5, 0.0,351.2, 254.5, 0.0
435,13,06,59,627,15.0, 18.0, 83.5,0.0, 222.0, 0.0,355.6, 222.0, 0.0
436,13,07,00,135,12.7, 18.0, 82.5,0.0, 205.6, 0.0,353.3, 205.6, 0.0
437,13,07,00,660,11.3, 18.5, 82.5,0.0, 205.3, 0.0,354.2, 205.3, 0.0
438,13,07,01,166,10.6, 19.4, 81.1,0.0, 204.9, 0.0,352.1, 204.9, 0.0
439,13,07,01,676,9.6, 20.6, 79.2,0.0, 208.8, 0.0,350.2, 208.8, 0.0
440,13,07,02,212,8.8, 21.7, 76.9,0.0, 162.8, 0.0,351.8, 162.8, 0.0
441,13,07,02,714,10.1, 22.6, 75.2,0.0, 124.4, 0.0,343.7, 124.4, 0.0
442,13,07,03,234,12.0, 24.0, 74.2,0.0, 127.1, 0.0,344.0, 127.1, 0.0
443,13,07,03,741,14.1, 24.9, 73.5,0.0, 66.5, 0.0,348.2, 66.5, 0.0
444,13,07,04,255,15.6, 25.6, 75.1,0.0, 38.4, 0.0,345.4, 38.4, 0.0
445,13,07,04,755,16.8, 26.7, 77.1,0.0, 37.2, 0.0,344.7, 37.2, 0.0
446,13,07,05,255,17.3, 27.0, 78.8,0.0, 348.9, 0.0,346.7, 348.9, 0.0
447,13,07,05,756,15.4, 27.0, 80.0,0.0, 309.2, 0.0,347.1, 309.2, 0.0
448,13,07,06,257,13.5, 27.0, 81.1,0.0, 8.5, 0.0,340.6, 8.5, 0.0
449,13,07,06,762,13.3, 27.0, 81.2,0.0, 53.6, 0.0,349.9, 53.6, 0.0
450,13,07,07,276,13.3, 27.0, 81.2,0.0, 90.6, 0.0,346.3, 90.6, 0.0
451,13,07,07,782,13.3, 27.0, 81.2,0.0, 140.5, 0.0,349.5, 140.5, 0.0
452,13,07,08,308,13.3, 27.0, 80.9,0.0, 181.1, 0.0,353.9, 181.1, 0.0
453,13,07,08,828,13.3, 27.2, 78.4,0.0, 186.5, 0.0,354.5, 186.5, 0.0
454,13,07,09,350,13.1, 27.2, 75.9,0.0, 172.7, 0.0,352.9, 172.7, 0.0
455,13,07,09,863,13.0, 27.2, 75.9,0.0, 168.0, 0.0,350.8, 168.0, 0.0
456,13,07,10,375,11.7, 27.2, 76.7,0.0, 163.8, 0.0,350.2, 163.8, 0.0
457,13,07,10,882,11.0, 27.2, 77.1,0.0, 163.4, 0.0,340.5, 163.4, 0.0
458,13,07,11,384,11.0, 27.2, 77.1,0.0, 162.5, 0.0,342.9, 162.5, 0.0
459,13,07,11,900,11.0, 27.2, 77.1,0.0, 122.1, 0.0,349.4, 122.1, 0.0
460,13,07,12,410,11.0, 27.2, 77.1,0.0, 110.1, 0.0,348.1, 110.1, 0.0
461,13,07,12,924,11.0, 27.2, 77.1,0.0, 73.1, 0.0,351.0, 73.1, 0.0
462,13,07,13,432,11.0, 27.2, 77.1,0.0, 116.8, 0.0,347.6, 116.8, 0.0
463,13,07,13,953,11.0, 27.2, 77.1,0.0, 139.6, 0.0,347.5, 139.6, 0.0
464,13,07,14,455,11.0, 27.2, 77.1,0.0, 147.5, 0.0,347.6, 147.5, 0.0
465,13,07,14,969,11.0, 27.2, 77.1,0.0, 147.5, 0.0,347.6, 147.5, 0.0
466,13,07,15,484,11.0, 27.2, 77.1,0.0, 147.5, 0.0,347.6, 147.5, 0.0
467,13,07,15,985,11.0, 27.2, 77.1,0.0, 136.1, 0.0,347.9, 136.1, 0.0
468,13,07,16,493,11.0, 27.2, 77.1,0.0, 70.1, 0.0,354.3, 70.1, 0.0
469,13,07,17,8,11.0, 27.2, 77.1,0.0, 56.1, 0.0,354.2, 56.1, 0.0
470,13,07,17,508,11.9, 27.2, 78.0,0.0, 45.8, 0.0,354.8, 45.8, 0.0
471,13,07,18,23,13.8, 27.2, 79.8,0.0, 37.5, 0.0,353.8, 37.5, 0.0
472,13,07,18,524,14.3, 27.0, 80.6,0.0, 32.7, 0.0,353.5, 32.7, 0.0
473,13,07,19,25,14.3, 27.0, 80.6,0.0, 28.8, 0.0,354.2, 28.8, 0.0
474,13,07,19,542,14.3, 27.0, 80.6,0.0, 27.5, 0.0,351.7, 27.5, 0.0
475,13,07,20,57,14.3, 27.0, 80.6,0.0, 2.7, 0.0,348.8, 2.7, 0.0
476,13,07,20,560,14.3, 27.0, 80.6,0.0, 345.6, 0.0,347.6, 345.6, 0.0
477,13,07,21,76,14.3, 27.0, 80.6,0.0, 6.1, 0.0,349.8, 6.1, 0.0
478,13,07,21,592,14.3, 27.0, 80.6,0.0, 324.8, 0.0,348.7, 324.8, 0.0
479,13,07,22,109,14.3, 27.0, 80.6,0.0, 304.3, 0.0,343.7, 304.3, 0.0
480,13,07,22,609,14.4, 27.0, 80.5,0.0, 288.0, 0.0,344.6, 288.0, 0.0
481,13,07,23,110,13.5, 27.0, 81.1,0.0, 270.9, 0.0,342.8, 270.9, 0.0
482,13,07,23,626,13.3, 27.2, 79.3,0.0, 275.1, 0.0,342.5, 275.1, 0.0
483,13,07,24,127,12.3, 27.2, 77.4,0.0, 292.6, 0.0,345.3, 292.6, 0.0
484,13,07,24,642,10.9, 27.2, 78.1,0.0, 291.3, 0.0,346.6, 291.3, 0.0
485,13,07,25,165,10.9, 27.2, 78.1,0.0, 219.7, 0.0,356.0, 219.7, 0.0
486,13,07,25,677,10.9, 27.2, 78.1,0.0, 198.2, 0.0,2.8, 198.2, 0.0
487,13,07,26,181,10.9, 27.2, 78.1,0.0, 194.5, 0.0,359.5, 194.5, 0.0
488,13,07,26,694,10.9, 27.2, 78.1,0.0, 240.4, 0.0,351.2, 240.4, 0.0
489,13,07,27,209,10.9, 27.2, 78.1,0.0, 268.1, 0.0,346.1, 268.1, 0.0
490,13,07,27,709,10.9, 27.2, 78.1,0.0, 268.2, 0.0,346.1, 268.2, 0.0
491,13,07,28,226,10.9, 27.2, 78.1,0.0, 286.7, 0.0,340.9, 286.7, 0.0
492,13,07,28,731,10.9, 27.2, 78.1,0.0, 289.1, 0.0,355.2, 289.1, 0.0
493,13,07,29,243,10.9, 27.2, 78.1,0.0, 289.8, 0.0,355.1, 289.8, 0.0
494,13,07,29,758,10.9, 27.2, 78.1,0.0, 284.6, 0.0,344.1, 284.6, 0.0
495,13,07,30,265,10.9, 27.2, 78.1,0.0, 252.5, 0.0,0.7, 252.5, 0.0
496,13,07,30,770,10.9, 27.2, 78.1,0.0, 251.8, 0.0,2.6, 251.8, 0.0
497,13,07,31,271,11.8, 27.2, 78.6,0.0, 243.6, 0.0,14.7, 243.6, 0.0
498,13,07,31,776,13.3, 27.2, 78.9,0.0, 277.4, 0.0,351.1, 277.4, 0.0
499,13,07,32,287,13.3, 27.2, 78.9,0.0, 183.8, 0.0,26.0, 183.8, 0.0
500,13,07,32,805,13.3, 27.2, 78.9,0.0, 105.2, 0.0,28.1, 105.2, 0.0
501,13,07,33,314,13.3, 27.2, 78.9,0.0, 82.0, 0.0,23.0, 82.0, 0.0
502,13,07,33,817,15.5, 27.0, 79.2,0.0, 80.8, 0.0,21.8, 80.8, 0.0
503,13,07,34,320,17.4, 27.0, 78.1,0.0, 175.7, 0.0,11.8, 175.7, 0.0
504,13,07,34,848,16.2, 26.1, 76.1,0.0, 205.1, 0.0,11.9, 205.1, 0.0
505,13,07,35,366,15.0, 25.1, 74.1,0.0, 206.8, 0.0,12.0, 206.8, 0.0
506,13,07,35,878,13.1, 24.7, 73.6,0.0, 281.0, 0.0,8.3, 281.0, 0.0
507,13,07,36,396,11.2, 23.4, 74.6,0.0, 293.3, 0.0,11.7, 293.3, 0.0
508,13,07,36,911,9.4, 22.0, 75.8,0.0, 310.0, 0.0,18.5, 310.0, 0.0
509,13,07,37,427,8.8, 21.5, 78.0,0.0, 18.3, 0.0,18.5, 18.3, 0.0
510,13,07,37,943,9.8, 20.2, 80.0,0.0, 22.8, 0.0,16.4, 22.8, 0.0
511,13,07,38,444,10.8, 18.9, 81.9,0.0, 21.5, 0.0,2.1, 21.5, 0.0
512,13,07,38,944,11.9, 18.0, 83.8,0.0, 22.4, 0.0,2.1, 22.4, 0.0
513,13,07,39,444,12.8, 18.1, 86.1,0.0, 21.9, 0.0,1.3, 21.9, 0.0
514,13,07,39,945,13.3, 17.9, 88.5,0.0, 305.5, 0.0,358.9, 305.5, 0.0
515,13,07,40,467,12.3, 17.9, 88.7,0.0, 262.7, 0.0,355.4, 262.7, 0.0
516,13,07,40,977,12.5, 17.9, 89.3,0.0, 27.7, 0.0,357.6, 27.7, 0.0
517,13,07,41,494,13.9, 17.7, 91.5,0.0, 36.4, 0.0,358.1, 36.4, 0.0
518,13,07,42,11,15.5, 17.6, 93.6,0.0, 38.2, 0.0,357.4, 38.2, 0.0
519,13,07,42,528,17.1, 17.6, 95.6,0.0, 38.6, 0.0,357.1, 38.6, 0.0
520,13,07,43,28,18.7, 17.6, 97.6,0.0, 38.6, 0.0,356.9, 38.6, 0.0
521,13,07,43,530,20.2, 17.4, 99.5,0.0, 39.2, 0.0,356.6, 39.2, 0.0
522,13,07,44,44,21.8, 17.3, 101.5,0.0, 39.2, 0.0,356.6, 39.2, 0.0
523,13,07,44,544,23.4, 17.3, 103.5,0.0, 39.2, 0.0,356.6, 39.2, 0.0
524,13,07,45,46,25.0, 17.4, 105.4,0.0, 39.2, 0.0,356.6, 39.2, 0.0
525,13,07,45,561,26.5, 17.6, 107.5,0.0, 29.2, 0.0,355.1, 29.2, 0.0
526,13,07,46,62,27.8, 17.6, 109.7,0.0, 30.5, 0.0,355.0, 30.5, 0.0
527,13,07,46,564,29.0, 17.6, 111.8,0.0, 31.6, 0.0,355.0, 31.6, 0.0
528,13,07,47,79,30.6, 17.9, 113.9,0.0, 35.5, 0.0,355.0, 35.5, 0.0
529,13,07,47,581,32.0, 17.9, 115.9,0.0, 35.5, 0.0,355.0, 35.5, 0.0
530,13,07,48,95,33.5, 18.0, 117.9,0.0, 40.1, 0.0,355.6, 40.1, 0.0
531,13,07,48,611,35.1, 18.0, 120.0,0.0, 38.0, 0.0,355.6, 38.0, 0.0
532,13,07,49,111,36.6, 17.8, 121.9,0.0, 40.5, 0.0,349.1, 40.5, 0.0
533,13,07,49,612,38.1, 17.7, 124.0,0.0, 24.9, 0.0,351.6, 24.9, 0.0
534,13,07,50,112,38.3, 17.9, 126.4,0.0, 353.2, 0.0,356.1, 353.2, 0.0
535,13,07,50,611,37.8, 18.1, 128.8,0.0, 326.3, 0.0,351.4, 326.3, 0.0
536,13,07,51,112,36.1, 18.4, 130.7,0.0, 311.3, 0.0,348.5, 311.3, 0.0
537,13,07,51,629,34.2, 18.8, 132.3,0.0, 308.8, 0.0,347.7, 308.8, 0.0
538,13,07,52,130,32.2, 19.0, 133.9,0.0, 308.8, 0.0,347.7, 308.8, 0.0
539,13,07,52,647,30.2, 19.4, 135.5,0.0, 308.8, 0.0,347.7, 308.8, 0.0
540,13,07,53,163,28.2, 19.8, 137.1,0.0, 308.2, 0.0,346.4, 308.2, 0.0
541,13,07,53,663,26.2, 20.1, 138.5,0.0, 303.3, 0.0,340.4, 303.3, 0.0
542,13,07,54,163,24.1, 20.5, 139.9,0.0, 305.1, 0.0,338.9, 305.1, 0.0
543,13,07,54,663,22.2, 20.9, 141.3,0.0, 306.5, 0.0,336.4, 306.5, 0.0
544,13,07,55,179,20.1, 21.4, 142.9,0.0, 306.5, 0.0,336.4, 306.5, 0.0
545,13,07,55,680,18.2, 22.0, 144.3,0.0, 306.5, 0.0,336.4, 306.5, 0.0
546,13,07,56,180,16.2, 22.8, 145.7,0.0, 306.5, 0.0,336.4, 306.5, 0.0
547,13,07,56,695,14.3, 23.4, 147.2,0.0, 306.4, 0.0,335.6, 306.4, 0.0
548,13,07,57,195,12.4, 23.9, 148.7,0.0, 311.9, 0.0,332.6, 311.9, 0.0
549,13,07,57,696,10.6, 24.5, 150.3,0.0, 312.2, 0.0,332.6, 312.2, 0.0
550,13,07,58,213,8.7, 25.3, 152.0,0.0, 312.1, 0.0,331.6, 312.1, 0.0
551,13,07,58,715,6.7, 26.0, 153.2,0.0, 290.3, 0.0,333.6, 290.3, 0.0
552,13,07,59,232,4.4, 26.7, 154.1,0.0, 293.0, 0.0,340.9, 293.0, 0.0
553,13,07,59,747,2.1, 27.5, 155.0,0.0, 297.4, 0.0,340.3, 297.4, 0.0
554,13,08,00,247,0.0, 28.3, 156.2,0.0, 303.8, 0.0,339.3, 303.8, 0.0
555,13,08,00,764,-2.0, 29.2, 157.6,0.0, 304.0, 0.0,339.2, 304.0, 0.0
556,13,08,01,264,-3.9, 30.0, 158.9,0.0, 301.7, 0.0,337.9, 301.7, 0.0
557,13,08,01,766,-5.9, 30.8, 160.2,0.0, 301.2, 0.0,337.7, 301.2, 0.0
558,13,08,02,281,-8.0, 31.9, 161.2,0.0, 294.3, 0.0,336.4, 294.3, 0.0
559,13,08,02,781,-10.2, 32.8, 162.1,0.0, 295.8, 0.0,333.7, 295.8, 0.0
560,13,08,03,282,-12.2, 33.9, 163.0,0.0, 286.8, 0.0,332.2, 286.8, 0.0
561,13,08,03,782,-14.5, 35.1, 163.0,0.0, 275.1, 0.0,331.4, 275.1, 0.0
562,13,08,04,283,-16.7, 36.0, 163.0,0.0, 261.0, 0.0,331.1, 261.0, 0.0
563,13,08,04,798,-19.0, 37.2, 162.3,0.0, 257.6, 0.0,331.0, 257.6, 0.0
564,13,08,05,298,-21.2, 38.1, 161.8,0.0, 257.6, 0.0,331.0, 257.6, 0.0
565,13,08,05,815,-23.5, 39.0, 161.3,0.0, 257.6, 0.0,331.0, 257.6, 0.0
566,13,08,06,331,-25.6, 39.9, 160.2,0.0, 236.2, 0.0,336.5, 236.2, 0.0
567,13,08,06,834,-27.5, 40.5, 158.7,0.0, 236.0, 0.0,350.5, 236.0, 0.0
568,13,08,07,348,-29.6, 41.2, 157.2,0.0, 235.9, 0.0,347.7, 235.9, 0.0
569,13,08,07,848,-31.5, 41.7, 155.8,0.0, 236.1, 0.0,346.6, 236.1, 0.0
570,13,08,08,349,-33.7, 42.2, 154.6,0.0, 242.1, 0.0,341.2, 242.1, 0.0
571,13,08,08,864,-35.8, 42.9, 153.2,0.0, 235.1, 0.0,346.4, 235.1, 0.0
572,13,08,09,366,-37.7, 43.5, 151.8,0.0, 235.1, 0.0,346.4, 235.1, 0.0
573,13,08,09,881,-39.8, 44.1, 150.3,0.0, 235.1, 0.0,346.4, 235.1, 0.0
574,13,08,10,400,-41.9, 44.6, 148.9,0.0, 234.5, 0.0,345.6, 234.5, 0.0
575,13,08,10,914,-43.9, 44.9, 147.4,0.0, 233.6, 0.0,344.1, 233.6, 0.0
576,13,08,11,416,-45.9, 45.4, 145.9,0.0, 232.2, 0.0,342.4, 232.2, 0.0
577,13,08,11,933,-47.9, 45.8, 144.4,0.0, 234.7, 0.0,341.9, 234.7, 0.0
578,13,08,12,447,-50.0, 46.2, 142.9,0.0, 235.5, 0.0,339.0, 235.5, 0.0
579,13,08,12,948,-52.1, 46.7, 141.6,0.0, 242.6, 0.0,333.3, 242.6, 0.0
580,13,08,13,465,-54.3, 47.0, 140.3,0.0, 239.5, 0.0,346.3, 239.5, 0.0
581,13,08,13,966,-56.4, 47.3, 139.0,0.0, 241.0, 0.0,346.1, 241.0, 0.0
582,13,08,14,466,-58.6, 47.7, 137.8,0.0, 242.7, 0.0,344.2, 242.7, 0.0
583,13,08,14,982,-60.9, 48.0, 136.6,0.0, 242.0, 0.0,348.7, 242.0, 0.0
584,13,08,15,498,-63.1, 48.3, 135.4,0.0, 246.2, 0.0,351.6, 246.2, 0.0
585,13,08,15,999,-65.4, 48.7, 134.4,0.0, 250.7, 0.0,347.6, 250.7, 0.0
586,13,08,16,499,-67.7, 49.0, 133.5,0.0, 250.7, 0.0,347.0, 250.7, 0.0
587,13,08,17,15,-70.1, 49.2, 132.8,0.0, 247.9, 0.0,353.9, 247.9, 0.0
588,13,08,17,515,-72.3, 49.3, 131.7,0.0, 232.7, 0.0,355.4, 232.7, 0.0
589,13,08,18,16,-74.5, 49.3, 130.5,0.0, 207.8, 0.0,355.9, 207.8, 0.0
590,13,08,18,539,-76.7, 49.3, 129.0,0.0, 179.1, 0.0,359.9, 179.1, 0.0
591,13,08,19,61,-78.6, 49.5, 127.3,0.0, 185.9, 0.0,359.5, 185.9, 0.0
592,13,08,19,574,-80.8, 49.8, 126.3,0.0, 180.8, 0.0,0.0, 180.8, 0.0
593,13,08,20,112,-83.5, 50.1, 126.4,0.0, 180.8, 0.0,359.3, 180.8, 0.0
594,13,08,20,619,-84.7, 50.2, 124.5,0.0, 209.3, 0.0,358.7, 209.3, 0.0
595,13,08,21,133,-86.3, 50.4, 122.5,0.0, 218.6, 0.0,356.3, 218.6, 0.0
596,13,08,21,650,-87.8, 50.5, 120.4,0.0, 214.5, 0.0,0.9, 214.5, 0.0
597,13,08,22,168,-89.4, 50.3, 118.4,0.0, 173.0, 0.0,2.6, 173.0, 0.0
598,13,08,22,679,-90.1, 50.2, 116.0,0.0, 134.7, 0.0,4.9, 134.7, 0.0
599,13,08,23,191,-89.9, 50.0, 113.5,0.0, 124.1, 0.0,2.9, 124.1, 0.0
600,13,08,23,735,-88.3, 50.0, 111.5,0.0, 108.3, 0.0,1.6, 108.3, 0.0
601,13,08,24,240,-85.8, 49.8, 111.3,0.0, 76.4, 0.0,4.4, 76.4, 0.0
602,13,08,24,749,-84.8, 49.6, 111.1,0.0, 40.7, 0.0,4.3, 40.7, 0.0
603,13,08,25,256,-85.8, 49.6, 110.4,0.0, 75.1, 0.0,2.6, 75.1, 0.0
604,13,08,25,792,-87.9, 50.0, 111.7,0.0, 149.6, 0.0,359.3, 149.6, 0.0
605,13,08,26,299,-88.1, 50.1, 112.8,0.0, 207.2, 0.0,359.4, 207.2, 0.0
606,13,08,26,803,-88.6, 50.0, 111.9,0.0, 207.0, 0.0,359.4, 207.0, 0.0
607,13,08,27,316,-90.9, 50.0, 113.0,0.0, 206.3, 0.0,359.6, 206.3, 0.0
608,13,08,27,821,-92.3, 50.1, 111.7,0.0, 178.8, 0.0,4.2, 178.8, 0.0
609,13,08,28,326,-93.0, 50.1, 109.4,0.0, 193.0, 0.0,4.2, 193.0, 0.0
610,13,08,28,831,-95.0, 50.3, 108.0,0.0, 188.3, 0.0,4.0, 188.3, 0.0
611,13,08,29,341,-97.1, 50.4, 106.4,0.0, 188.3, 0.0,4.0, 188.3, 0.0
612,13,08,29,854,-99.1, 50.2, 105.0,0.0, 186.0, 0.0,3.5, 186.0, 0.0
613,13,08,30,421,-100.9, 50.1, 102.8,0.0, 166.3, 0.0,11.0, 166.3, 0.0
614,13,08,30,927,-102.1, 50.1, 100.6,0.0, 163.1, 0.0,10.4, 163.1, 0.0
615,13,08,31,469,-102.8, 49.6, 98.0,0.0, 141.3, 0.0,10.3, 141.3, 0.0
616,13,08,31,981,-103.4, 49.3, 95.6,0.0, 184.4, 0.0,356.9, 184.4, 0.0
617,13,08,32,483,-104.0, 49.3, 95.3,0.0, 245.1, 0.0,339.4, 245.1, 0.0
618,13,08,32,983,-104.0, 49.3, 95.3,0.0, 278.0, 0.0,349.7, 278.0, 0.0
619,13,08,33,484,-104.0, 49.3, 95.3,0.0, 275.6, 0.0,330.5, 275.6, 0.0
620,13,08,34,0,-104.0, 49.3, 95.3,0.0, 299.6, 0.0,330.4, 299.6, 0.0
621,13,08,34,500,-104.0, 49.3, 95.3,0.0, 326.3, 0.0,325.1, 326.3, 0.0
622,13,08,35,17,-104.0, 49.3, 95.3,0.0, 16.1, 0.0,338.4, 16.1, 0.0
623,13,08,35,518,-104.0, 49.3, 95.3,0.0, 350.2, 0.0,340.9, 350.2, 0.0
624,13,08,36,18,-104.0, 49.3, 95.3,0.0, 254.0, 0.0,342.4, 254.0, 0.0
625,13,08,36,559,-104.0, 49.3, 95.3,0.0, 182.8, 0.0,9.4, 182.8, 0.0
626,13,08,37,73,-104.0, 49.3, 95.3,0.0, 151.8, 0.0,18.2, 151.8, 0.0
627,13,08,37,616,-104.0, 49.3, 95.3,0.0, 143.0, 0.0,18.6, 143.0, 0.0
628,13,08,38,150,-101.9, 49.3, 97.0,0.0, 141.8, 0.0,18.5, 141.8, 0.0
629,13,08,38,700,-99.7, 49.1, 96.8,0.0, 145.1, 0.0,18.6, 145.1, 0.0
630,13,08,39,210,-98.3, 48.9, 94.8,0.0, 144.0, 0.0,19.4, 144.0, 0.0
631,13,08,39,711,-96.5, 48.5, 93.2,0.0, 164.6, 0.0,16.9, 164.6, 0.0
632,13,08,40,214,-94.4, 47.9, 92.0,0.0, 168.5, 0.0,16.7, 168.5, 0.0
633,13,08,40,727,-93.5, 47.4, 89.7,0.0, 178.7, 0.0,14.7, 178.7, 0.0
634,13,08,41,237,-93.5, 46.5, 87.4,0.0, 180.3, 0.0,6.2, 180.3, 0.0
635,13,08,41,738,-93.7, 45.7, 84.9,0.0, 184.3, 0.0,356.7, 184.3, 0.0
636,13,08,42,247,-94.0, 44.7, 82.6,0.0, 179.6, 0.0,9.7, 179.6, 0.0
637,13,08,42,759,-94.0, 43.8, 80.2,0.0, 175.6, 0.0,7.6, 175.6, 0.0
638,13,08,43,274,-94.0, 42.8, 77.9,0.0, 178.0, 0.0,16.1, 178.0, 0.0
639,13,08,43,778,-94.0, 41.8, 75.5,0.0, 178.9, 0.0,16.0, 178.9, 0.0
640,13,08,44,333,-93.7, 40.8, 73.1,0.0, 157.3, 0.0,19.1, 157.3, 0.0
641,13,08,44,859,-92.8, 40.0, 70.7,0.0, 134.4, 0.0,23.0, 134.4, 0.0
642,13,08,45,396,-91.9, 38.6, 68.8,0.0, 95.2, 0.0,25.5, 95.2, 0.0
643,13,08,45,903,-90.4, 37.0, 67.5,0.0, 95.1, 0.0,25.4, 95.1, 0.0
644,13,08,46,433,-88.6, 35.4, 66.6,0.0, 72.8, 0.0,24.8, 72.8, 0.0
645,13,08,46,951,-86.6, 33.8, 66.2,0.0, 69.6, 0.0,23.8, 69.6, 0.0
646,13,08,47,461,-84.5, 32.2, 66.1,0.0, 53.3, 0.0,20.7, 53.3, 0.0
647,13,08,47,971,-82.8, 31.4, 67.6,0.0, 49.4, 0.0,16.6, 49.4, 0.0
648,13,08,48,473,-81.3, 30.7, 69.5,0.0, 49.4, 0.0,16.6, 49.4, 0.0
649,13,08,48,991,-79.6, 29.7, 71.0,0.0, 83.9, 0.0,12.0, 83.9, 0.0
650,13,08,49,521,-77.5, 28.3, 71.9,0.0, 87.2, 0.0,11.5, 87.2, 0.0
651,13,08,50,55,-75.2, 27.0, 72.0,0.0, 94.4, 0.0,12.8, 94.4, 0.0
652,13,08,50,579,-72.8, 26.0, 72.2,0.0, 109.7, 0.0,12.7, 109.7, 0.0
653,13,08,51,79,-70.5, 25.2, 72.8,0.0, 133.9, 0.0,10.3, 133.9, 0.0
654,13,08,51,662,-67.8, 24.3, 72.2,0.0, 155.0, 0.0,4.6, 155.0, 0.0
655,13,08,52,170,-65.7, 23.5, 71.2,0.0, 157.0, 0.0,4.3, 157.0, 0.0
656,13,08,52,692,-63.8, 22.7, 69.6,0.0, 173.9, 0.0,6.6, 173.9, 0.0
657,13,08,53,208,-62.4, 21.4, 67.8,0.0, 184.5, 0.0,6.2, 184.5, 0.0
658,13,08,53,717,-61.2, 20.2, 65.9,0.0, 188.5, 0.0,4.4, 188.5, 0.0
659,13,08,54,221,-60.9, 19.5, 63.7,0.0, 189.5, 0.0,4.1, 189.5, 0.0
660,13,08,54,723,-61.4, 18.8, 61.3,0.0, 189.5, 0.0,4.1, 189.5, 0.0
661,13,08,55,233,-61.9, 18.1, 59.0,0.0, 189.5, 0.0,4.1, 189.5, 0.0
662,13,08,55,759,-62.3, 17.4, 56.4,0.0, 185.9, 0.0,3.3, 185.9, 0.0
663,13,08,56,263,-62.6, 16.7, 54.0,0.0, 185.9, 0.0,2.6, 185.9, 0.0
664,13,08,56,779,-62.8, 16.0, 51.5,0.0, 186.1, 0.0,2.3, 186.1, 0.0
665,13,08,57,293,-63.1, 15.5, 49.1,0.0, 186.1, 0.0,2.3, 186.1, 0.0
666,13,08,57,804,-63.1, 14.9, 46.6,0.0, 162.2, 0.0,0.4, 162.2, 0.0
667,13,08,58,321,-61.8, 14.4, 44.4,0.0, 145.5, 0.0,0.2, 145.5, 0.0
668,13,08,58,870,-61.5, 13.9, 41.9,0.0, 145.7, 0.0,0.1, 145.7, 0.0
669,13,08,59,373,-62.1, 13.5, 39.5,0.0, 139.2, 0.0,359.3, 139.2, 0.0
670,13,08,59,915,-61.8, 13.1, 36.9,0.0, 109.1, 0.0,357.2, 109.1, 0.0
671,13,09,00,448,-61.2, 12.9, 36.4,0.0, 89.6, 0.0,359.2, 89.6, 0.0
672,13,09,00,954,-61.2, 12.9, 36.4,0.0, 75.7, 0.0,353.3, 75.7, 0.0
673,13,09,01,501,-61.2, 12.9, 36.4,0.0, 105.7, 0.0,355.4, 105.7, 0.0
674,13,09,02,49,-61.2, 12.9, 36.4,0.0, 83.9, 0.0,1.1, 83.9, 0.0
675,13,09,02,569,-60.6, 12.9, 35.9,0.0, 133.4, 0.0,2.6, 133.4, 0.0
676,13,09,03,77,-58.8, 12.4, 34.2,0.0, 133.4, 0.0,2.6, 133.4, 0.0
677,13,09,03,625,-56.7, 12.0, 32.3,0.0, 123.5, 0.0,358.6, 123.5, 0.0
678,13,09,04,133,-54.6, 11.7, 31.1,0.0, 118.5, 0.0,356.2, 118.5, 0.0
679,13,09,04,651,-52.3, 11.5, 29.9,0.0, 118.1, 0.0,353.4, 118.1, 0.0
680,13,09,05,217,-49.8, 11.4, 28.6,0.0, 118.1, 0.0,353.3, 118.1, 0.0
681,13,09,05,722,-47.5, 11.4, 27.3,0.0, 119.7, 0.0,355.4, 119.7, 0.0
682,13,09,06,261,-45.2, 11.3, 25.9,0.0, 121.4, 0.0,358.2, 121.4, 0.0
683,13,09,06,770,-43.1, 11.3, 24.6,0.0, 121.4, 0.0,358.1, 121.4, 0.0
684,13,09,07,287,-40.9, 11.3, 23.3,0.0, 123.2, 0.0,355.6, 123.2, 0.0
685,13,09,07,791,-39.4, 11.3, 21.4,0.0, 174.1, 0.0,355.7, 174.1, 0.0
686,13,09,08,305,-39.7, 11.9, 19.0,0.0, 219.5, 0.0,356.1, 219.5, 0.0
687,13,09,08,807,-41.7, 12.3, 17.6,0.0, 239.8, 0.0,350.2, 239.8, 0.0
688,13,09,09,322,-44.0, 12.6, 16.3,0.0, 240.2, 0.0,350.2, 240.2, 0.0
689,13,09,09,838,-46.4, 13.0, 15.9,0.0, 231.8, 0.0,354.9, 231.8, 0.0
690,13,09,10,355,-48.9, 13.2, 16.2,0.0, 224.7, 0.0,355.1, 224.7, 0.0
691,13,09,10,858,-51.5, 13.4, 15.7,0.0, 210.8, 0.0,355.4, 210.8, 0.0
692,13,09,11,371,-53.9, 13.4, 15.2,0.0, 216.6, 0.0,356.4, 216.6, 0.0
693,13,09,11,873,-56.3, 13.5, 14.6,0.0, 210.8, 0.0,358.3, 210.8, 0.0
694,13,09,12,389,-58.8, 13.1, 13.9,0.0, 200.1, 0.0,359.6, 200.1, 0.0
695,13,09,12,889,-60.8, 12.7, 12.5,0.0, 184.2, 0.0,358.6, 184.2, 0.0
696,13,09,13,390,-62.7, 12.7, 10.8,0.0, 187.1, 0.0,357.8, 187.1, 0.0
697,13,09,13,906,-63.8, 12.8, 9.7,0.0, 191.0, 0.0,2.0, 191.0, 0.0
698,13,09,14,406,-63.8, 12.8, 9.7,0.0, 186.2, 0.0,347.7, 186.2, 0.0
699,13,09,14,921,-63.8, 12.8, 9.7,0.0, 177.2, 0.0,314.3, 177.2, 0.0
700,13,09,15,440,-63.8, 12.8, 9.7,0.0, 129.6, 0.0,357.8, 129.6, 0.0
701,13,09,15,967,-62.6, 12.7, 12.0,0.0, 114.0, 0.0,7.9, 114.0, 0.0
702,13,09,16,473,-60.8, 12.8, 12.9,0.0, 130.3, 0.0,2.6, 130.3, 0.0
703,13,09,16,977,-58.7, 13.0, 11.5,0.0, 117.5, 0.0,8.0, 117.5, 0.0
704,13,09,17,477,-56.2, 12.8, 11.9,0.0, 131.0, 0.0,5.9, 131.0, 0.0
705,13,09,17,987,-53.7, 12.6, 11.8,0.0, 134.5, 0.0,4.7, 134.5, 0.0
706,13,09,18,494,-52.1, 12.1, 10.1,0.0, 149.8, 0.0,3.4, 149.8, 0.0
707,13,09,19,6,-51.6, 11.9, 9.2,0.0, 138.1, 0.0,7.4, 138.1, 0.0
708,13,09,19,522,-51.6, 11.9, 9.2,0.0, 137.6, 0.0,10.4, 137.6, 0.0
709,13,09,20,24,-51.6, 11.9, 9.2,0.0, 154.3, 0.0,10.1, 154.3, 0.0
710,13,09,20,526,-51.2, 11.9, 9.4,0.0, 153.3, 0.0,9.9, 153.3, 0.0
711,13,09,21,30,-49.1, 12.0, 10.7,0.0, 129.8, 0.0,9.7, 129.8, 0.0
712,13,09,21,565,-47.5, 12.5, 12.8,0.0, 124.5, 0.0,8.9, 124.5, 0.0
713,13,09,22,65,-46.1, 12.9, 14.8,0.0, 108.9, 0.0,4.7, 108.9, 0.0
714,13,09,22,575,-45.3, 12.7, 17.2,0.0, 108.3, 0.0,4.7, 108.3, 0.0
715,13,09,23,88,-44.6, 12.3, 19.6,0.0, 108.3, 0.0,4.7, 108.3, 0.0
716,13,09,23,645,-44.0, 11.6, 22.2,0.0, 97.5, 0.0,4.4, 97.5, 0.0
717,13,09,24,173,-41.7, 11.3, 23.2,0.0, 70.5, 0.0,4.4, 70.5, 0.0
718,13,09,24,709,-39.2, 11.2, 24.0,0.0, 75.8, 0.0,4.9, 75.8, 0.0
719,13,09,25,237,-36.6, 10.9, 24.7,0.0, 76.9, 0.0,5.9, 76.9, 0.0
720,13,09,25,774,-34.0, 10.7, 25.0,0.0, 82.0, 0.0,6.9, 82.0, 0.0
721,13,09,26,316,-31.4, 10.6, 25.7,0.0, 78.8, 0.0,6.8, 78.8, 0.0
722,13,09,26,834,-28.8, 10.5, 26.2,0.0, 78.8, 0.0,6.8, 78.8, 0.0
723,13,09,27,334,-26.4, 10.3, 26.6,0.0, 78.8, 0.0,6.8, 78.8, 0.0
724,13,09,27,838,-25.1, 10.2, 26.9,0.0, 95.9, 0.0,7.1, 95.9, 0.0
725,13,09,28,364,-25.1, 10.2, 26.9,0.0, 99.0, 0.0,14.6, 99.0, 0.0
726,13,09,28,882,-24.6, 10.3, 26.3,0.0, 140.7, 0.0,4.6, 140.7, 0.0
727,13,09,29,407,-23.7, 10.5, 23.9,0.0, 140.6, 0.0,4.6, 140.6, 0.0
728,13,09,29,933,-23.6, 10.8, 21.4,0.0, 130.3, 0.0,359.9, 130.3, 0.0
729,13,09,30,449,-23.3, 10.8, 18.8,0.0, 122.7, 0.0,350.0, 122.7, 0.0
730,13,09,30,953,-22.5, 10.8, 16.5,0.0, 113.4, 0.0,4.1, 113.4, 0.0
731,13,09,31,461,-20.0, 11.0, 15.9,0.0, 101.2, 0.0,5.3, 101.2, 0.0
732,13,09,31,967,-18.1, 11.1, 14.5,0.0, 104.4, 0.0,5.8, 104.4, 0.0
733,13,09,32,485,-16.8, 11.1, 12.2,0.0, 104.4, 0.0,5.8, 104.4, 0.0
734,13,09,33,9,-15.5, 11.2, 10.0,0.0, 104.4, 0.0,5.8, 104.4, 0.0
735,13,09,33,534,-14.1, 11.3, 7.8,0.0, 104.4, 0.0,5.8, 104.4, 0.0
736,13,09,34,61,-12.6, 11.3, 5.6,0.0, 93.8, 0.0,6.1, 93.8, 0.0
737,13,09,34,585,-10.7, 11.7, 5.0,0.0, 93.7, 0.0,8.0, 93.7, 0.0
738,13,09,35,119,-10.5, 11.4, 7.7,0.0, 93.1, 0.0,8.5, 93.1, 0.0
739,13,09,35,649,-10.4, 11.2, 10.3,0.0, 96.7, 0.0,8.5, 96.7, 0.0
740,13,09,36,151,-10.3, 10.7, 12.4,0.0, 94.3, 0.0,7.6, 94.3, 0.0
741,13,09,36,660,-10.3, 10.7, 12.4,0.0, 95.8, 0.0,2.6, 95.8, 0.0
742,13,09,37,169,-10.3, 10.7, 12.4,0.0, 100.1, 0.0,2.9, 100.1, 0.0
743,13,09,37,688,-10.3, 10.7, 12.4,0.0, 101.3, 0.0,2.9, 101.3, 0.0
744,13,09,38,210,-10.6, 11.3, 10.3,0.0, 101.3, 0.0,2.9, 101.3, 0.0
745,13,09,38,749,-10.6, 11.4, 7.7,0.0, 101.4, 0.0,3.0, 101.4, 0.0
746,13,09,39,247,-9.5, 11.5, 5.5,0.0, 125.2, 0.0,4.0, 125.2, 0.0
747,13,09,39,784,-8.7, 11.6, 3.0,0.0, 134.3, 0.0,358.0, 134.3, 0.0
748,13,09,40,293,-7.1, 11.8, 1.1,0.0, 143.5, 0.0,351.8, 143.5, 0.0
749,13,09,40,801,-5.6, 12.1, -1.0,0.0, 145.3, 0.0,351.5, 145.3, 0.0
750,13,09,41,309,-4.5, 12.5, -3.2,0.0, 156.8, 0.0,347.2, 156.8, 0.0
751,13,09,41,810,-3.4, 13.0, -5.4,0.0, 152.1, 0.0,354.2, 152.1, 0.0
752,13,09,42,329,-2.2, 13.4, -7.6,0.0, 151.7, 0.0,354.4, 151.7, 0.0
753,13,09,42,844,-1.0, 13.8, -9.9,0.0, 148.2, 0.0,356.0, 148.2, 0.0
754,13,09,43,347,-1.0, 14.0, -12.4,0.0, 131.1, 0.0,356.8, 131.1, 0.0
755,13,09,43,854,-0.8, 14.5, -14.8,0.0, 129.7, 0.0,352.9, 129.7, 0.0
756,13,09,44,365,-0.4, 15.0, -17.3,0.0, 116.3, 0.0,357.6, 116.3, 0.0
757,13,09,44,878,0.6, 15.5, -19.7,0.0, 103.4, 0.0,357.8, 103.4, 0.0
758,13,09,45,387,2.1, 15.9, -21.6,0.0, 86.7, 0.0,0.5, 86.7, 0.0
759,13,09,45,890,4.0, 16.2, -23.2,0.0, 83.7, 0.0,0.4, 83.7, 0.0
760,13,09,46,401,6.1, 16.6, -24.6,0.0, 65.3, 0.0,357.2, 65.3, 0.0
761,13,09,46,903,8.4, 16.9, -25.5,0.0, 62.1, 0.0,357.8, 62.1, 0.0
762,13,09,47,417,11.0, 17.0, -25.9,0.0, 49.3, 0.0,359.6, 49.3, 0.0
763,13,09,47,932,13.4, 16.9, -25.4,0.0, 14.6, 0.0,3.0, 14.6, 0.0
764,13,09,48,456,15.5, 16.9, -23.8,0.0, 354.6, 0.0,2.6, 354.6, 0.0
765,13,09,48,980,16.9, 17.0, -21.6,0.0, 342.8, 0.0,2.5, 342.8, 0.0
766,13,09,49,493,18.2, 16.9, -19.6,0.0, 318.7, 0.0,348.2, 318.7, 0.0
767,13,09,49,996,18.2, 16.9, -19.6,0.0, 319.4, 0.0,349.9, 319.4, 0.0
768,13,09,50,496,18.2, 16.9, -19.6,0.0, 319.4, 0.0,350.8, 319.4, 0.0
769,13,09,51,17,18.2, 16.9, -19.6,0.0, 319.4, 0.0,351.5, 319.4, 0.0
770,13,09,51,533,19.9, 16.7, -20.2,0.0, 36.4, 0.0,357.0, 36.4, 0.0
771,13,09,52,41,21.7, 16.4, -22.1,0.0, 49.8, 0.0,0.1, 49.8, 0.0
772,13,09,52,559,24.0, 16.3, -21.5,0.0, 57.5, 0.0,2.3, 57.5, 0.0
773,13,09,53,70,26.1, 16.6, -20.2,0.0, 54.5, 0.0,8.1, 54.5, 0.0
774,13,09,53,604,27.7, 17.0, -18.2,0.0, 18.5, 0.0,12.0, 18.5, 0.0
775,13,09,54,117,28.6, 16.8, -15.7,0.0, 21.7, 0.0,11.6, 21.7, 0.0
776,13,09,54,633,29.3, 16.4, -13.4,0.0, 15.2, 0.0,10.3, 15.2, 0.0
777,13,09,55,146,28.0, 16.2, -11.5,0.0, 48.2, 0.0,10.5, 48.2, 0.0
778,13,09,55,650,27.7, 16.1, -11.2,0.0, 83.9, 0.0,2.5, 83.9, 0.0
779,13,09,56,164,27.7, 16.1, -11.2,0.0, 74.8, 0.0,3.2, 74.8, 0.0
780,13,09,56,667,27.7, 16.1, -11.2,0.0, 74.4, 0.0,3.5, 74.4, 0.0
781,13,09,57,189,27.7, 16.1, -11.2,0.0, 73.9, 0.0,3.8, 73.9, 0.0
782,13,09,57,697,27.7, 16.1, -11.2,0.0, 73.9, 0.0,3.8, 73.9, 0.0
783,13,09,58,213,27.7, 16.1, -11.2,0.0, 73.9, 0.0,3.8, 73.9, 0.0
784,13,09,58,720,27.7, 16.1, -11.2,0.0, 73.9, 0.0,3.8, 73.9, 0.0
785,13,09,59,223,27.7, 16.1, -11.2,0.0, 73.9, 0.0,3.8, 73.9, 0.0
786,13,09,59,734,27.7, 16.1, -11.2,0.0, 73.9, 0.0,3.8, 73.9, 0.0
787,13,10,00,247,27.7, 16.1, -11.2,0.0, 73.9, 0.0,3.8, 73.9, 0.0
788,13,10,00,755,27.7, 16.1, -11.2,0.0, 73.9, 0.0,3.8, 73.9, 0.0
789,13,10,01,264,27.7, 16.1, -11.2,0.0, 73.9, 0.0,3.8, 73.9, 0.0
790,13,10,01,852,27.7, 16.1, -11.2,0.0, 19.3, 0.0,12.4, 19.3, 0.0
791,13,10,02,363,27.7, 16.1, -11.2,0.0, 329.3, 0.0,19.3, 329.3, 0.0
792,13,10,02,889,27.7, 16.1, -11.2,0.0, 329.3, 0.0,19.3, 329.3, 0.0
793,13,10,03,416,27.7, 16.1, -11.2,0.0, 329.3, 0.0,19.3, 329.3, 0.0
794,13,10,03,955,27.7, 16.1, -11.2,0.0, 329.3, 0.0,19.3, 329.3, 0.0
795,13,10,04,468,27.7, 16.1, -11.2,0.0, 329.3, 0.0,19.3, 329.3, 0.0
796,13,10,05,32,27.7, 16.1, -11.2,0.0, 329.3, 0.0,19.3, 329.3, 0.0
797,13,10,05,564,27.7, 16.1, -11.2,0.0, 329.3, 0.0,19.3, 329.3, 0.0
798,13,10,06,66,27.7, 16.1, -11.2,0.0, 329.3, 0.0,19.3, 329.3, 0.0
799,13,10,06,573,27.7, 16.1, -11.2,0.0, 329.3, 0.0,19.3, 329.3, 0.0
800,13,10,07,76,27.7, 16.1, -11.2,0.0, 329.3, 0.0,19.3, 329.3, 0.0
801,13,10,07,603,27.7, 16.1, -11.2,0.0, 329.3, 0.0,19.3, 329.3, 0.0
802,13,10,08,117,27.7, 16.1, -11.2,0.0, 329.3, 0.0,19.3, 329.3, 0.0
803,13,10,08,635,27.7, 16.1, -11.2,0.0, 329.3, 0.0,19.3, 329.3, 0.0
804,13,10,09,161,27.7, 16.1, -11.2,0.0, 329.3, 0.0,19.3, 329.3, 0.0
805,13,10,09,672,27.7, 16.1, -11.2,0.0, 329.3, 0.0,19.3, 329.3, 0.0
806,13,10,10,183,27.7, 16.1, -11.2,0.0, 329.3, 0.0,19.3, 329.3, 0.0
807,13,10,10,702,27.7, 16.1, -11.2,0.0, 329.3, 0.0,19.3, 329.3, 0.0
808,13,10,11,204,27.7, 16.1, -11.2,0.0, 329.3, 0.0,19.3, 329.3, 0.0
809,13,10,11,724,27.7, 16.1, -11.2,0.0, 329.3, 0.0,19.3, 329.3, 0.0
810,13,10,12,232,27.7, 16.1, -11.2,0.0, 329.3, 0.0,19.3, 329.3, 0.0
811,13,10,12,745,27.7, 16.1, -11.2,0.0, 329.3, 0.0,19.3, 329.3, 0.0
812,13,10,13,256,27.7, 16.1, -11.2,0.0, 329.3, 0.0,19.3, 329.3, 0.0
813,13,10,13,782,27.7, 16.1, -11.2,0.0, 329.3, 0.0,19.3, 329.3, 0.0
814,13,10,14,311,27.7, 16.1, -11.2,0.0, 329.3, 0.0,19.3, 329.3, 0.0
815,13,10,14,830,27.7, 16.1, -11.2,0.0, 329.3, 0.0,19.3, 329.3, 0.0
816,13,10,15,344,27.7, 16.1, -11.2,0.0, 329.3, 0.0,19.3, 329.3, 0.0
817,13,10,15,850,27.7, 16.1, -11.2,0.0, 329.3, 0.0,19.3, 329.3, 0.0
818,13,10,16,380,27.7, 16.1, -11.2,0.0, 329.3, 0.0,19.3, 329.3, 0.0
819,13,10,16,882,27.7, 16.1, -11.2,0.0, 329.3, 0.0,19.3, 329.3, 0.0
820,13,10,17,390,27.7, 16.1, -11.2,0.0, 329.3, 0.0,19.3, 329.3, 0.0
821,13,10,17,919,27.7, 16.1, -11.2,0.0, 329.3, 0.0,19.3, 329.3, 0.0
822,13,10,18,430,27.7, 16.1, -11.2,0.0, 329.3, 0.0,19.3, 329.3, 0.0
823,13,10,18,934,27.7, 16.1, -11.2,0.0, 329.3, 0.0,19.3, 329.3, 0.0
824,13,10,19,449,27.7, 16.1, -11.2,0.0, 329.3, 0.0,19.3, 329.3, 0.0
825,13,10,19,969,27.7, 16.1, -11.2,0.0, 329.3, 0.0,19.3, 329.3, 0.0
826,13,10,20,512,27.7, 16.1, -11.2,0.0, 329.3, 0.0,19.3, 329.3, 0.0
827,13,10,21,31,27.7, 16.1, -11.2,0.0, 329.3, 0.0,19.3, 329.3, 0.0
828,13,10,21,546,27.7, 16.1, -11.2,0.0, 329.3, 0.0,19.3, 329.3, 0.0
829,13,10,22,70,27.7, 16.1, -11.2,0.0, 329.3, 0.0,19.3, 329.3, 0.0
830,13,10,22,593,27.7, 16.1, -11.2,0.0, 329.3, 0.0,19.3, 329.3, 0.0
831,13,10,23,118,27.7, 16.1, -11.2,0.0, 329.3, 0.0,19.3, 329.3, 0.0
832,13,10,23,619,27.7, 16.1, -11.2,0.0, 329.3, 0.0,19.3, 329.3, 0.0
833,13,10,24,126,27.7, 16.1, -11.2,0.0, 329.3, 0.0,19.3, 329.3, 0.0
834,13,10,24,642,27.7, 16.1, -11.2,0.0, 329.3, 0.0,19.3, 329.3, 0.0
835,13,10,25,180,27.7, 16.1, -11.2,0.0, 329.3, 0.0,19.3, 329.3, 0.0
836,13,10,25,686,27.7, 16.1, -11.2,0.0, 329.3, 0.0,19.3, 329.3, 0.0
837,13,10,26,204,27.7, 16.1, -11.2,0.0, 329.3, 0.0,19.3, 329.3, 0.0
838,13,10,26,713,27.7, 16.1, -11.2,0.0, 329.3, 0.0,19.3, 329.3, 0.0
839,13,10,27,237,27.7, 16.1, -11.2,0.0, 329.3, 0.0,19.3, 329.3, 0.0
840,13,10,27,759,27.7, 16.1, -11.2,0.0, 329.3, 0.0,19.3, 329.3, 0.0
841,13,10,28,275,27.7, 16.1, -11.2,0.0, 329.3, 0.0,19.3, 329.3, 0.0
842,13,10,28,807,27.7, 16.1, -11.2,0.0, 329.3, 0.0,19.3, 329.3, 0.0
843,13,10,29,327,27.7, 16.1, -11.2,0.0, 329.3, 0.0,19.3, 329.3, 0.0
844,13,10,29,872,27.7, 16.1, -11.2,0.0, 329.3, 0.0,19.3, 329.3, 0.0
845,13,10,30,385,27.7, 16.1, -11.2,0.0, 329.3, 0.0,19.3, 329.3, 0.0
846,13,10,30,901,27.7, 16.1, -11.2,0.0, 329.3, 0.0,19.3, 329.3, 0.0
847,13,10,31,405,27.7, 16.1, -11.2,0.0, 329.3, 0.0,19.3, 329.3, 0.0
848,13,10,31,921,27.7, 16.1, -11.2,0.0, 329.3, 0.0,19.3, 329.3, 0.0
849,13,10,32,423,27.7, 16.1, -11.2,0.0, 329.3, 0.0,19.3, 329.3, 0.0
850,13,10,32,990,27.7, 16.1, -11.2,0.0, 329.3, 0.0,19.3, 329.3, 0.0
851,13,10,33,512,27.7, 16.1, -11.2,0.0, 329.3, 0.0,19.3, 329.3, 0.0
852,13,10,34,38,27.7, 16.1, -11.2,0.0, 329.3, 0.0,19.3, 329.3, 0.0
853,13,10,34,542,27.7, 16.1, -11.2,0.0, 329.3, 0.0,19.3, 329.3, 0.0
854,13,10,35,59,27.7, 16.1, -11.2,0.0, 329.3, 0.0,19.3, 329.3, 0.0
855,13,10,35,571,27.7, 16.1, -11.2,0.0, 329.3, 0.0,19.3, 329.3, 0.0
856,13,10,36,94,27.7, 16.1, -11.2,0.0, 329.3, 0.0,19.3, 329.3, 0.0
857,13,10,36,613,27.7, 16.1, -11.2,0.0, 329.3, 0.0,19.3, 329.3, 0.0
858,13,10,37,150,27.7, 16.1, -11.2,0.0, 329.3, 0.0,19.3, 329.3, 0.0
859,13,10,37,689,27.7, 16.1, -11.2,0.0, 329.3, 0.0,19.3, 329.3, 0.0
860,13,10,38,202,27.7, 16.1, -11.2,0.0, 329.3, 0.0,19.3, 329.3, 0.0
861,13,10,38,715,27.7, 16.1, -11.2,0.0, 329.3, 0.0,19.3, 329.3, 0.0
862,13,10,39,240,27.7, 16.1, -11.2,0.0, 329.3, 0.0,19.3, 329.3, 0.0
863,13,10,39,755,27.7, 16.1, -11.2,0.0, 329.3, 0.0,19.3, 329.3, 0.0
864,13,10,40,260,27.7, 16.1, -11.2,0.0, 329.3, 0.0,19.3, 329.3, 0.0
865,13,10,40,779,27.7, 16.1, -11.2,0.0, 329.3, 0.0,19.3, 329.3, 0.0
866,13,10,41,285,27.7, 16.1, -11.2,0.0, 329.3, 0.0,19.3, 329.3, 0.0
867,13,10,41,808,27.7, 16.1, -11.2,0.0, 329.3, 0.0,19.3, 329.3, 0.0
868,13,10,42,319,27.7, 16.1, -11.2,0.0, 329.3, 0.0,19.3, 329.3, 0.0
869,13,10,42,835,27.7, 16.1, -11.2,0.0, 329.3, 0.0,19.3, 329.3, 0.0
870,13,10,43,361,27.7, 16.1, -11.2,0.0, 329.3, 0.0,19.3, 329.3, 0.0
871,13,10,43,872,27.7, 16.1, -11.2,0.0, 329.3, 0.0,19.3, 329.3, 0.0
872,13,10,44,414,27.7, 16.1, -11.2,0.0, 329.3, 0.0,19.3, 329.3, 0.0
873,13,10,44,927,27.7, 16.1, -11.2,0.0, 329.3, 0.0,19.3, 329.3, 0.0
874,13,10,45,439,27.7, 16.1, -11.2,0.0, 329.3, 0.0,19.3, 329.3, 0.0
875,13,10,45,957,27.7, 16.1, -11.2,0.0, 329.3, 0.0,19.3, 329.3, 0.0
876,13,10,46,461,27.7, 16.1, -11.2,0.0, 329.3, 0.0,19.3, 329.3, 0.0
877,13,10,46,970,27.7, 16.1, -11.2,0.0, 329.3, 0.0,19.3, 329.3, 0.0
878,13,10,47,497,27.7, 16.1, -11.2,0.0, 329.3, 0.0,19.3, 329.3, 0.0
879,13,10,48,24,27.7, 16.1, -11.2,0.0, 329.3, 0.0,19.3, 329.3, 0.0
880,13,10,48,589,27.7, 16.1, -11.2,0.0, 329.3, 0.0,19.3, 329.3, 0.0
881,13,10,49,101,27.7, 16.1, -11.2,0.0, 329.3, 0.0,19.3, 329.3, 0.0
882,13,10,49,611,27.7, 16.1, -11.2,0.0, 329.3, 0.0,19.3, 329.3, 0.0
883,13,10,50,142,27.7, 16.1, -11.2,0.0, 329.3, 0.0,19.3, 329.3, 0.0
884,13,10,50,665,27.7, 16.1, -11.2,0.0, 329.3, 0.0,19.3, 329.3, 0.0
885,13,10,51,172,27.7, 16.1, -11.2,0.0, 329.3, 0.0,19.3, 329.3, 0.0
886,13,10,51,695,27.7, 16.1, -11.2,0.0, 329.3, 0.0,19.3, 329.3, 0.0
887,13,10,52,238,27.7, 16.1, -11.2,0.0, 329.3, 0.0,19.3, 329.3, 0.0
888,13,10,52,766,27.7, 16.1, -11.2,0.0, 329.3, 0.0,19.3, 329.3, 0.0
889,13,10,53,273,27.7, 16.1, -11.2,0.0, 329.3, 0.0,19.3, 329.3, 0.0
890,13,10,53,805,27.7, 16.1, -11.2,0.0, 329.3, 0.0,19.3, 329.3, 0.0
891,13,10,54,323,27.7, 16.1, -11.2,0.0, 329.3, 0.0,19.3, 329.3, 0.0
892,13,10,54,838,27.7, 16.1, -11.2,0.0, 329.3, 0.0,19.3, 329.3, 0.0
893,13,10,55,371,27.7, 16.1, -11.2,0.0, 329.3, 0.0,19.3, 329.3, 0.0
894,13,10,55,911,27.7, 16.1, -11.2,0.0, 329.3, 0.0,19.3, 329.3, 0.0
895,13,10,56,417,27.7, 16.1, -11.2,0.0, 329.3, 0.0,19.3, 329.3, 0.0
896,13,10,56,938,27.7, 16.1, -11.2,0.0, 329.3, 0.0,19.3, 329.3, 0.0
897,13,10,57,458,27.7, 16.1, -11.2,0.0, 329.3, 0.0,19.3, 329.3, 0.0
898,13,10,57,980,27.7, 16.1, -11.2,0.0, 329.3, 0.0,19.3, 329.3, 0.0
899,13,10,58,481,27.7, 16.1, -11.2,0.0, 329.3, 0.0,19.3, 329.3, 0.0
900,13,10,58,992,27.7, 16.1, -11.2,0.0, 329.3, 0.0,19.3, 329.3, 0.0
901,13,10,59,540,27.7, 16.1, -11.2,0.0, 329.3, 0.0,19.3, 329.3, 0.0
902,13,11,00,54,27.7, 16.1, -11.2,0.0, 329.3, 0.0,19.3, 329.3, 0.0
903,13,11,00,557,27.7, 16.1, -11.2,0.0, 329.3, 0.0,19.3, 329.3, 0.0
904,13,11,01,74,27.7, 16.1, -11.2,0.0, 329.3, 0.0,19.3, 329.3, 0.0
905,13,11,01,587,27.7, 16.1, -11.2,0.0, 329.3, 0.0,19.3, 329.3, 0.0
906,13,11,02,102,27.7, 16.1, -11.2,0.0, 329.3, 0.0,19.3, 329.3, 0.0
907,13,11,02,613,27.7, 16.1, -11.2,0.0, 329.3, 0.0,19.3, 329.3, 0.0
908,13,11,03,116,27.7, 16.1, -11.2,0.0, 329.3, 0.0,19.3, 329.3, 0.0
909,13,11,03,643,27.7, 16.1, -11.2,0.0, 329.3, 0.0,19.3, 329.3, 0.0
910,13,11,04,159,27.7, 16.1, -11.2,0.0, 329.3, 0.0,19.3, 329.3, 0.0
911,13,11,04,674,27.7, 16.1, -11.2,0.0, 329.3, 0.0,19.3, 329.3, 0.0
912,13,11,05,178,27.7, 16.1, -11.2,0.0, 329.3, 0.0,19.3, 329.3, 0.0
913,13,11,05,682,27.7, 16.1, -11.2,0.0, 329.3, 0.0,19.3, 329.3, 0.0
914,13,11,06,199,27.7, 16.1, -11.2,0.0, 329.3, 0.0,19.3, 329.3, 0.0
915,13,11,06,734,27.7, 16.1, -11.2,0.0, 329.3, 0.0,19.3, 329.3, 0.0
916,13,11,07,237,27.7, 16.1, -11.2,0.0, 329.3, 0.0,19.3, 329.3, 0.0
917,13,11,07,749,27.7, 16.1, -11.2,0.0, 329.3, 0.0,19.3, 329.3, 0.0
918,13,11,08,263,27.7, 16.1, -11.2,0.0, 329.3, 0.0,19.3, 329.3, 0.0
919,13,11,08,778,27.7, 16.1, -11.2,0.0, 329.3, 0.0,19.3, 329.3, 0.0
920,13,11,09,322,27.7, 16.1, -11.2,0.0, 329.3, 0.0,19.3, 329.3, 0.0
921,13,11,09,829,27.7, 16.1, -11.2,0.0, 329.3, 0.0,19.3, 329.3, 0.0
922,13,11,10,344,27.7, 16.1, -11.2,0.0, 329.3, 0.0,19.3, 329.3, 0.0
923,13,11,10,862,27.7, 16.1, -11.2,0.0, 329.3, 0.0,19.3, 329.3, 0.0
924,13,11,11,384,27.7, 16.1, -11.2,0.0, 329.3, 0.0,19.3, 329.3, 0.0
925,13,11,11,895,27.7, 16.1, -11.2,0.0, 329.3, 0.0,19.3, 329.3, 0.0
926,13,11,12,395,27.7, 16.1, -11.2,0.0, 329.3, 0.0,19.3, 329.3, 0.0
927,13,11,12,917,27.7, 16.1, -11.2,0.0, 329.3, 0.0,19.3, 329.3, 0.0
928,13,11,13,422,27.7, 16.1, -11.2,0.0, 329.3, 0.0,19.3, 329.3, 0.0
929,13,11,13,922,27.7, 16.1, -11.2,0.0, 329.3, 0.0,19.3, 329.3, 0.0
930,13,11,14,422,27.7, 16.1, -11.2,0.0, 329.3, 0.0,19.3, 329.3, 0.0
931,13,11,14,931,27.7, 16.1, -11.2,0.0, 329.3, 0.0,19.3, 329.3, 0.0
932,13,11,15,438,27.7, 16.1, -11.2,0.0, 329.3, 0.0,19.3, 329.3, 0.0
933,13,11,15,944,27.7, 16.1, -11.2,0.0, 329.3, 0.0,19.3, 329.3, 0.0
934,13,11,16,487,27.7, 16.1, -11.2,0.0, 329.3, 0.0,19.3, 329.3, 0.0
935,13,11,17,13,27.7, 16.1, -11.2,0.0, 329.3, 0.0,19.3, 329.3, 0.0
936,13,11,17,524,27.7, 16.1, -11.2,0.0, 329.3, 0.0,19.3, 329.3, 0.0
937,13,11,18,46,27.7, 16.1, -11.2,0.0, 329.3, 0.0,19.3, 329.3, 0.0
938,13,11,18,558,27.7, 16.1, -11.2,0.0, 329.3, 0.0,19.3, 329.3, 0.0
939,13,11,19,67,27.7, 16.1, -11.2,0.0, 329.3, 0.0,19.3, 329.3, 0.0
940,13,11,19,580,27.7, 16.1, -11.2,0.0, 329.3, 0.0,19.3, 329.3, 0.0
941,13,11,20,117,27.7, 16.1, -11.2,0.0, 329.3, 0.0,19.3, 329.3, 0.0
942,13,11,20,622,27.7, 16.1, -11.2,0.0, 329.3, 0.0,19.3, 329.3, 0.0
