id,hour,min,sec,ms,xpos,ypos,zpos,uMousePos,vMousePos,wMousePos,uGazePos,vGazePos,wGazePos
0,15,04,02,417,80.8, 18.8, 134.0,0.0, 238.7, 0.0,0.0, 238.7, 0.0
1,15,04,03,689,80.8, 17.6, 134.0,0.0, 230.2, 0.0,359.1, 230.2, 0.0
2,15,04,04,213,80.8, 17.6, 134.0,0.0, 230.8, 0.0,359.8, 230.8, 0.0
3,15,04,04,715,80.8, 17.6, 134.0,0.0, 269.2, 0.0,357.4, 269.2, 0.0
4,15,04,05,236,80.8, 17.6, 134.0,0.0, 252.0, 0.0,358.2, 252.0, 0.0
5,15,04,05,782,80.8, 17.6, 134.0,0.0, 179.3, 0.0,6.0, 179.3, 0.0
6,15,04,06,282,80.8, 17.6, 134.0,0.0, 175.1, 0.0,4.6, 175.1, 0.0
7,15,04,06,795,80.8, 17.6, 134.0,0.0, 132.8, 0.0,5.8, 132.8, 0.0
8,15,04,07,312,80.8, 17.6, 134.0,0.0, 96.9, 0.0,9.2, 96.9, 0.0
9,15,04,07,829,80.8, 17.6, 134.0,0.0, 96.8, 0.0,9.1, 96.8, 0.0
10,15,04,08,343,80.8, 17.6, 134.0,0.0, 17.8, 0.0,359.8, 17.8, 0.0
11,15,04,08,847,80.8, 17.6, 134.0,0.0, 77.6, 0.0,339.1, 77.6, 0.0
12,15,04,09,361,80.8, 17.6, 134.0,0.0, 16.1, 0.0,347.3, 16.1, 0.0
13,15,04,09,877,80.8, 17.6, 134.0,0.0, 16.1, 0.0,347.3, 16.1, 0.0
14,15,04,10,378,80.8, 17.6, 134.2,0.0, 88.4, 0.0,1.6, 88.4, 0.0
15,15,04,10,881,82.2, 17.3, 135.9,0.0, 111.8, 0.0,8.3, 111.8, 0.0
16,15,04,11,393,83.5, 17.4, 138.0,0.0, 63.2, 0.0,0.8, 63.2, 0.0
17,15,04,11,894,81.4, 17.9, 138.8,0.0, 315.1, 0.0,354.7, 315.1, 0.0
18,15,04,12,523,78.7, 18.4, 139.8,0.0, 233.2, 0.0,1.7, 233.2, 0.0
19,15,04,13,56,76.2, 18.1, 139.3,0.0, 181.7, 0.0,1.7, 181.7, 0.0
20,15,04,13,580,75.0, 17.6, 137.7,0.0, 236.0, 0.0,355.3, 236.0, 0.0
21,15,04,14,79,72.8, 17.2, 136.7,0.0, 250.3, 0.0,353.9, 250.3, 0.0
22,15,04,14,578,70.3, 17.0, 136.9,0.0, 281.2, 0.0,351.2, 281.2, 0.0
23,15,04,15,95,67.9, 17.0, 137.7,0.0, 321.8, 0.0,349.0, 321.8, 0.0
24,15,04,15,597,66.0, 17.6, 139.3,0.0, 309.8, 0.0,349.3, 309.8, 0.0
25,15,04,16,111,63.8, 18.2, 140.4,0.0, 306.2, 0.0,349.7, 306.2, 0.0
26,15,04,16,627,61.3, 18.0, 140.4,0.0, 327.8, 0.0,345.1, 327.8, 0.0
27,15,04,17,130,58.8, 18.3, 140.5,0.0, 293.8, 0.0,344.5, 293.8, 0.0
28,15,04,17,636,56.8, 18.2, 139.1,0.0, 255.6, 0.0,344.5, 255.6, 0.0
29,15,04,18,140,54.7, 18.0, 137.9,0.0, 212.9, 0.0,354.6, 212.9, 0.0
30,15,04,18,649,52.7, 17.7, 136.6,0.0, 235.4, 0.0,350.8, 235.4, 0.0
31,15,04,19,164,50.2, 17.9, 136.6,0.0, 263.0, 0.0,348.9, 263.0, 0.0
32,15,04,19,679,47.7, 18.3, 136.8,0.0, 312.8, 0.0,349.1, 312.8, 0.0
33,15,04,20,207,45.3, 18.4, 135.8,0.0, 218.0, 0.0,350.9, 218.0, 0.0
34,15,04,20,725,44.5, 18.3, 134.0,0.0, 205.7, 0.0,352.4, 205.7, 0.0
35,15,04,21,229,43.9, 18.4, 134.1,0.0, 288.3, 0.0,351.7, 288.3, 0.0
36,15,04,21,744,41.7, 18.5, 135.3,0.0, 319.4, 0.0,350.9, 319.4, 0.0
37,15,04,22,252,39.2, 18.6, 135.1,0.0, 249.6, 0.0,350.9, 249.6, 0.0
38,15,04,22,784,36.8, 18.8, 135.3,0.0, 204.6, 0.0,351.8, 204.6, 0.0
39,15,04,23,308,34.3, 19.0, 136.0,0.0, 184.4, 0.0,354.9, 184.4, 0.0
40,15,04,23,820,34.1, 19.0, 136.0,0.0, 228.9, 0.0,350.8, 228.9, 0.0
41,15,04,24,329,32.4, 19.2, 136.6,0.0, 302.6, 0.0,346.0, 302.6, 0.0
42,15,04,24,831,30.0, 19.6, 136.7,0.0, 272.0, 0.0,347.5, 272.0, 0.0
43,15,04,25,345,27.6, 19.8, 137.6,0.0, 278.4, 0.0,348.7, 278.4, 0.0
44,15,04,25,846,26.3, 20.2, 139.6,0.0, 311.3, 0.0,342.2, 311.3, 0.0
45,15,04,26,347,24.4, 20.6, 141.2,0.0, 311.6, 0.0,341.9, 311.6, 0.0
46,15,04,26,862,22.4, 20.9, 142.6,0.0, 275.1, 0.0,342.3, 275.1, 0.0
47,15,04,27,363,20.7, 21.5, 144.4,0.0, 273.6, 0.0,342.9, 273.6, 0.0
48,15,04,27,895,18.9, 22.2, 146.3,0.0, 246.1, 0.0,347.0, 246.1, 0.0
49,15,04,28,416,16.4, 22.8, 146.3,0.0, 221.2, 0.0,351.2, 221.2, 0.0
50,15,04,28,930,14.5, 23.4, 147.8,0.0, 297.7, 0.0,342.5, 297.7, 0.0
51,15,04,29,446,12.5, 24.0, 149.3,0.0, 310.7, 0.0,341.8, 310.7, 0.0
52,15,04,29,962,10.7, 24.6, 150.9,0.0, 309.6, 0.0,338.8, 309.6, 0.0
53,15,04,30,462,8.8, 25.4, 152.3,0.0, 305.4, 0.0,338.5, 305.4, 0.0
54,15,04,30,962,6.7, 26.0, 153.6,0.0, 300.9, 0.0,338.5, 300.9, 0.0
55,15,04,31,480,4.5, 26.8, 154.7,0.0, 297.6, 0.0,338.6, 297.6, 0.0
56,15,04,31,996,2.6, 27.6, 156.2,0.0, 295.1, 0.0,338.6, 295.1, 0.0
57,15,04,32,498,0.7, 28.4, 157.6,0.0, 288.3, 0.0,338.6, 288.3, 0.0
58,15,04,32,999,-1.6, 29.2, 158.0,0.0, 233.1, 0.0,340.5, 233.1, 0.0
59,15,04,33,513,-3.8, 30.0, 158.8,0.0, 264.8, 0.0,341.0, 264.8, 0.0
60,15,04,34,15,-5.2, 30.7, 160.7,0.0, 281.5, 0.0,339.7, 281.5, 0.0
61,15,04,34,531,-7.5, 31.7, 161.3,0.0, 281.3, 0.0,339.7, 281.3, 0.0
62,15,04,35,32,-9.7, 32.6, 161.9,0.0, 299.5, 0.0,336.7, 299.5, 0.0
63,15,04,35,532,-11.7, 33.7, 162.9,0.0, 281.7, 0.0,330.5, 281.7, 0.0
64,15,04,36,48,-14.1, 34.9, 163.0,0.0, 276.5, 0.0,331.2, 276.5, 0.0
65,15,04,36,563,-16.3, 35.9, 163.4,0.0, 320.2, 0.0,329.8, 320.2, 0.0
66,15,04,37,64,-18.5, 37.0, 163.1,0.0, 264.7, 0.0,332.6, 264.7, 0.0
67,15,04,37,565,-20.8, 38.0, 163.3,0.0, 234.5, 0.0,340.4, 234.5, 0.0
68,15,04,38,161,-23.3, 38.9, 162.0,0.0, 197.7, 0.0,352.8, 197.7, 0.0
69,15,04,38,660,-25.3, 39.7, 160.9,0.0, 209.9, 0.0,351.4, 209.9, 0.0
70,15,04,39,165,-27.4, 40.5, 160.0,0.0, 185.7, 0.0,357.9, 185.7, 0.0
71,15,04,39,700,-29.3, 41.0, 158.0,0.0, 182.0, 0.0,358.5, 182.0, 0.0
72,15,04,40,218,-31.2, 41.7, 156.4,0.0, 190.4, 0.0,356.9, 190.4, 0.0
73,15,04,40,733,-33.4, 42.1, 155.2,0.0, 198.9, 0.0,356.0, 198.9, 0.0
74,15,04,41,250,-35.7, 42.9, 154.2,0.0, 229.5, 0.0,350.7, 229.5, 0.0
75,15,04,41,767,-37.5, 43.4, 152.5,0.0, 173.4, 0.0,5.1, 173.4, 0.0
76,15,04,42,297,-39.0, 44.0, 150.4,0.0, 163.2, 0.0,7.1, 163.2, 0.0
77,15,04,42,836,-40.9, 44.5, 148.7,0.0, 156.3, 0.0,7.0, 156.3, 0.0
78,15,04,43,349,-41.8, 44.9, 146.3,0.0, 156.3, 0.0,7.0, 156.3, 0.0
79,15,04,43,881,-42.9, 45.5, 144.1,0.0, 153.8, 0.0,7.3, 153.8, 0.0
80,15,04,44,382,-44.7, 45.9, 142.7,0.0, 214.9, 0.0,348.8, 214.9, 0.0
81,15,04,44,898,-47.1, 46.1, 141.7,0.0, 248.2, 0.0,346.0, 248.2, 0.0
82,15,04,45,399,-49.4, 46.5, 140.9,0.0, 245.8, 0.0,346.9, 245.8, 0.0
83,15,04,45,940,-51.3, 46.9, 139.0,0.0, 156.2, 0.0,3.0, 156.2, 0.0
84,15,04,46,476,-53.4, 47.2, 137.5,0.0, 179.1, 0.0,358.0, 179.1, 0.0
85,15,04,46,982,-55.9, 47.3, 137.3,0.0, 239.1, 0.0,349.9, 239.1, 0.0
86,15,04,47,499,-58.2, 47.6, 136.3,0.0, 250.7, 0.0,348.5, 250.7, 0.0
87,15,04,47,999,-60.6, 47.9, 135.6,0.0, 253.7, 0.0,348.4, 253.7, 0.0
88,15,04,48,500,-63.0, 48.2, 134.9,0.0, 253.7, 0.0,348.4, 253.7, 0.0
89,15,04,49,1,-65.2, 48.6, 133.8,0.0, 239.9, 0.0,353.6, 239.9, 0.0
90,15,04,49,516,-67.5, 48.8, 132.5,0.0, 240.6, 0.0,352.1, 240.6, 0.0
91,15,04,50,32,-69.7, 48.9, 131.3,0.0, 240.8, 0.0,351.6, 240.8, 0.0
92,15,04,50,533,-72.2, 49.2, 131.1,0.0, 228.2, 0.0,352.7, 228.2, 0.0
93,15,04,51,35,-74.5, 49.2, 130.4,0.0, 222.2, 0.0,353.7, 222.2, 0.0
94,15,04,51,550,-76.7, 49.3, 129.2,0.0, 220.2, 0.0,353.7, 220.2, 0.0
95,15,04,52,66,-79.1, 49.6, 128.3,0.0, 204.0, 0.0,353.7, 204.0, 0.0
96,15,04,52,567,-81.4, 49.9, 127.3,0.0, 203.9, 0.0,353.7, 203.9, 0.0
97,15,04,53,82,-83.2, 50.0, 125.6,0.0, 222.5, 0.0,353.0, 222.5, 0.0
98,15,04,53,585,-84.9, 50.2, 123.9,0.0, 203.4, 0.0,355.2, 203.4, 0.0
99,15,04,54,99,-86.5, 50.4, 121.9,0.0, 186.6, 0.0,357.8, 186.6, 0.0
100,15,04,54,619,-88.2, 50.4, 120.0,0.0, 169.5, 0.0,0.8, 169.5, 0.0
101,15,04,55,173,-89.3, 50.2, 117.4,0.0, 145.5, 0.0,357.1, 145.5, 0.0
102,15,04,55,684,-89.7, 50.2, 115.0,0.0, 143.6, 0.0,355.3, 143.6, 0.0
103,15,04,56,216,-89.3, 50.0, 112.4,0.0, 103.2, 0.0,356.3, 103.2, 0.0
104,15,04,56,716,-87.8, 49.9, 110.4,0.0, 76.1, 0.0,355.7, 76.1, 0.0
105,15,04,57,218,-86.5, 49.5, 108.4,0.0, 52.5, 0.0,356.0, 52.5, 0.0
106,15,04,57,730,-85.3, 49.5, 109.6,0.0, 179.5, 0.0,358.8, 179.5, 0.0
107,15,04,58,235,-85.7, 49.4, 107.5,0.0, 205.0, 0.0,359.1, 205.0, 0.0
108,15,04,58,736,-87.9, 49.5, 107.7,0.0, 217.7, 0.0,7.9, 217.7, 0.0
109,15,04,59,251,-90.0, 49.7, 107.6,0.0, 256.6, 0.0,358.1, 256.6, 0.0
110,15,04,59,752,-92.5, 50.0, 107.7,0.0, 266.6, 0.0,352.1, 266.6, 0.0
111,15,05,00,268,-94.6, 50.2, 106.3,0.0, 213.3, 0.0,359.1, 213.3, 0.0
112,15,05,00,791,-96.6, 50.3, 104.8,0.0, 161.4, 0.0,5.9, 161.4, 0.0
113,15,05,01,352,-98.3, 49.9, 102.7,0.0, 115.5, 0.0,3.1, 115.5, 0.0
114,15,05,01,861,-98.8, 49.5, 100.3,0.0, 100.5, 0.0,2.5, 100.5, 0.0
115,15,05,02,387,-99.0, 49.1, 97.8,0.0, 164.5, 0.0,1.3, 164.5, 0.0
116,15,05,02,902,-99.8, 49.0, 95.4,0.0, 201.0, 0.0,359.4, 201.0, 0.0
117,15,05,03,418,-101.6, 48.9, 93.7,0.0, 260.7, 0.0,347.2, 260.7, 0.0
118,15,05,03,919,-103.8, 49.1, 92.7,0.0, 240.8, 0.0,337.7, 240.8, 0.0
119,15,05,04,459,-104.3, 49.0, 90.2,0.0, 166.2, 0.0,11.3, 166.2, 0.0
120,15,05,04,981,-103.9, 48.7, 88.4,0.0, 166.1, 0.0,11.0, 166.1, 0.0
121,15,05,05,507,-103.3, 48.3, 87.3,0.0, 123.2, 0.0,12.9, 123.2, 0.0
122,15,05,06,40,-101.1, 48.0, 86.1,0.0, 97.6, 0.0,13.1, 97.6, 0.0
123,15,05,06,582,-98.7, 48.1, 87.2,0.0, 91.7, 0.0,10.7, 91.7, 0.0
124,15,05,07,115,-96.5, 46.9, 87.1,0.0, 134.8, 0.0,7.4, 134.8, 0.0
125,15,05,07,622,-95.3, 45.9, 85.2,0.0, 169.6, 0.0,5.6, 169.6, 0.0
126,15,05,08,124,-94.9, 45.0, 83.0,0.0, 183.4, 0.0,8.7, 183.4, 0.0
127,15,05,08,641,-93.4, 44.0, 81.0,0.0, 187.1, 0.0,6.9, 187.1, 0.0
128,15,05,09,157,-93.7, 43.1, 78.6,0.0, 170.8, 0.0,12.5, 170.8, 0.0
129,15,05,09,669,-93.1, 42.1, 76.3,0.0, 166.1, 0.0,13.2, 166.1, 0.0
130,15,05,10,203,-93.8, 41.3, 74.0,0.0, 157.5, 0.0,12.5, 157.5, 0.0
131,15,05,10,725,-94.2, 40.4, 71.6,0.0, 95.6, 0.0,11.2, 95.6, 0.0
132,15,05,11,245,-94.8, 39.5, 69.3,0.0, 92.9, 0.0,10.4, 92.9, 0.0
133,15,05,11,773,-95.6, 38.5, 67.0,0.0, 119.8, 0.0,22.1, 119.8, 0.0
134,15,05,12,301,-94.9, 37.3, 64.9,0.0, 86.3, 0.0,9.5, 86.3, 0.0
135,15,05,12,845,-92.4, 36.3, 64.8,0.0, 83.4, 0.0,9.1, 83.4, 0.0
136,15,05,13,380,-90.4, 34.9, 63.9,0.0, 73.3, 0.0,6.5, 73.3, 0.0
137,15,05,13,892,-88.1, 34.1, 64.8,0.0, 73.8, 0.0,5.5, 73.8, 0.0
138,15,05,14,399,-86.0, 33.1, 65.7,0.0, 101.9, 0.0,8.0, 101.9, 0.0
139,15,05,14,941,-84.1, 32.3, 67.3,0.0, 102.5, 0.0,6.7, 102.5, 0.0
140,15,05,15,461,-82.3, 31.4, 68.9,0.0, 137.0, 0.0,1.3, 137.0, 0.0
141,15,05,15,994,-80.2, 29.8, 69.5,0.0, 104.7, 0.0,3.6, 104.7, 0.0
142,15,05,16,530,-78.4, 28.7, 71.1,0.0, 90.9, 0.0,9.3, 90.9, 0.0
143,15,05,17,55,-76.6, 27.9, 72.7,0.0, 98.7, 0.0,7.4, 98.7, 0.0
144,15,05,17,573,-74.4, 26.6, 72.4,0.0, 118.6, 0.0,7.3, 118.6, 0.0
145,15,05,18,105,-72.0, 25.7, 72.9,0.0, 122.9, 0.0,7.3, 122.9, 0.0
146,15,05,18,621,-69.6, 24.9, 73.3,0.0, 126.8, 0.0,6.8, 126.8, 0.0
147,15,05,19,152,-67.1, 24.0, 73.5,0.0, 153.5, 0.0,6.7, 153.5, 0.0
148,15,05,19,668,-64.9, 23.0, 72.4,0.0, 163.4, 0.0,6.5, 163.4, 0.0
149,15,05,20,185,-63.0, 22.3, 70.8,0.0, 188.3, 0.0,0.8, 188.3, 0.0
150,15,05,20,688,-62.2, 21.4, 68.6,0.0, 197.7, 0.0,358.8, 197.7, 0.0
151,15,05,21,191,-61.5, 20.5, 66.4,0.0, 203.9, 0.0,357.5, 203.9, 0.0
152,15,05,21,704,-61.3, 19.7, 64.0,0.0, 220.2, 0.0,350.1, 220.2, 0.0
153,15,05,22,206,-61.3, 18.9, 61.6,0.0, 199.9, 0.0,359.2, 199.9, 0.0
154,15,05,22,716,-61.7, 18.2, 59.3,0.0, 171.8, 0.0,9.9, 171.8, 0.0
155,15,05,23,231,-63.5, 17.8, 57.4,0.0, 189.6, 0.0,358.0, 189.6, 0.0
156,15,05,23,738,-64.2, 17.1, 55.1,0.0, 208.1, 0.0,348.3, 208.1, 0.0
157,15,05,24,238,-64.9, 16.4, 52.9,0.0, 208.9, 0.0,347.3, 208.9, 0.0
158,15,05,24,780,-64.8, 15.7, 50.4,0.0, 139.9, 0.0,4.9, 139.9, 0.0
159,15,05,25,305,-64.7, 15.2, 47.8,0.0, 128.6, 0.0,4.9, 128.6, 0.0
160,15,05,25,841,-63.7, 14.6, 45.4,0.0, 90.6, 0.0,4.9, 90.6, 0.0
161,15,05,26,371,-63.2, 14.1, 42.9,0.0, 90.5, 0.0,4.9, 90.5, 0.0
162,15,05,26,890,-61.2, 13.7, 41.4,0.0, 65.0, 0.0,9.8, 65.0, 0.0
163,15,05,27,407,-58.7, 13.4, 40.7,0.0, 60.4, 0.0,11.9, 60.4, 0.0
164,15,05,27,919,-56.9, 13.1, 39.2,0.0, 58.9, 0.0,13.6, 58.9, 0.0
165,15,05,28,455,-57.3, 12.7, 36.8,0.0, 89.3, 0.0,8.8, 89.3, 0.0
166,15,05,28,963,-59.0, 12.6, 35.5,0.0, 179.5, 0.0,353.0, 179.5, 0.0
167,15,05,29,477,-60.0, 12.6, 33.4,0.0, 182.3, 0.0,350.8, 182.3, 0.0
168,15,05,29,990,-58.9, 12.4, 31.1,0.0, 210.2, 0.0,343.4, 210.2, 0.0
169,15,05,30,505,-58.6, 12.3, 28.6,0.0, 229.0, 0.0,343.1, 229.0, 0.0
170,15,05,31,7,-58.6, 12.4, 26.1,0.0, 201.3, 0.0,346.8, 201.3, 0.0
171,15,05,31,522,-59.2, 13.1, 23.8,0.0, 197.6, 0.0,353.4, 197.6, 0.0
172,15,05,32,23,-59.7, 13.8, 21.4,0.0, 191.4, 0.0,355.2, 191.4, 0.0
173,15,05,32,523,-59.8, 13.8, 19.0,0.0, 177.5, 0.0,357.6, 177.5, 0.0
174,15,05,33,46,-60.8, 13.3, 16.6,0.0, 170.9, 0.0,358.7, 170.9, 0.0
175,15,05,33,555,-61.4, 12.9, 14.3,0.0, 189.8, 0.0,355.1, 189.8, 0.0
176,15,05,34,56,-62.0, 12.7, 11.8,0.0, 195.5, 0.0,346.6, 195.5, 0.0
177,15,05,34,557,-62.0, 12.8, 9.4,0.0, 172.1, 0.0,358.4, 172.1, 0.0
178,15,05,35,72,-60.8, 13.0, 7.1,0.0, 193.9, 0.0,354.7, 193.9, 0.0
179,15,05,35,582,-59.3, 12.8, 5.1,0.0, 152.9, 0.0,5.0, 152.9, 0.0
180,15,05,36,95,-58.1, 12.4, 2.9,0.0, 156.2, 0.0,4.1, 156.2, 0.0
181,15,05,36,608,-58.4, 12.1, 0.3,0.0, 189.2, 0.0,351.5, 189.2, 0.0
182,15,05,37,125,-57.6, 11.7, -2.0,0.0, 150.5, 0.0,2.1, 150.5, 0.0
183,15,05,37,644,-56.4, 11.2, -4.1,0.0, 114.4, 0.0,6.2, 114.4, 0.0
184,15,05,38,186,-54.3, 10.3, -5.6,0.0, 75.8, 0.0,2.7, 75.8, 0.0
185,15,05,38,694,-52.4, 9.2, -6.6,0.0, 75.7, 0.0,359.9, 75.7, 0.0
186,15,05,39,217,-50.2, 8.0, -7.3,0.0, 111.9, 0.0,358.1, 111.9, 0.0
187,15,05,39,733,-48.0, 6.9, -6.9,0.0, 118.4, 0.0,4.5, 118.4, 0.0
188,15,05,40,248,-45.6, 6.1, -6.5,0.0, 140.0, 0.0,353.9, 140.0, 0.0
189,15,05,40,758,-43.4, 5.5, -7.5,0.0, 164.9, 0.0,347.0, 164.9, 0.0
190,15,05,41,260,-41.1, 5.2, -8.2,0.0, 129.3, 0.0,353.8, 129.3, 0.0
191,15,05,41,760,-38.6, 5.2, -7.7,0.0, 124.0, 0.0,352.8, 124.0, 0.0
192,15,05,42,270,-36.1, 5.6, -7.6,0.0, 132.7, 0.0,349.9, 132.7, 0.0
193,15,05,42,783,-33.8, 6.0, -7.0,0.0, 105.9, 0.0,349.4, 105.9, 0.0
194,15,05,43,291,-31.5, 6.4, -6.6,0.0, 162.2, 0.0,348.8, 162.2, 0.0
195,15,05,43,807,-29.2, 6.6, -7.8,0.0, 209.2, 0.0,359.1, 209.2, 0.0
196,15,05,44,309,-27.0, 6.8, -8.9,0.0, 212.0, 0.0,359.9, 212.0, 0.0
197,15,05,44,819,-24.7, 7.3, -9.1,0.0, 124.1, 0.0,347.8, 124.1, 0.0
198,15,05,45,326,-22.9, 8.0, -7.6,0.0, 82.1, 0.0,344.4, 82.1, 0.0
199,15,05,45,862,-20.6, 8.8, -6.6,0.0, 44.9, 0.0,350.5, 44.9, 0.0
200,15,05,46,380,-18.2, 9.5, -6.2,0.0, 38.1, 0.0,350.8, 38.1, 0.0
201,15,05,46,903,-15.7, 10.0, -5.6,0.0, 27.0, 0.0,351.0, 27.0, 0.0
202,15,05,47,404,-13.4, 10.8, -5.0,0.0, 29.5, 0.0,351.3, 29.5, 0.0
203,15,05,47,961,-10.7, 11.4, -4.5,0.0, 34.4, 0.0,354.3, 34.4, 0.0
204,15,05,48,464,-8.3, 11.7, -4.4,0.0, 47.6, 0.0,355.3, 47.6, 0.0
205,15,05,48,972,-5.9, 12.5, -5.0,0.0, 63.6, 0.0,354.1, 63.6, 0.0
206,15,05,49,495,-3.4, 13.0, -5.6,0.0, 55.1, 0.0,2.1, 55.1, 0.0
207,15,05,49,997,-2.7, 13.4, -7.6,0.0, 143.9, 0.0,353.5, 143.9, 0.0
208,15,05,50,508,-2.3, 13.6, -10.1,0.0, 176.1, 0.0,350.6, 176.1, 0.0
209,15,05,51,24,-1.2, 14.0, -12.3,0.0, 200.3, 0.0,349.6, 200.3, 0.0
210,15,05,51,527,0.1, 14.5, -14.4,0.0, 158.6, 0.0,350.1, 158.6, 0.0
211,15,05,52,34,0.9, 15.1, -16.8,0.0, 123.0, 0.0,344.8, 123.0, 0.0
212,15,05,52,547,1.4, 15.5, -19.3,0.0, 123.3, 0.0,345.4, 123.3, 0.0
213,15,05,53,53,3.1, 15.9, -21.0,0.0, 122.7, 0.0,350.4, 122.7, 0.0
214,15,05,53,561,4.1, 16.2, -23.2,0.0, 116.9, 0.0,354.5, 116.9, 0.0
215,15,05,54,73,6.5, 16.7, -24.0,0.0, 63.0, 0.0,356.3, 63.0, 0.0
216,15,05,54,586,9.0, 17.0, -24.6,0.0, 51.6, 0.0,357.0, 51.6, 0.0
217,15,05,55,107,11.6, 17.0, -24.4,0.0, 39.0, 0.0,357.3, 39.0, 0.0
218,15,05,55,619,14.0, 17.0, -23.8,0.0, 24.8, 0.0,357.5, 24.8, 0.0
219,15,05,56,123,16.3, 17.0, -22.9,0.0, 94.5, 0.0,350.9, 94.5, 0.0
220,15,05,56,637,18.6, 16.8, -21.8,0.0, 101.6, 0.0,350.3, 101.6, 0.0
221,15,05,57,143,20.8, 16.6, -20.7,0.0, 124.8, 0.0,331.1, 124.8, 0.0
222,15,05,57,643,23.2, 16.2, -20.3,0.0, 129.0, 0.0,347.5, 129.0, 0.0
223,15,05,58,144,25.7, 16.5, -20.1,0.0, 129.3, 0.0,350.9, 129.3, 0.0
224,15,05,58,653,28.2, 17.0, -19.8,0.0, 114.7, 0.0,359.6, 114.7, 0.0
225,15,05,59,162,30.6, 16.9, -19.4,0.0, 114.8, 0.0,359.7, 114.8, 0.0
226,15,05,59,667,33.2, 16.7, -19.6,0.0, 146.2, 0.0,354.8, 146.2, 0.0
227,15,06,00,176,35.6, 17.0, -20.0,0.0, 152.6, 0.0,343.9, 152.6, 0.0
228,15,06,00,677,37.6, 17.1, -21.3,0.0, 152.9, 0.0,351.3, 152.9, 0.0
229,15,06,01,183,38.9, 17.0, -21.5,0.0, 99.6, 0.0,0.9, 99.6, 0.0
230,15,06,01,704,36.7, 17.4, -21.0,0.0, 327.2, 0.0,0.9, 327.2, 0.0
231,15,06,02,207,34.4, 17.3, -20.7,0.0, 315.3, 0.0,359.8, 315.3, 0.0
232,15,06,02,712,32.2, 16.8, -19.5,0.0, 299.3, 0.0,355.6, 299.3, 0.0
233,15,06,03,244,30.1, 16.9, -18.0,0.0, 269.0, 0.0,356.3, 269.0, 0.0
234,15,06,03,744,27.8, 17.0, -17.1,0.0, 205.7, 0.0,355.7, 205.7, 0.0
235,15,06,04,245,25.4, 16.9, -16.8,0.0, 161.0, 0.0,340.1, 161.0, 0.0
236,15,06,04,761,23.9, 16.9, -15.1,0.0, 138.6, 0.0,340.1, 138.6, 0.0
237,15,06,05,274,21.7, 16.3, -14.4,0.0, 79.5, 0.0,353.7, 79.5, 0.0
238,15,06,05,779,20.0, 16.5, -13.4,0.0, 13.4, 0.0,0.3, 13.4, 0.0
239,15,06,06,294,20.2, 16.3, -12.3,0.0, 11.4, 0.0,0.3, 11.4, 0.0
240,15,06,06,819,20.7, 16.2, -9.7,0.0, 11.2, 0.0,0.1, 11.2, 0.0
241,15,06,07,338,20.6, 16.8, -7.3,0.0, 14.6, 0.0,359.8, 14.6, 0.0
242,15,06,07,849,21.4, 17.3, -4.9,0.0, 135.4, 0.0,354.8, 135.4, 0.0
243,15,06,08,359,20.8, 17.7, -3.0,0.0, 8.2, 0.0,357.8, 8.2, 0.0
244,15,06,08,876,20.1, 18.2, -0.7,0.0, 7.4, 0.0,357.7, 7.4, 0.0
245,15,06,09,394,19.9, 18.7, 1.7,0.0, 317.0, 0.0,357.8, 317.0, 0.0
246,15,06,09,901,19.8, 18.7, 4.2,0.0, 314.5, 0.0,356.7, 314.5, 0.0
247,15,06,10,415,20.7, 18.7, 6.6,0.0, 284.3, 0.0,355.3, 284.3, 0.0
248,15,06,10,928,20.6, 18.7, 9.1,0.0, 272.3, 0.0,355.3, 272.3, 0.0
249,15,06,11,431,20.8, 18.7, 11.6,0.0, 326.3, 0.0,355.3, 326.3, 0.0
250,15,06,11,943,20.4, 18.7, 14.0,0.0, 333.5, 0.0,350.6, 333.5, 0.0
251,15,06,12,442,20.2, 18.7, 16.4,0.0, 324.7, 0.0,347.7, 324.7, 0.0
252,15,06,12,953,20.1, 18.7, 18.9,0.0, 322.7, 0.0,347.3, 322.7, 0.0
253,15,06,13,461,20.0, 18.7, 21.4,0.0, 329.8, 0.0,348.5, 329.8, 0.0
254,15,06,13,973,19.7, 18.7, 23.9,0.0, 329.8, 0.0,348.5, 329.8, 0.0
255,15,06,14,476,20.4, 18.7, 26.2,0.0, 356.2, 0.0,353.7, 356.2, 0.0
256,15,06,14,981,20.8, 18.8, 28.6,0.0, 2.4, 0.0,355.4, 2.4, 0.0
257,15,06,15,482,20.9, 18.8, 31.1,0.0, 356.9, 0.0,355.5, 356.9, 0.0
258,15,06,15,997,20.6, 18.7, 33.4,0.0, 348.1, 0.0,358.6, 348.1, 0.0
259,15,06,16,513,18.5, 18.7, 35.0,0.0, 356.2, 0.0,5.1, 356.2, 0.0
260,15,06,17,31,17.8, 18.8, 37.0,0.0, 2.0, 0.0,9.9, 2.0, 0.0
261,15,06,17,530,19.2, 18.7, 38.9,0.0, 7.9, 0.0,11.7, 7.9, 0.0
262,15,06,18,47,20.7, 18.8, 40.6,0.0, 351.3, 0.0,15.7, 351.3, 0.0
263,15,06,18,547,19.9, 18.7, 42.7,0.0, 352.3, 0.0,13.5, 352.3, 0.0
264,15,06,19,66,18.8, 18.7, 44.9,0.0, 3.7, 0.0,8.1, 3.7, 0.0
265,15,06,19,590,18.8, 18.7, 47.5,0.0, 360.0, 0.0,8.6, 360.0, 0.0
266,15,06,20,96,18.5, 18.7, 50.0,0.0, 334.4, 0.0,3.1, 334.4, 0.0
267,15,06,20,610,17.9, 18.7, 52.4,0.0, 274.2, 0.0,23.7, 274.2, 0.0
268,15,06,21,114,17.3, 18.8, 54.7,0.0, 245.9, 0.0,25.2, 245.9, 0.0
269,15,06,21,615,17.8, 18.7, 57.1,0.0, 331.2, 0.0,1.7, 331.2, 0.0
270,15,06,22,131,19.8, 18.7, 58.7,0.0, 348.4, 0.0,348.7, 348.4, 0.0
271,15,06,22,646,19.6, 18.7, 61.2,0.0, 348.6, 0.0,349.0, 348.6, 0.0
272,15,06,23,146,19.2, 18.7, 63.7,0.0, 349.5, 0.0,350.7, 349.5, 0.0
273,15,06,23,647,19.1, 18.7, 66.1,0.0, 1.8, 0.0,354.0, 1.8, 0.0
274,15,06,24,163,17.8, 18.8, 68.2,0.0, 322.7, 0.0,354.3, 322.7, 0.0
275,15,06,24,680,15.7, 18.4, 69.4,0.0, 314.6, 0.0,354.3, 314.6, 0.0
276,15,06,25,196,13.4, 18.1, 70.7,0.0, 332.2, 0.0,351.2, 332.2, 0.0
277,15,06,25,713,11.0, 18.2, 71.6,0.0, 346.7, 0.0,352.2, 346.7, 0.0
278,15,06,26,213,8.9, 18.4, 72.8,0.0, 325.7, 0.0,352.4, 325.7, 0.0
279,15,06,26,714,6.6, 18.8, 73.7,0.0, 333.2, 0.0,352.3, 333.2, 0.0
280,15,06,27,214,5.2, 18.9, 74.7,0.0, 30.8, 0.0,353.0, 30.8, 0.0
281,15,06,27,730,5.1, 18.9, 74.7,0.0, 335.8, 0.0,22.1, 335.8, 0.0
282,15,06,28,233,3.8, 19.1, 74.7,0.0, 317.8, 0.0,25.1, 317.8, 0.0
283,15,06,28,747,3.7, 19.4, 76.3,0.0, 7.2, 0.0,9.5, 7.2, 0.0
284,15,06,29,250,3.5, 19.1, 78.6,0.0, 47.3, 0.0,3.4, 47.3, 0.0
285,15,06,29,750,4.6, 19.0, 80.7,0.0, 47.3, 0.0,3.4, 47.3, 0.0
286,15,06,30,263,6.1, 19.0, 82.7,0.0, 83.7, 0.0,1.4, 83.7, 0.0
287,15,06,30,789,8.0, 18.8, 84.7,0.0, 108.5, 0.0,8.4, 108.5, 0.0
288,15,06,31,307,10.4, 18.2, 85.1,0.0, 145.1, 0.0,1.6, 145.1, 0.0
289,15,06,31,842,12.2, 18.0, 83.5,0.0, 203.5, 0.0,350.3, 203.5, 0.0
290,15,06,32,347,11.1, 19.0, 81.5,0.0, 200.9, 0.0,350.4, 200.9, 0.0
291,15,06,32,849,10.1, 20.3, 79.7,0.0, 197.1, 0.0,353.6, 197.1, 0.0
292,15,06,33,358,8.7, 21.4, 78.1,0.0, 154.2, 0.0,354.1, 154.2, 0.0
293,15,06,33,862,9.2, 21.9, 75.9,0.0, 96.9, 0.0,347.6, 96.9, 0.0
294,15,06,34,379,10.9, 23.2, 74.8,0.0, 96.8, 0.0,354.0, 96.8, 0.0
295,15,06,34,883,12.6, 24.4, 73.8,0.0, 78.8, 0.0,355.1, 78.8, 0.0
296,15,06,35,386,14.8, 24.9, 73.9,0.0, 13.6, 0.0,351.5, 13.6, 0.0
297,15,06,35,900,15.7, 26.0, 76.0,0.0, 4.6, 0.0,355.1, 4.6, 0.0
298,15,06,36,401,16.6, 26.9, 77.8,0.0, 287.6, 0.0,10.3, 287.6, 0.0
299,15,06,36,918,15.3, 27.0, 79.6,0.0, 234.5, 0.0,7.1, 234.5, 0.0
300,15,06,37,505,13.1, 27.2, 78.2,0.0, 192.2, 0.0,9.1, 192.2, 0.0
301,15,06,38,20,12.8, 27.2, 76.0,0.0, 187.8, 0.0,7.4, 187.8, 0.0
302,15,06,38,531,13.8, 27.2, 76.4,0.0, 141.1, 0.0,2.9, 141.1, 0.0
303,15,06,39,47,13.8, 27.2, 76.4,0.0, 70.0, 0.0,4.2, 70.0, 0.0
304,15,06,39,552,13.8, 27.2, 76.4,0.0, 55.6, 0.0,4.1, 55.6, 0.0
305,15,06,40,64,14.7, 27.2, 78.4,0.0, 336.6, 0.0,358.3, 336.6, 0.0
306,15,06,40,567,14.1, 27.0, 80.3,0.0, 310.4, 0.0,348.9, 310.4, 0.0
307,15,06,41,83,14.3, 27.0, 80.6,0.0, 309.8, 0.0,347.0, 309.8, 0.0
308,15,06,41,583,13.2, 27.2, 79.0,0.0, 292.6, 0.0,350.3, 292.6, 0.0
309,15,06,42,84,12.5, 27.2, 77.2,0.0, 298.1, 0.0,351.8, 298.1, 0.0
310,15,06,42,601,12.7, 27.2, 78.8,0.0, 48.2, 0.0,0.6, 48.2, 0.0
311,15,06,43,104,14.7, 27.0, 79.9,0.0, 86.2, 0.0,3.2, 86.2, 0.0
312,15,06,43,620,17.1, 27.0, 79.0,0.0, 149.4, 0.0,20.9, 149.4, 0.0
313,15,06,44,136,17.1, 27.0, 77.7,0.0, 200.9, 0.0,28.6, 200.9, 0.0
314,15,06,44,644,17.1, 27.0, 77.7,0.0, 200.8, 0.0,29.2, 200.8, 0.0
315,15,06,45,158,16.0, 26.0, 75.9,0.0, 224.3, 0.0,28.3, 224.3, 0.0
316,15,06,45,666,14.3, 24.9, 74.2,0.0, 275.2, 0.0,22.4, 275.2, 0.0
317,15,06,46,172,12.4, 24.2, 74.0,0.0, 302.3, 0.0,21.8, 302.3, 0.0
318,15,06,46,683,10.6, 22.9, 75.1,0.0, 301.6, 0.0,20.2, 301.6, 0.0
319,15,06,47,183,9.2, 21.6, 76.6,0.0, 7.4, 0.0,26.2, 7.4, 0.0
320,15,06,47,683,9.6, 20.9, 78.7,0.0, 45.1, 0.0,15.4, 45.1, 0.0
321,15,06,48,188,10.7, 19.6, 80.5,0.0, 53.2, 0.0,10.1, 53.2, 0.0
322,15,06,48,707,12.4, 18.4, 81.8,0.0, 128.9, 0.0,1.3, 128.9, 0.0
323,15,06,49,215,14.4, 17.9, 82.6,0.0, 110.6, 0.0,358.6, 110.6, 0.0
324,15,06,49,717,16.8, 17.9, 83.0,0.0, 121.5, 0.0,357.4, 121.5, 0.0
325,15,06,50,217,18.6, 17.9, 81.5,0.0, 160.9, 0.0,352.0, 160.9, 0.0
326,15,06,50,733,20.7, 17.4, 80.5,0.0, 125.7, 0.0,353.6, 125.7, 0.0
327,15,06,51,236,23.2, 17.7, 80.5,0.0, 113.0, 0.0,353.9, 113.0, 0.0
328,15,06,51,739,24.8, 17.8, 78.9,0.0, 121.3, 0.0,353.5, 121.3, 0.0
329,15,06,52,260,24.3, 18.0, 76.4,0.0, 158.6, 0.0,353.1, 158.6, 0.0
330,15,06,52,763,22.4, 18.0, 74.8,0.0, 228.4, 0.0,358.2, 228.4, 0.0
331,15,06,53,293,20.3, 18.0, 73.7,0.0, 211.0, 0.0,357.1, 211.0, 0.0
332,15,06,53,793,19.6, 18.3, 71.3,0.0, 232.7, 0.0,356.6, 232.7, 0.0
333,15,06,54,296,18.7, 18.7, 69.1,0.0, 241.6, 0.0,356.5, 241.6, 0.0
334,15,06,54,802,16.7, 18.7, 68.4,0.0, 213.7, 0.0,359.6, 213.7, 0.0
335,15,06,55,315,14.6, 18.3, 69.6,0.0, 204.3, 0.0,1.1, 204.3, 0.0
336,15,06,55,816,12.9, 18.0, 71.3,0.0, 269.4, 0.0,0.8, 269.4, 0.0
337,15,06,56,320,10.5, 18.2, 72.0,0.0, 263.0, 0.0,2.3, 263.0, 0.0
338,15,06,56,836,8.3, 18.6, 72.7,0.0, 233.0, 0.0,6.3, 233.0, 0.0
339,15,06,57,353,7.0, 18.3, 70.8,0.0, 242.5, 0.0,7.4, 242.5, 0.0
340,15,06,57,867,5.7, 17.6, 68.9,0.0, 185.9, 0.0,33.0, 185.9, 0.0
341,15,06,58,376,6.2, 16.3, 66.9,0.0, 176.6, 0.0,26.8, 176.6, 0.0
342,15,06,58,881,7.0, 15.0, 65.0,0.0, 164.4, 0.0,20.6, 164.4, 0.0
343,15,06,59,391,8.5, 14.3, 63.0,0.0, 159.0, 0.0,19.7, 159.0, 0.0
344,15,06,59,892,8.7, 12.8, 61.1,0.0, 138.6, 0.0,19.1, 138.6, 0.0
345,15,07,00,412,9.8, 11.3, 59.5,0.0, 143.8, 0.0,16.0, 143.8, 0.0
346,15,07,00,922,9.8, 9.7, 57.8,0.0, 166.3, 0.0,6.8, 166.3, 0.0
347,15,07,01,458,10.3, 9.0, 55.3,0.0, 174.5, 0.0,3.2, 174.5, 0.0
348,15,07,01,974,11.6, 8.7, 53.2,0.0, 186.5, 0.0,1.1, 186.5, 0.0
349,15,07,02,491,12.9, 8.6, 50.9,0.0, 195.6, 0.0,359.8, 195.6, 0.0
350,15,07,03,18,15.0, 8.8, 49.6,0.0, 148.5, 0.0,357.2, 148.5, 0.0
351,15,07,03,538,17.1, 9.3, 48.1,0.0, 124.7, 0.0,357.7, 124.7, 0.0
352,15,07,04,38,19.0, 9.7, 46.6,0.0, 137.7, 0.0,355.7, 137.7, 0.0
353,15,07,04,555,21.5, 10.0, 45.9,0.0, 137.7, 0.0,355.7, 137.7, 0.0
354,15,07,05,59,23.2, 9.8, 44.1,0.0, 137.7, 0.0,355.7, 137.7, 0.0
355,15,07,05,571,25.5, 9.4, 43.0,0.0, 137.7, 0.0,355.7, 137.7, 0.0
356,15,07,06,75,27.2, 8.6, 41.3,0.0, 137.1, 0.0,355.6, 137.1, 0.0
357,15,07,06,575,29.0, 7.6, 39.9,0.0, 128.2, 0.0,353.0, 128.2, 0.0
358,15,07,07,79,30.6, 6.7, 38.3,0.0, 127.5, 0.0,352.4, 127.5, 0.0
359,15,07,07,594,32.3, 6.1, 36.6,0.0, 112.4, 0.0,349.3, 112.4, 0.0
360,15,07,08,96,33.6, 6.5, 34.5,0.0, 95.3, 0.0,348.8, 95.3, 0.0
361,15,07,08,607,35.7, 6.4, 33.0,0.0, 122.3, 0.0,351.2, 122.3, 0.0
362,15,07,09,111,37.9, 6.1, 31.8,0.0, 144.5, 0.0,354.9, 144.5, 0.0
363,15,07,09,619,40.3, 6.1, 31.3,0.0, 145.9, 0.0,354.9, 145.9, 0.0
364,15,07,10,126,42.7, 6.2, 30.3,0.0, 172.0, 0.0,350.3, 172.0, 0.0
365,15,07,10,626,44.7, 6.0, 28.9,0.0, 160.2, 0.0,350.3, 160.2, 0.0
366,15,07,11,139,46.7, 5.9, 27.4,0.0, 125.3, 0.0,350.3, 125.3, 0.0
367,15,07,11,645,48.3, 5.9, 25.5,0.0, 94.5, 0.0,350.7, 94.5, 0.0
368,15,07,12,146,49.3, 5.5, 23.3,0.0, 131.5, 0.0,350.6, 131.5, 0.0
369,15,07,12,653,50.5, 5.5, 21.2,0.0, 146.0, 0.0,355.7, 146.0, 0.0
370,15,07,13,155,51.3, 5.3, 18.9,0.0, 147.7, 0.0,356.4, 147.7, 0.0
371,15,07,13,660,50.7, 4.6, 16.6,0.0, 159.6, 0.0,28.7, 159.6, 0.0
372,15,07,14,174,50.8, 4.3, 14.1,0.0, 155.7, 0.0,45.0, 155.7, 0.0
373,15,07,14,679,52.0, 4.2, 11.9,0.0, 144.0, 0.0,7.3, 144.0, 0.0
374,15,07,15,191,52.1, 4.1, 10.7,0.0, 124.5, 0.0,354.7, 124.5, 0.0
375,15,07,15,706,51.2, 4.1, 9.0,0.0, 169.4, 0.0,354.5, 169.4, 0.0
376,15,07,16,208,50.0, 5.0, 7.0,0.0, 192.1, 0.0,353.0, 192.1, 0.0
377,15,07,16,712,49.0, 5.0, 4.8,0.0, 220.7, 0.0,350.6, 220.7, 0.0
378,15,07,17,259,47.2, 4.8, 2.8,0.0, 267.1, 0.0,350.0, 267.1, 0.0
379,15,07,17,768,45.1, 4.9, 1.4,0.0, 289.7, 0.0,350.6, 289.7, 0.0
380,15,07,18,327,42.6, 5.7, 0.8,0.0, 329.9, 0.0,350.9, 329.9, 0.0
381,15,07,18,848,40.5, 6.8, -0.4,0.0, 330.1, 0.0,350.9, 330.1, 0.0
382,15,07,19,352,38.6, 8.0, -1.5,0.0, 299.5, 0.0,349.4, 299.5, 0.0
383,15,07,19,861,37.2, 9.3, -3.1,0.0, 233.0, 0.0,341.6, 233.0, 0.0
384,15,07,20,371,35.7, 10.7, -4.6,0.0, 231.2, 0.0,340.9, 231.2, 0.0
385,15,07,20,888,35.0, 12.0, -6.6,0.0, 231.4, 0.0,340.6, 231.4, 0.0
386,15,07,21,390,33.4, 13.2, -8.0,0.0, 175.7, 0.0,342.3, 175.7, 0.0
387,15,07,21,906,32.0, 14.5, -9.8,0.0, 173.9, 0.0,343.1, 173.9, 0.0
388,15,07,22,412,31.2, 15.5, -11.9,0.0, 137.2, 0.0,353.5, 137.2, 0.0
389,15,07,22,923,29.5, 16.4, -13.5,0.0, 148.4, 0.0,354.8, 148.4, 0.0
390,15,07,23,424,27.1, 16.8, -14.0,0.0, 198.4, 0.0,355.1, 198.4, 0.0
391,15,07,23,938,24.7, 17.2, -14.0,0.0, 256.4, 0.0,355.3, 256.4, 0.0
392,15,07,24,453,22.5, 16.5, -13.6,0.0, 301.3, 0.0,357.1, 301.3, 0.0
393,15,07,25,5,20.1, 16.4, -12.9,0.0, 316.2, 0.0,1.3, 316.2, 0.0
394,15,07,25,530,18.8, 16.6, -10.6,0.0, 345.9, 0.0,3.7, 345.9, 0.0
395,15,07,26,44,18.9, 16.6, -8.6,0.0, 315.7, 0.0,9.7, 315.7, 0.0
396,15,07,26,560,16.4, 16.4, -8.4,0.0, 314.9, 0.0,7.4, 314.9, 0.0
397,15,07,27,76,14.1, 15.9, -7.5,0.0, 328.4, 0.0,355.3, 328.4, 0.0
398,15,07,27,582,11.7, 15.2, -7.2,0.0, 328.3, 0.0,354.3, 328.3, 0.0
399,15,07,28,103,9.6, 14.8, -5.8,0.0, 295.5, 0.0,2.1, 295.5, 0.0
400,15,07,28,612,8.0, 13.9, -4.1,0.0, 290.6, 0.0,356.1, 290.6, 0.0
401,15,07,29,114,6.6, 12.9, -2.2,0.0, 280.4, 0.0,354.6, 280.4, 0.0
402,15,07,29,626,4.7, 12.2, -0.7,0.0, 263.6, 0.0,356.3, 263.6, 0.0
403,15,07,30,147,2.2, 12.3, -1.0,0.0, 250.9, 0.0,356.6, 250.9, 0.0
404,15,07,30,657,-0.2, 12.5, -1.6,0.0, 248.4, 0.0,357.3, 248.4, 0.0
405,15,07,31,160,-2.5, 12.3, -0.8,0.0, 269.8, 0.0,357.8, 269.8, 0.0
406,15,07,31,661,-4.3, 12.0, 0.9,0.0, 255.7, 0.0,357.8, 255.7, 0.0
407,15,07,32,181,-6.9, 11.8, 0.7,0.0, 191.0, 0.0,352.6, 191.0, 0.0
408,15,07,32,693,-9.4, 11.8, 0.7,0.0, 188.2, 0.0,351.8, 188.2, 0.0
409,15,07,33,197,-10.2, 11.6, 0.8,0.0, 192.1, 0.0,348.8, 192.1, 0.0
410,15,07,33,707,-7.8, 11.9, 0.0,0.0, 197.5, 0.0,346.4, 197.5, 0.0
411,15,07,34,223,-6.5, 12.2, -2.1,0.0, 197.9, 0.0,346.3, 197.9, 0.0
412,15,07,34,740,-5.4, 12.6, -4.4,0.0, 198.3, 0.0,346.1, 198.3, 0.0
413,15,07,35,242,-4.4, 13.1, -6.7,0.0, 181.9, 0.0,347.5, 181.9, 0.0
414,15,07,35,747,-4.6, 13.2, -9.2,0.0, 191.2, 0.0,347.6, 191.2, 0.0
415,15,07,36,257,-4.8, 13.4, -11.7,0.0, 198.5, 0.0,347.5, 198.5, 0.0
416,15,07,36,757,-3.9, 14.0, -13.9,0.0, 209.8, 0.0,348.9, 209.8, 0.0
417,15,07,37,274,-4.5, 14.5, -16.3,0.0, 216.8, 0.0,352.2, 216.8, 0.0
418,15,07,37,774,-6.2, 15.2, -18.0,0.0, 220.5, 0.0,353.7, 220.5, 0.0
419,15,07,38,291,-8.0, 15.9, -19.7,0.0, 221.0, 0.0,354.5, 221.0, 0.0
420,15,07,38,791,-9.7, 16.5, -21.4,0.0, 221.0, 0.0,355.0, 221.0, 0.0
421,15,07,39,307,-11.5, 16.9, -23.3,0.0, 223.2, 0.0,354.8, 223.2, 0.0
422,15,07,39,807,-13.4, 17.4, -24.8,0.0, 225.6, 0.0,352.1, 225.6, 0.0
423,15,07,40,324,-15.2, 17.6, -26.4,0.0, 220.3, 0.0,5.8, 220.3, 0.0
424,15,07,40,824,-17.0, 17.3, -27.8,0.0, 227.8, 0.0,2.8, 227.8, 0.0
425,15,07,41,324,-18.2, 18.1, -29.6,0.0, 192.2, 0.0,1.7, 192.2, 0.0
426,15,07,41,841,-18.3, 19.1, -31.9,0.0, 203.6, 0.0,2.1, 203.6, 0.0
427,15,07,42,358,-18.5, 19.0, -33.2,0.0, 223.7, 0.0,2.8, 223.7, 0.0
428,15,07,42,858,-17.9, 18.8, -34.5,0.0, 191.9, 0.0,12.7, 191.9, 0.0
429,15,07,43,360,-18.5, 18.5, -36.6,0.0, 218.8, 0.0,2.0, 218.8, 0.0
430,15,07,43,875,-19.3, 18.8, -39.0,0.0, 187.5, 0.0,11.0, 187.5, 0.0
431,15,07,44,375,-19.3, 18.9, -39.2,0.0, 209.2, 0.0,359.8, 209.2, 0.0
432,15,07,44,875,-19.3, 18.9, -39.2,0.0, 231.8, 0.0,352.9, 231.8, 0.0
433,15,07,45,376,-20.6, 18.2, -37.6,0.0, 231.8, 0.0,352.9, 231.8, 0.0
434,15,07,45,891,-19.9, 18.7, -38.6,0.0, 237.1, 0.0,352.9, 237.1, 0.0
435,15,07,46,392,-19.6, 18.8, -39.1,0.0, 239.3, 0.0,353.1, 239.3, 0.0
436,15,07,46,909,-19.6, 18.8, -39.1,0.0, 243.6, 0.0,1.3, 243.6, 0.0
437,15,07,47,409,-19.6, 18.8, -39.1,0.0, 243.8, 0.0,3.0, 243.8, 0.0
438,15,07,47,913,-19.8, 18.7, -38.4,0.0, 344.8, 0.0,1.6, 344.8, 0.0
439,15,07,48,426,-19.7, 18.2, -36.0,0.0, 16.9, 0.0,2.9, 16.9, 0.0
440,15,07,48,946,-19.0, 18.3, -35.8,0.0, 18.0, 0.0,2.0, 18.0, 0.0
441,15,07,49,469,-17.5, 19.1, -34.1,0.0, 16.4, 0.0,8.6, 16.4, 0.0
442,15,07,49,994,-16.7, 19.0, -31.8,0.0, 20.5, 0.0,9.7, 20.5, 0.0
443,15,07,50,500,-16.2, 18.2, -29.5,0.0, 32.8, 0.0,2.9, 32.8, 0.0
444,15,07,51,23,-15.1, 17.4, -27.8,0.0, 60.7, 0.0,356.8, 60.7, 0.0
445,15,07,51,534,-13.1, 18.3, -26.7,0.0, 72.7, 0.0,356.9, 72.7, 0.0
446,15,07,52,42,-11.2, 17.6, -25.7,0.0, 18.9, 0.0,0.2, 18.9, 0.0
447,15,07,52,550,-10.2, 17.1, -23.4,0.0, 339.4, 0.0,5.0, 339.4, 0.0
448,15,07,53,66,-9.1, 16.5, -21.2,0.0, 337.5, 0.0,21.6, 337.5, 0.0
449,15,07,53,578,-8.3, 15.5, -19.0,0.0, 299.3, 0.0,14.3, 299.3, 0.0
450,15,07,54,78,-9.3, 14.9, -16.9,0.0, 289.5, 0.0,10.3, 289.5, 0.0
451,15,07,54,593,-11.2, 14.2, -15.4,0.0, 262.1, 0.0,10.6, 262.1, 0.0
452,15,07,55,95,-13.3, 13.0, -14.8,0.0, 267.2, 0.0,19.4, 267.2, 0.0
453,15,07,55,609,-15.6, 11.4, -13.9,0.0, 255.7, 0.0,9.9, 255.7, 0.0
454,15,07,56,111,-17.2, 9.1, -12.1,0.0, 278.0, 0.0,1.9, 278.0, 0.0
455,15,07,56,612,-18.4, 8.9, -9.9,0.0, 287.3, 0.0,348.8, 287.3, 0.0
456,15,07,57,130,-19.6, 8.9, -7.6,0.0, 298.9, 0.0,345.8, 298.9, 0.0
457,15,07,57,646,-20.1, 9.1, -5.1,0.0, 331.6, 0.0,341.6, 331.6, 0.0
458,15,07,58,162,-21.5, 9.1, -3.2,0.0, 291.5, 0.0,343.5, 291.5, 0.0
459,15,07,58,670,-23.0, 9.3, -1.2,0.0, 291.3, 0.0,343.0, 291.3, 0.0
460,15,07,59,178,-24.1, 9.6, 1.1,0.0, 291.5, 0.0,342.8, 291.5, 0.0
461,15,07,59,682,-24.8, 9.6, 3.4,0.0, 319.9, 0.0,342.5, 319.9, 0.0
462,15,08,00,203,-26.1, 10.0, 5.6,0.0, 319.9, 0.0,342.5, 319.9, 0.0
463,15,08,00,712,-25.9, 10.4, 8.1,0.0, 319.9, 0.0,341.9, 319.9, 0.0
464,15,08,01,241,-26.5, 10.2, 10.6,0.0, 19.9, 0.0,348.8, 19.9, 0.0
465,15,08,01,754,-27.5, 10.4, 13.0,0.0, 27.1, 0.0,349.1, 27.1, 0.0
466,15,08,02,257,-28.2, 10.7, 15.4,0.0, 28.6, 0.0,349.2, 28.6, 0.0
467,15,08,02,771,-28.1, 10.6, 17.9,0.0, 26.1, 0.0,349.3, 26.1, 0.0
468,15,08,03,276,-27.2, 10.7, 20.2,0.0, 343.7, 0.0,349.3, 343.7, 0.0
469,15,08,03,779,-27.6, 10.7, 22.6,0.0, 254.1, 0.0,348.8, 254.1, 0.0
470,15,08,04,299,-28.8, 10.6, 24.9,0.0, 232.4, 0.0,348.7, 232.4, 0.0
471,15,08,04,811,-30.4, 10.6, 26.9,0.0, 228.5, 0.0,348.9, 228.5, 0.0
472,15,08,05,316,-29.6, 10.5, 29.1,0.0, 228.5, 0.0,348.9, 228.5, 0.0
473,15,08,05,816,-29.0, 10.4, 31.3,0.0, 164.0, 0.0,349.1, 164.0, 0.0
474,15,08,06,327,-27.6, 10.3, 33.0,0.0, 71.3, 0.0,359.4, 71.3, 0.0
475,15,08,06,853,-27.2, 10.4, 34.8,0.0, 93.2, 0.0,359.6, 93.2, 0.0
476,15,08,07,359,-24.9, 10.2, 35.2,0.0, 6.3, 0.0,4.1, 6.3, 0.0
477,15,08,07,869,-24.9, 10.2, 35.4,0.0, 306.6, 0.0,5.4, 306.6, 0.0
478,15,08,08,380,-22.7, 10.2, 35.4,0.0, 306.3, 0.0,5.4, 306.3, 0.0
479,15,08,08,895,-21.6, 10.1, 35.9,0.0, 344.1, 0.0,351.0, 344.1, 0.0
480,15,08,09,402,-21.3, 10.0, 38.1,0.0, 39.2, 0.0,343.7, 39.2, 0.0
481,15,08,09,924,-19.5, 10.1, 40.0,0.0, 97.1, 0.0,343.8, 97.1, 0.0
482,15,08,10,427,-17.3, 10.2, 41.3,0.0, 128.8, 0.0,350.7, 128.8, 0.0
483,15,08,10,964,-15.1, 10.7, 42.3,0.0, 162.6, 0.0,353.3, 162.6, 0.0
484,15,08,11,471,-12.5, 11.0, 42.0,0.0, 222.1, 0.0,353.3, 222.1, 0.0
485,15,08,11,982,-10.1, 11.3, 41.7,0.0, 247.1, 0.0,353.3, 247.1, 0.0
486,15,08,12,483,-7.7, 11.6, 41.9,0.0, 260.0, 0.0,354.2, 260.0, 0.0
487,15,08,12,994,-5.3, 11.6, 41.6,0.0, 202.1, 0.0,354.9, 202.1, 0.0
488,15,08,13,528,-4.9, 11.9, 44.2,0.0, 79.9, 0.0,356.6, 79.9, 0.0
489,15,08,14,30,-5.2, 12.3, 46.3,0.0, 358.7, 0.0,1.5, 358.7, 0.0
490,15,08,14,547,-6.6, 12.7, 48.3,0.0, 305.6, 0.0,352.5, 305.6, 0.0
491,15,08,15,47,-8.5, 13.0, 49.8,0.0, 306.2, 0.0,352.6, 306.2, 0.0
492,15,08,15,565,-9.1, 13.7, 52.1,0.0, 306.1, 0.0,352.7, 306.1, 0.0
493,15,08,16,66,-10.7, 14.3, 53.9,0.0, 250.4, 0.0,354.6, 250.4, 0.0
494,15,08,16,580,-12.0, 14.8, 55.9,0.0, 225.6, 0.0,357.3, 225.6, 0.0
495,15,08,17,83,-12.2, 15.6, 58.2,0.0, 224.5, 0.0,357.2, 224.5, 0.0
496,15,08,17,593,-12.2, 16.3, 60.7,0.0, 218.0, 0.0,357.6, 218.0, 0.0
497,15,08,18,95,-12.5, 17.1, 63.1,0.0, 212.6, 0.0,358.2, 212.6, 0.0
498,15,08,18,653,-12.5, 18.0, 65.7,0.0, 168.8, 0.0,0.8, 168.8, 0.0
499,15,08,19,163,-12.5, 18.9, 68.0,0.0, 152.8, 0.0,1.4, 152.8, 0.0
500,15,08,19,668,-12.0, 19.4, 70.0,0.0, 108.6, 0.0,3.9, 108.6, 0.0
501,15,08,20,181,-11.5, 20.0, 72.3,0.0, 55.1, 0.0,5.0, 55.1, 0.0
502,15,08,20,684,-9.5, 19.8, 72.8,0.0, 55.2, 0.0,3.6, 55.2, 0.0
503,15,08,21,198,-8.1, 19.3, 74.9,0.0, 61.4, 0.0,0.8, 61.4, 0.0
504,15,08,21,753,-6.5, 19.3, 76.7,0.0, 137.7, 0.0,358.1, 137.7, 0.0
505,15,08,22,276,-4.1, 18.7, 77.1,0.0, 189.8, 0.0,357.8, 189.8, 0.0
506,15,08,22,791,-1.8, 18.6, 77.9,0.0, 213.6, 0.0,357.1, 213.6, 0.0
507,15,08,23,293,0.2, 18.6, 79.5,0.0, 233.0, 0.0,354.2, 233.0, 0.0
508,15,08,23,822,1.6, 18.5, 81.3,0.0, 135.4, 0.0,356.2, 135.4, 0.0
509,15,08,24,331,2.6, 18.5, 83.6,0.0, 57.9, 0.0,355.2, 57.9, 0.0
510,15,08,24,831,4.4, 18.5, 85.2,0.0, 56.6, 0.0,355.3, 56.6, 0.0
511,15,08,25,347,5.3, 18.5, 87.5,0.0, 356.7, 0.0,356.4, 356.7, 0.0
512,15,08,25,847,6.9, 18.3, 89.4,0.0, 357.9, 0.0,347.6, 357.9, 0.0
513,15,08,26,363,8.0, 18.6, 91.5,0.0, 311.2, 0.0,343.3, 311.2, 0.0
514,15,08,26,864,7.0, 19.5, 93.6,0.0, 290.6, 0.0,339.1, 290.6, 0.0
515,15,08,27,390,5.6, 20.5, 95.4,0.0, 251.5, 0.0,346.5, 251.5, 0.0
516,15,08,27,897,3.7, 21.8, 96.4,0.0, 253.6, 0.0,346.7, 253.6, 0.0
517,15,08,28,397,2.8, 22.9, 98.3,0.0, 300.8, 0.0,343.9, 300.8, 0.0
518,15,08,28,898,1.1, 24.2, 99.6,0.0, 301.3, 0.0,344.0, 301.3, 0.0
519,15,08,29,414,-0.9, 25.6, 100.5,0.0, 281.7, 0.0,343.1, 281.7, 0.0
520,15,08,29,915,-2.9, 27.0, 101.0,0.0, 281.6, 0.0,343.0, 281.6, 0.0
521,15,08,30,431,-4.8, 28.6, 101.5,0.0, 277.8, 0.0,337.9, 277.8, 0.0
522,15,08,30,931,-6.7, 30.3, 101.6,0.0, 263.6, 0.0,340.2, 263.6, 0.0
523,15,08,31,432,-8.5, 31.9, 101.1,0.0, 267.1, 0.0,340.8, 267.1, 0.0
524,15,08,31,948,-10.5, 33.6, 101.1,0.0, 274.6, 0.0,343.1, 274.6, 0.0
525,15,08,32,464,-12.3, 35.3, 101.3,0.0, 275.3, 0.0,345.5, 275.3, 0.0
526,15,08,32,964,-14.3, 36.8, 101.4,0.0, 273.0, 0.0,349.1, 273.0, 0.0
527,15,08,33,465,-16.4, 38.2, 101.3,0.0, 269.1, 0.0,349.8, 269.1, 0.0
528,15,08,33,982,-18.4, 39.5, 101.9,0.0, 269.7, 0.0,349.8, 269.7, 0.0
529,15,08,34,498,-20.7, 40.6, 102.2,0.0, 269.9, 0.0,351.9, 269.9, 0.0
530,15,08,34,999,-22.8, 41.4, 102.3,0.0, 269.9, 0.0,351.9, 269.9, 0.0
531,15,08,35,514,-25.2, 42.2, 102.7,0.0, 307.1, 0.0,349.1, 307.1, 0.0
532,15,08,36,15,-27.6, 43.0, 102.2,0.0, 289.2, 0.0,349.1, 289.2, 0.0
533,15,08,36,514,-29.7, 43.6, 101.3,0.0, 277.1, 0.0,352.5, 277.1, 0.0
534,15,08,37,16,-31.9, 44.7, 101.7,0.0, 281.2, 0.0,355.7, 281.2, 0.0
535,15,08,37,532,-34.2, 45.9, 102.2,0.0, 274.8, 0.0,356.7, 274.8, 0.0
536,15,08,38,32,-36.3, 47.0, 102.7,0.0, 279.7, 0.0,356.2, 279.7, 0.0
537,15,08,38,548,-38.0, 47.9, 104.3,0.0, 279.8, 0.0,356.1, 279.8, 0.0
538,15,08,39,65,-39.4, 48.6, 106.2,0.0, 303.1, 0.0,344.5, 303.1, 0.0
539,15,08,39,566,-41.2, 49.5, 107.9,0.0, 303.8, 0.0,344.0, 303.8, 0.0
540,15,08,40,81,-42.8, 50.6, 109.5,0.0, 302.2, 0.0,345.8, 302.2, 0.0
541,15,08,40,582,-44.4, 51.8, 111.0,0.0, 299.0, 0.0,347.6, 299.0, 0.0
542,15,08,41,82,-46.1, 53.0, 112.3,0.0, 325.7, 0.0,345.5, 325.7, 0.0
543,15,08,41,599,-47.8, 54.1, 113.9,0.0, 335.9, 0.0,345.5, 335.9, 0.0
544,15,08,42,99,-49.8, 55.3, 114.7,0.0, 291.7, 0.0,348.8, 291.7, 0.0
545,15,08,42,600,-51.8, 56.3, 115.6,0.0, 270.5, 0.0,354.9, 270.5, 0.0
546,15,08,43,102,-54.1, 57.2, 115.9,0.0, 213.4, 0.0,1.4, 213.4, 0.0
547,15,08,43,625,-56.3, 57.7, 117.0,0.0, 159.2, 0.0,9.6, 159.2, 0.0
548,15,08,44,134,-56.3, 57.7, 118.0,0.0, 153.8, 0.0,6.4, 153.8, 0.0
549,15,08,44,640,-57.4, 57.8, 117.1,0.0, 140.3, 0.0,11.0, 140.3, 0.0
550,15,08,45,146,-59.1, 57.9, 116.9,0.0, 138.3, 0.0,11.0, 138.3, 0.0
551,15,08,45,675,-59.4, 57.9, 116.8,0.0, 138.1, 0.0,10.9, 138.1, 0.0
552,15,08,46,189,-59.4, 57.9, 116.8,0.0, 94.1, 0.0,10.1, 94.1, 0.0
553,15,08,46,699,-58.3, 57.9, 117.0,0.0, 32.4, 0.0,17.7, 32.4, 0.0
554,15,08,47,201,-58.2, 57.9, 117.0,0.0, 336.1, 0.0,17.5, 336.1, 0.0
555,15,08,47,702,-60.5, 57.9, 116.3,0.0, 299.0, 0.0,17.6, 299.0, 0.0
556,15,08,48,217,-62.7, 58.5, 116.0,0.0, 242.3, 0.0,13.3, 242.3, 0.0
557,15,08,48,719,-63.1, 58.3, 114.8,0.0, 222.2, 0.0,13.1, 222.2, 0.0
558,15,08,49,247,-63.7, 57.9, 112.2,0.0, 179.4, 0.0,14.9, 179.4, 0.0
559,15,08,49,772,-63.8, 57.8, 111.4,0.0, 134.3, 0.0,15.2, 134.3, 0.0
560,15,08,50,301,-62.3, 57.7, 113.1,0.0, 133.9, 0.0,13.4, 133.9, 0.0
561,15,08,50,820,-60.9, 57.8, 114.6,0.0, 133.9, 0.0,13.4, 133.9, 0.0
562,15,08,51,330,-60.9, 57.8, 114.6,0.0, 133.9, 0.0,13.4, 133.9, 0.0
563,15,08,51,848,-60.9, 57.8, 114.6,0.0, 133.9, 0.0,13.4, 133.9, 0.0
564,15,08,52,351,-60.9, 57.8, 114.6,0.0, 133.9, 0.0,13.4, 133.9, 0.0
565,15,08,52,882,-60.9, 57.8, 114.6,0.0, 133.9, 0.0,13.4, 133.9, 0.0
566,15,08,53,409,-60.9, 57.8, 114.6,0.0, 133.9, 0.0,13.4, 133.9, 0.0
567,15,08,53,932,-60.9, 57.8, 114.6,0.0, 133.9, 0.0,13.4, 133.9, 0.0
568,15,08,54,441,-60.9, 57.8, 114.6,0.0, 133.9, 0.0,13.4, 133.9, 0.0
569,15,08,54,960,-60.9, 57.8, 114.6,0.0, 133.9, 0.0,13.4, 133.9, 0.0
570,15,08,55,466,-60.9, 57.8, 114.6,0.0, 134.0, 0.0,13.3, 134.0, 0.0
571,15,08,55,989,-60.9, 57.8, 114.6,0.0, 134.0, 0.0,13.3, 134.0, 0.0
572,15,08,56,496,-60.9, 57.8, 114.6,0.0, 134.0, 0.0,13.3, 134.0, 0.0
573,15,08,57,16,-60.9, 57.8, 114.6,0.0, 134.0, 0.0,13.3, 134.0, 0.0
574,15,08,57,550,-60.9, 57.8, 114.6,0.0, 134.0, 0.0,13.3, 134.0, 0.0
575,15,08,58,68,-60.9, 57.8, 114.6,0.0, 134.0, 0.0,13.3, 134.0, 0.0
576,15,08,58,599,-60.9, 57.8, 114.6,0.0, 134.0, 0.0,13.3, 134.0, 0.0
577,15,08,59,124,-60.9, 57.8, 114.6,0.0, 134.0, 0.0,13.3, 134.0, 0.0
578,15,08,59,637,-60.9, 57.8, 114.6,0.0, 134.0, 0.0,13.3, 134.0, 0.0
579,15,09,00,139,-60.9, 57.8, 114.6,0.0, 134.0, 0.0,13.3, 134.0, 0.0
580,15,09,00,681,-60.9, 57.8, 114.6,0.0, 134.0, 0.0,13.3, 134.0, 0.0
581,15,09,01,232,-60.9, 57.8, 114.6,0.0, 134.0, 0.0,13.3, 134.0, 0.0
582,15,09,01,793,-60.9, 57.8, 114.6,0.0, 134.0, 0.0,13.3, 134.0, 0.0
583,15,09,02,301,-60.9, 57.8, 114.6,0.0, 134.0, 0.0,13.3, 134.0, 0.0
584,15,09,02,818,-60.9, 57.8, 114.6,0.0, 134.0, 0.0,13.3, 134.0, 0.0
585,15,09,03,337,-60.9, 57.8, 114.6,0.0, 134.0, 0.0,13.3, 134.0, 0.0
586,15,09,03,874,-60.9, 57.8, 114.6,0.0, 134.0, 0.0,13.3, 134.0, 0.0
587,15,09,04,392,-60.9, 57.8, 114.6,0.0, 134.0, 0.0,13.3, 134.0, 0.0
