id,hour,min,sec,ms,xpos,ypos,zpos,uMousePos,vMousePos,wMousePos,uGazePos,vGazePos,wGazePos
0,14,36,40,949,15.3, 7.6, 40.1,0.0, 0.0, 0.0,7.0, 11.7, 4.6
1,14,36,41,701,15.3, 7.8, 40.1,0.0, 0.0, 0.0,7.0, 11.7, 4.6
2,14,36,42,208,15.3, 7.8, 40.1,0.0, 0.0, 0.0,7.0, 11.7, 4.6
3,14,36,42,716,15.3, 7.8, 40.1,0.0, 0.0, 0.0,7.0, 11.7, 4.6
4,14,36,43,223,15.3, 7.8, 40.1,0.0, 0.0, 0.0,7.0, 11.7, 4.6
5,14,36,43,730,15.3, 7.8, 40.1,0.0, 0.0, 0.0,7.0, 11.7, 4.6
6,14,36,44,237,15.3, 7.8, 40.1,0.0, 0.0, 0.0,7.0, 11.7, 4.6
7,14,36,44,745,15.3, 7.8, 40.1,0.0, 0.0, 0.0,7.0, 11.7, 4.6
8,14,36,45,251,15.3, 7.8, 40.1,0.0, 0.0, 0.0,7.0, 11.7, 4.6
9,14,36,45,758,15.3, 7.8, 40.1,0.0, 0.0, 0.0,7.0, 11.7, 4.6
10,14,36,46,264,15.3, 7.8, 40.1,0.0, 0.0, 0.0,7.0, 11.7, 4.6
11,14,36,46,770,15.3, 7.8, 40.1,0.0, 0.0, 0.0,7.0, 11.7, 4.6
12,14,36,47,279,15.3, 7.8, 40.1,0.0, 0.0, 0.0,7.0, 11.7, 4.6
13,14,36,47,784,15.3, 7.8, 40.1,0.0, 339.3, 0.0,318.6, 346.4, 6.1
14,14,36,48,291,15.3, 7.8, 40.1,0.0, 339.3, 0.0,318.5, 346.4, 6.1
15,14,36,48,798,15.3, 7.8, 40.1,0.0, 346.2, 0.0,308.5, 351.6, 7.3
16,14,36,49,305,15.3, 7.8, 40.1,0.0, 346.2, 0.0,308.5, 351.6, 7.3
17,14,36,49,811,15.3, 7.8, 40.1,0.0, 346.2, 0.0,308.5, 351.6, 7.3
18,14,36,50,318,15.3, 7.8, 40.1,0.0, 346.2, 0.0,308.5, 351.6, 7.3
19,14,36,50,824,15.3, 7.8, 40.1,0.0, 346.2, 0.0,308.5, 351.6, 7.3
20,14,36,51,332,15.3, 7.8, 40.1,0.0, 346.2, 0.0,308.5, 351.6, 7.3
21,14,36,51,839,15.3, 7.8, 40.1,0.0, 346.2, 0.0,308.5, 351.6, 7.3
22,14,36,52,345,15.3, 7.8, 40.1,0.0, 346.2, 0.0,308.5, 351.6, 7.3
23,14,36,52,851,15.3, 7.8, 40.1,0.0, 334.4, 0.0,307.5, 339.6, 7.5
24,14,36,53,358,15.3, 7.8, 40.1,0.0, 334.4, 0.0,307.5, 339.6, 7.5
25,14,36,53,864,15.3, 7.8, 40.1,0.0, 334.4, 0.0,307.5, 339.6, 7.5
26,14,36,54,371,15.3, 7.8, 40.1,0.0, 323.6, 0.0,277.3, 239.6, 96.0
27,14,36,54,879,15.3, 7.8, 40.1,0.0, 325.1, 0.0,277.4, 241.9, 95.3
28,14,36,55,385,15.3, 7.8, 40.1,0.0, 330.5, 0.0,279.8, 294.5, 48.6
29,14,36,55,892,15.3, 7.8, 40.1,0.0, 329.6, 0.0,278.9, 286.8, 55.3
30,14,36,56,398,15.3, 7.8, 40.1,0.0, 328.6, 0.0,278.6, 281.9, 59.1
31,14,36,56,905,15.3, 7.8, 40.1,0.0, 328.6, 0.0,278.6, 281.9, 59.1
32,14,36,57,411,15.3, 7.8, 40.1,0.0, 328.6, 0.0,278.6, 281.9, 59.1
33,14,36,57,919,15.3, 7.8, 40.1,0.0, 328.6, 0.0,278.6, 281.9, 59.1
34,14,36,58,425,15.3, 7.8, 40.1,0.0, 328.6, 0.0,278.6, 281.9, 59.1
35,14,36,58,932,15.3, 7.8, 40.1,0.0, 328.6, 0.0,278.6, 281.9, 59.1
36,14,36,59,439,15.3, 7.8, 40.1,0.0, 328.6, 0.0,278.6, 281.9, 59.1
37,14,36,59,946,15.3, 7.8, 40.1,0.0, 328.6, 0.0,278.6, 281.9, 59.1
38,14,37,00,451,15.3, 7.8, 40.1,0.0, 328.6, 0.0,278.6, 281.9, 59.1
39,14,37,00,958,15.3, 7.8, 40.1,0.0, 328.6, 0.0,278.6, 281.9, 59.1
40,14,37,01,466,15.3, 7.8, 40.1,0.0, 328.6, 0.0,278.6, 281.9, 59.1
41,14,37,01,971,15.3, 7.8, 40.1,0.0, 328.6, 0.0,278.6, 281.9, 59.1
42,14,37,02,478,15.3, 7.8, 40.1,0.0, 328.6, 0.0,278.6, 281.9, 59.1
43,14,37,02,985,15.3, 7.8, 40.1,0.0, 331.7, 0.0,278.4, 283.2, 60.9
44,14,37,03,492,15.3, 7.8, 40.1,0.0, 346.7, 0.0,277.8, 289.2, 69.8
45,14,37,03,998,15.3, 7.8, 40.1,0.0, 19.1, 0.0,278.5, 331.8, 59.7
46,14,37,04,506,15.3, 7.8, 40.1,0.0, 37.4, 0.0,283.0, 15.5, 34.7
47,14,37,05,12,15.3, 7.8, 40.1,0.0, 39.3, 0.0,283.5, 18.9, 33.3
48,14,37,05,518,15.3, 7.8, 40.1,0.0, 39.3, 0.0,283.5, 18.9, 33.3
49,14,37,06,25,15.3, 7.8, 40.1,0.0, 38.2, 0.0,284.0, 19.2, 31.9
50,14,37,06,531,15.3, 7.8, 40.1,0.0, 36.0, 0.0,284.1, 17.2, 31.7
51,14,37,07,38,15.3, 7.8, 40.1,0.0, 33.9, 0.0,283.5, 13.7, 33.0
52,14,37,07,546,15.6, 7.8, 40.5,0.0, 33.9, 0.0,283.5, 13.7, 33.0
53,14,37,08,52,16.7, 7.5, 42.5,0.0, 19.8, 0.0,283.0, 358.2, 34.5
54,14,37,08,558,16.7, 7.5, 42.5,0.0, 1.7, 0.0,282.7, 339.1, 35.5
55,14,37,09,66,16.7, 7.5, 42.5,0.0, 357.8, 0.0,281.5, 330.5, 40.0
56,14,37,09,572,16.7, 7.5, 42.6,0.0, 20.2, 0.0,282.2, 355.6, 37.3
57,14,37,10,78,16.9, 7.4, 45.2,0.0, 339.3, 0.0,279.9, 304.1, 47.7
58,14,37,10,585,15.6, 7.8, 47.2,0.0, 307.4, 0.0,277.4, 237.5, 82.1
59,14,37,11,92,13.8, 8.1, 48.4,0.0, 338.7, 0.0,283.1, 317.3, 34.2
60,14,37,11,599,13.8, 8.1, 48.4,0.0, 358.1, 0.0,287.3, 345.8, 25.4
61,14,37,12,105,13.8, 8.1, 48.4,0.0, 29.8, 0.0,287.7, 18.1, 24.9
62,14,37,12,613,13.8, 8.1, 48.4,0.0, 42.5, 0.0,289.2, 33.0, 22.8
63,14,37,13,119,13.8, 8.1, 48.4,0.0, 42.5, 0.0,289.2, 33.0, 22.8
64,14,37,13,625,13.8, 8.1, 48.4,0.0, 42.5, 0.0,289.2, 33.0, 22.8
65,14,37,14,132,13.8, 8.1, 48.4,0.0, 42.5, 0.0,289.2, 33.0, 22.8
66,14,37,14,639,13.8, 8.1, 48.4,0.0, 42.5, 0.0,289.2, 33.0, 22.8
67,14,37,15,145,13.8, 8.1, 48.4,0.0, 345.9, 0.0,283.1, 324.5, 34.2
68,14,37,15,652,13.6, 8.1, 48.8,0.0, 335.2, 0.0,285.0, 318.6, 29.6
69,14,37,16,159,12.5, 7.8, 51.1,0.0, 335.2, 0.0,285.0, 318.6, 29.6
70,14,37,16,665,11.4, 7.2, 53.3,0.0, 335.2, 0.0,285.0, 318.6, 29.6
71,14,37,17,172,11.5, 7.3, 53.1,0.0, 335.2, 0.0,285.0, 318.6, 29.6
72,14,37,17,680,13.1, 7.8, 51.2,0.0, 291.3, 0.0,279.3, 251.5, 52.3
73,14,37,18,187,13.3, 7.7, 51.1,0.0, 295.6, 0.0,279.0, 253.3, 54.8
74,14,37,18,692,13.3, 7.7, 51.1,0.0, 295.6, 0.0,279.0, 253.3, 54.8
75,14,37,19,199,13.3, 7.7, 51.1,0.0, 295.6, 0.0,279.0, 253.3, 54.8
76,14,37,19,705,13.3, 7.7, 51.1,0.0, 295.6, 0.0,279.0, 253.3, 54.8
77,14,37,20,211,13.3, 7.7, 51.1,0.0, 295.6, 0.0,279.0, 253.3, 54.8
78,14,37,20,718,13.3, 7.7, 51.1,0.0, 295.6, 0.0,279.0, 253.3, 54.8
79,14,37,21,225,13.3, 7.7, 51.1,0.0, 295.6, 0.0,279.0, 253.3, 54.8
80,14,37,21,732,13.3, 7.7, 51.1,0.0, 295.6, 0.0,279.0, 253.3, 54.8
81,14,37,22,239,13.3, 7.7, 51.1,0.0, 295.6, 0.0,279.0, 253.3, 54.8
82,14,37,22,746,13.3, 7.7, 51.1,0.0, 295.6, 0.0,279.0, 253.3, 54.8
83,14,37,23,252,13.3, 7.7, 51.1,0.0, 295.6, 0.0,279.0, 253.3, 54.8
84,14,37,23,759,13.3, 7.7, 51.1,0.0, 295.6, 0.0,279.0, 253.3, 54.8
85,14,37,24,265,13.0, 8.0, 50.1,0.0, 283.1, 0.0,280.6, 251.6, 44.2
86,14,37,24,771,12.5, 8.3, 47.9,0.0, 283.1, 0.0,280.6, 251.6, 44.2
87,14,37,25,281,11.9, 8.3, 45.3,0.0, 283.1, 0.0,280.6, 251.6, 44.2
88,14,37,25,785,11.4, 8.3, 43.9,0.0, 308.8, 0.0,280.9, 278.7, 42.7
89,14,37,26,291,10.6, 8.1, 42.5,0.0, 289.2, 0.0,281.5, 262.2, 39.7
90,14,37,26,799,9.2, 7.7, 40.8,0.0, 254.7, 0.0,281.2, 226.4, 41.0
91,14,37,27,306,9.0, 7.7, 40.8,0.0, 230.9, 0.0,281.3, 202.9, 40.7
92,14,37,27,812,9.0, 7.7, 40.8,0.0, 230.9, 0.0,281.3, 202.9, 40.7
93,14,37,28,318,8.4, 7.5, 40.3,0.0, 230.9, 0.0,281.3, 202.9, 40.7
94,14,37,28,825,8.4, 7.5, 40.3,0.0, 230.9, 0.0,281.3, 202.9, 40.7
95,14,37,29,331,8.4, 7.5, 40.3,0.0, 230.9, 0.0,281.3, 202.9, 40.7
96,14,37,29,839,8.4, 7.5, 40.3,0.0, 230.9, 0.0,281.3, 202.9, 40.7
97,14,37,30,344,8.4, 7.5, 40.3,0.0, 229.4, 0.0,281.4, 201.7, 40.4
98,14,37,30,850,8.4, 7.5, 40.3,0.0, 209.6, 0.0,279.9, 174.0, 48.2
99,14,37,31,357,8.4, 7.5, 40.3,0.0, 204.9, 0.0,279.7, 168.0, 49.5
100,14,37,31,864,8.4, 7.5, 40.3,0.0, 210.4, 0.0,279.8, 174.4, 48.6
101,14,37,32,371,8.4, 7.5, 40.3,0.0, 210.4, 0.0,279.8, 174.4, 48.6
102,14,37,32,878,8.4, 7.5, 40.3,0.0, 207.7, 0.0,279.6, 170.3, 49.9
103,14,37,33,385,8.4, 7.5, 40.3,0.0, 206.3, 0.0,278.7, 160.7, 58.0
104,14,37,33,892,8.4, 7.5, 40.3,0.0, 209.1, 0.0,278.5, 161.2, 60.3
105,14,37,34,398,8.4, 7.5, 40.3,0.0, 209.2, 0.0,278.5, 161.3, 60.3
106,14,37,34,905,8.4, 7.5, 40.3,0.0, 201.0, 0.0,278.1, 148.2, 65.2
107,14,37,35,411,8.3, 7.4, 39.9,0.0, 198.7, 0.0,278.5, 150.8, 60.3
108,14,37,35,917,8.2, 7.1, 37.7,0.0, 178.1, 0.0,279.4, 139.3, 51.3
109,14,37,36,425,8.0, 6.9, 36.0,0.0, 191.9, 0.0,279.3, 152.1, 52.3
110,14,37,36,931,7.6, 6.9, 33.5,0.0, 185.6, 0.0,279.3, 145.8, 52.3
111,14,37,37,438,7.4, 7.0, 31.1,0.0, 186.5, 0.0,279.4, 147.7, 51.3
112,14,37,37,945,7.2, 7.3, 29.5,0.0, 183.4, 0.0,295.1, 179.5, 17.6
113,14,37,38,453,7.0, 7.7, 27.7,0.0, 173.8, 0.0,311.7, 177.6, 11.1
114,14,37,38,956,6.9, 8.4, 25.3,0.0, 199.0, 0.0,332.1, 207.2, 8.3
115,14,37,39,464,6.8, 8.5, 24.8,0.0, 187.4, 0.0,12.1, 201.1, 7.5
116,14,37,39,970,6.8, 8.5, 24.8,0.0, 187.4, 0.0,12.1, 201.1, 7.5
117,14,37,40,477,6.8, 8.5, 24.8,0.0, 193.2, 0.0,12.1, 206.9, 7.5
118,14,37,40,983,6.8, 8.5, 24.8,0.0, 194.0, 0.0,10.9, 207.6, 7.5
119,14,37,41,491,6.4, 8.6, 22.8,0.0, 179.0, 0.0,15.0, 193.1, 7.6
120,14,37,41,997,6.4, 8.6, 22.7,0.0, 136.9, 0.0,22.3, 152.1, 7.9
121,14,37,42,503,6.4, 8.6, 22.7,0.0, 131.0, 0.0,50.6, 152.2, 11.6
122,14,37,43,10,6.4, 8.6, 22.7,0.0, 140.1, 0.0,44.2, 159.4, 10.3
123,14,37,43,518,6.4, 8.6, 22.7,0.0, 189.8, 0.0,14.4, 203.8, 7.6
124,14,37,44,24,6.3, 8.3, 20.5,0.0, 171.3, 0.0,344.9, 181.5, 7.6
125,14,37,44,531,7.2, 8.2, 18.2,0.0, 162.0, 0.0,323.9, 168.7, 9.1
126,14,37,45,37,8.3, 8.2, 16.0,0.0, 139.1, 0.0,292.9, 133.5, 19.2
127,14,37,45,544,9.9, 8.3, 13.9,0.0, 137.9, 0.0,284.7, 120.5, 30.3
128,14,37,46,51,12.0, 8.2, 12.6,0.0, 109.5, 0.0,282.8, 87.1, 35.2
129,14,37,46,557,14.2, 7.7, 11.7,0.0, 110.6, 0.0,282.3, 86.6, 36.8
130,14,37,47,65,16.6, 7.2, 10.9,0.0, 99.5, 0.0,279.5, 61.6, 50.4
131,14,37,47,571,19.0, 7.2, 10.2,0.0, 110.3, 0.0,279.3, 70.5, 52.3
132,14,37,48,78,21.4, 7.7, 9.7,0.0, 99.3, 0.0,279.5, 61.4, 50.4
133,14,37,48,585,24.0, 8.1, 9.4,0.0, 99.3, 0.0,279.5, 61.4, 50.4
134,14,37,49,92,26.4, 8.4, 8.9,0.0, 104.2, 0.0,279.4, 64.9, 51.8
135,14,37,49,598,28.8, 8.6, 8.2,0.0, 111.7, 0.0,279.4, 72.4, 51.8
136,14,37,50,104,31.3, 8.6, 7.6,0.0, 99.3, 0.0,279.3, 59.5, 52.3
137,14,37,50,612,33.7, 8.7, 7.0,0.0, 100.7, 0.0,280.1, 66.4, 46.9
138,14,37,51,118,36.2, 8.9, 6.5,0.0, 103.6, 0.0,280.8, 73.2, 43.1
139,14,37,51,626,38.7, 9.1, 6.0,0.0, 100.7, 0.0,285.8, 85.7, 28.0
140,14,37,52,132,41.1, 9.3, 5.4,0.0, 105.5, 0.0,287.3, 93.2, 25.4
141,14,37,52,638,43.2, 9.4, 5.4,0.0, 93.9, 0.0,291.5, 86.9, 20.4
142,14,37,53,145,44.5, 9.6, 4.5,0.0, 95.9, 0.0,317.1, 101.2, 10.0
143,14,37,53,651,46.8, 9.2, 4.3,0.0, 57.3, 0.0,349.9, 68.1, 7.5
144,14,37,54,157,48.5, 8.9, 6.1,0.0, 40.7, 0.0,4.9, 53.5, 7.4
145,14,37,54,664,50.0, 8.5, 8.1,0.0, 5.3, 0.0,4.3, 18.0, 7.4
146,14,37,55,171,49.2, 8.8, 10.5,0.0, 321.7, 0.0,353.3, 333.0, 7.4
147,14,37,55,677,47.5, 9.2, 12.0,0.0, 284.6, 0.0,350.9, 295.6, 7.4
148,14,37,56,184,44.9, 9.2, 12.3,0.0, 270.2, 0.0,349.6, 281.0, 7.5
149,14,37,56,691,42.5, 9.0, 12.2,0.0, 263.9, 0.0,348.5, 274.5, 7.5
150,14,37,57,198,40.0, 8.7, 11.8,0.0, 257.0, 0.0,347.8, 267.5, 7.5
151,14,37,57,706,37.5, 8.5, 11.1,0.0, 257.0, 0.0,347.8, 267.5, 7.5
152,14,37,58,211,35.6, 8.6, 9.5,0.0, 252.8, 0.0,348.0, 263.4, 7.5
153,14,37,58,718,33.2, 8.6, 8.7,0.0, 254.0, 0.0,348.1, 264.6, 7.5
154,14,37,59,225,31.1, 8.6, 7.4,0.0, 232.8, 0.0,348.3, 243.4, 7.5
155,14,37,59,732,29.0, 8.7, 5.9,0.0, 231.8, 0.0,354.5, 243.2, 7.4
156,14,38,00,238,27.0, 8.7, 4.5,0.0, 235.0, 0.0,4.7, 247.7, 7.4
157,14,38,00,745,25.0, 8.9, 2.8,0.0, 225.1, 0.0,24.9, 240.7, 8.1
158,14,38,01,251,23.2, 9.2, 1.1,0.0, 234.0, 0.0,16.5, 248.3, 7.7
159,14,38,01,758,21.2, 9.6, -0.3,0.0, 237.9, 0.0,6.8, 250.9, 7.4
160,14,38,02,266,18.8, 9.9, -1.3,0.0, 253.8, 0.0,2.1, 266.2, 7.3
161,14,38,02,772,16.9, 9.9, -1.4,0.0, 286.4, 0.0,4.3, 299.1, 7.4
162,14,38,03,278,14.7, 9.6, -0.4,0.0, 300.4, 0.0,3.7, 313.0, 7.4
163,14,38,03,785,12.8, 9.3, 1.3,0.0, 330.6, 0.0,2.0, 343.0, 7.3
164,14,38,04,292,12.2, 9.2, 2.9,0.0, 351.4, 0.0,3.2, 3.9, 7.4
165,14,38,04,799,12.0, 9.0, 5.4,0.0, 347.6, 0.0,3.7, 0.2, 7.4
166,14,38,05,306,11.0, 8.8, 7.7,0.0, 331.6, 0.0,1.1, 343.9, 7.3
167,14,38,05,813,9.5, 8.2, 9.5,0.0, 322.1, 0.0,1.6, 334.4, 7.3
168,14,38,06,319,8.3, 7.8, 11.7,0.0, 325.8, 0.0,2.1, 338.2, 7.3
169,14,38,06,827,6.7, 7.5, 13.7,0.0, 318.1, 0.0,359.5, 330.2, 7.3
170,14,38,07,333,5.1, 7.3, 15.6,0.0, 319.4, 0.0,358.9, 331.4, 7.3
171,14,38,07,840,3.6, 7.1, 17.6,0.0, 320.2, 0.0,358.2, 332.1, 7.3
172,14,38,08,347,1.9, 7.0, 19.6,0.0, 320.2, 0.0,358.2, 332.1, 7.3
173,14,38,08,853,0.3, 7.1, 21.5,0.0, 320.2, 0.0,358.2, 332.1, 7.3
174,14,38,09,361,-1.4, 7.3, 23.3,0.0, 320.2, 0.0,358.2, 332.1, 7.3
175,14,38,09,866,-3.0, 7.4, 25.3,0.0, 320.2, 0.0,358.2, 332.1, 7.3
176,14,38,10,373,-4.6, 7.3, 27.3,0.0, 319.7, 0.0,358.2, 331.6, 7.3
177,14,38,10,880,-6.3, 7.2, 29.1,0.0, 316.7, 0.0,357.4, 328.5, 7.3
178,14,38,11,388,-8.1, 7.0, 31.0,0.0, 316.6, 0.0,357.2, 328.4, 7.3
179,14,38,11,893,-9.7, 6.9, 32.9,0.0, 319.7, 0.0,356.2, 331.3, 7.4
180,14,38,12,400,-11.4, 6.9, 34.7,0.0, 317.3, 0.0,356.9, 329.0, 7.3
181,14,38,12,906,-13.1, 6.9, 36.7,0.0, 317.6, 0.0,357.1, 329.4, 7.3
182,14,38,13,413,-14.9, 6.6, 38.4,0.0, 310.7, 0.0,359.3, 322.8, 7.3
183,14,38,13,920,-16.7, 6.2, 40.0,0.0, 305.3, 0.0,358.5, 317.2, 7.3
184,14,38,14,428,-18.8, 6.6, 41.5,0.0, 311.9, 0.0,353.6, 323.2, 7.4
185,14,38,14,933,-20.7, 7.2, 43.0,0.0, 305.3, 0.0,353.1, 316.5, 7.4
186,14,38,15,440,-22.7, 7.4, 44.5,0.0, 310.2, 0.0,354.4, 321.6, 7.4
187,14,38,15,946,-24.6, 7.7, 46.2,0.0, 322.5, 0.0,357.7, 334.3, 7.3
188,14,38,16,454,-25.8, 8.1, 47.6,0.0, 326.4, 0.0,12.7, 340.2, 7.5
189,14,38,16,960,-25.2, 7.8, 46.4,0.0, 35.2, 0.0,7.8, 48.3, 7.4
190,14,38,17,464,-23.9, 7.8, 46.7,0.0, 83.3, 0.0,15.9, 97.5, 7.6
191,14,38,17,972,-21.5, 7.6, 46.3,0.0, 103.8, 0.0,18.8, 118.4, 7.8
192,14,38,18,478,-19.4, 7.3, 45.0,0.0, 133.3, 0.0,20.0, 148.1, 7.8
193,14,38,18,985,-17.4, 6.7, 43.4,0.0, 126.8, 0.0,17.3, 141.2, 7.7
194,14,38,19,491,-15.4, 6.2, 42.0,0.0, 118.0, 0.0,12.6, 131.8, 7.5
195,14,38,19,998,-13.2, 6.4, 41.0,0.0, 114.7, 0.0,10.4, 128.2, 7.5
196,14,38,20,505,-10.8, 6.3, 39.9,0.0, 114.7, 0.0,10.4, 128.2, 7.5
197,14,38,21,10,-8.5, 6.0, 39.0,0.0, 97.2, 0.0,4.2, 109.9, 7.4
198,14,38,21,517,-6.0, 5.9, 38.8,0.0, 94.9, 0.0,3.5, 107.5, 7.4
199,14,38,22,23,-3.4, 6.1, 38.3,0.0, 106.6, 0.0,1.3, 118.9, 7.3
200,14,38,22,532,-1.1, 6.3, 37.6,0.0, 110.0, 0.0,357.0, 121.8, 7.3
201,14,38,23,38,1.3, 6.6, 36.7,0.0, 110.0, 0.0,357.9, 121.9, 7.3
202,14,38,23,546,3.5, 6.7, 35.5,0.0, 130.0, 0.0,358.0, 141.9, 7.3
203,14,38,24,52,5.5, 6.8, 33.9,0.0, 133.6, 0.0,358.4, 145.5, 7.3
204,14,38,24,558,7.0, 6.9, 32.0,0.0, 148.1, 0.0,0.8, 160.3, 7.3
205,14,38,25,65,8.2, 7.2, 29.7,0.0, 154.7, 0.0,1.6, 167.0, 7.3
206,14,38,25,572,9.2, 7.6, 27.4,0.0, 160.7, 0.0,6.4, 173.7, 7.4
207,14,38,26,78,9.5, 7.8, 26.7,0.0, 148.4, 0.0,5.1, 161.2, 7.4
208,14,38,26,585,10.2, 8.3, 24.7,0.0, 172.6, 0.0,10.8, 186.1, 7.5
209,14,38,27,92,10.0, 8.2, 25.3,0.0, 143.6, 0.0,6.7, 156.6, 7.4
210,14,38,27,598,11.0, 8.2, 24.3,0.0, 128.0, 0.0,9.7, 141.4, 7.4
211,14,38,28,105,11.5, 8.2, 24.0,0.0, 101.6, 0.0,6.9, 114.6, 7.4
212,14,38,28,611,11.5, 8.2, 24.0,0.0, 100.8, 0.0,6.7, 113.8, 7.4
213,14,38,29,119,11.5, 8.2, 24.0,0.0, 105.5, 0.0,6.8, 118.5, 7.4
214,14,38,29,625,11.5, 8.2, 24.0,0.0, 105.5, 0.0,6.8, 118.5, 7.4
215,14,38,30,129,13.1, 8.1, 22.5,0.0, 153.2, 0.0,11.7, 166.9, 7.5
216,14,38,30,638,13.8, 8.1, 20.2,0.0, 188.8, 0.0,11.1, 202.4, 7.5
217,14,38,31,144,13.6, 8.2, 17.6,0.0, 191.2, 0.0,14.4, 205.2, 7.6
218,14,38,31,652,12.7, 8.3, 15.3,0.0, 210.0, 0.0,14.1, 224.0, 7.6
219,14,38,32,159,11.3, 8.3, 13.2,0.0, 213.8, 0.0,15.3, 228.0, 7.6
220,14,38,32,666,10.0, 8.2, 11.0,0.0, 210.5, 0.0,14.7, 224.6, 7.6
221,14,38,33,172,8.9, 8.1, 8.8,0.0, 205.1, 0.0,13.1, 219.0, 7.5
222,14,38,33,679,8.1, 8.2, 6.4,0.0, 192.9, 0.0,11.4, 206.5, 7.5
223,14,38,34,186,7.4, 8.6, 4.1,0.0, 198.2, 0.0,11.8, 211.9, 7.5
224,14,38,34,693,7.4, 8.6, 4.0,0.0, 222.1, 0.0,16.0, 236.4, 7.6
225,14,38,35,199,5.9, 8.5, 2.2,0.0, 216.6, 0.0,17.5, 231.1, 7.7
226,14,38,35,706,4.6, 8.1, -0.1,0.0, 209.1, 0.0,18.6, 223.7, 7.7
227,14,38,36,214,3.2, 7.5, -2.0,0.0, 221.6, 0.0,21.0, 236.6, 7.9
228,14,38,36,720,1.8, 7.0, -4.0,0.0, 214.5, 0.0,19.2, 229.2, 7.8
229,14,38,37,227,0.2, 6.8, -6.1,0.0, 228.2, 0.0,19.9, 243.0, 7.8
230,14,38,37,733,-1.7, 6.9, -7.6,0.0, 227.6, 0.0,19.9, 242.4, 7.8
231,14,38,38,239,-3.5, 7.2, -9.4,0.0, 222.2, 0.0,37.8, 240.1, 9.3
232,14,38,38,747,-4.4, 7.4, -10.8,0.0, 154.7, 0.0,42.3, 173.6, 9.9
233,14,38,39,253,-4.2, 7.5, -11.0,0.0, 128.0, 0.0,34.5, 145.2, 8.9
234,14,38,39,760,-2.5, 7.6, -12.9,0.0, 140.1, 0.0,33.3, 157.1, 8.8
235,14,38,40,267,-0.8, 7.7, -14.8,0.0, 139.3, 0.0,31.0, 155.9, 8.6
236,14,38,40,775,0.8, 7.6, -16.7,0.0, 141.8, 0.0,30.0, 158.2, 8.5
237,14,38,41,281,2.4, 7.4, -18.6,0.0, 140.3, 0.0,28.2, 156.4, 8.3
238,14,38,41,787,4.0, 7.0, -20.6,0.0, 146.4, 0.0,25.3, 162.0, 8.1
239,14,38,42,294,5.4, 6.7, -22.6,0.0, 149.9, 0.0,23.8, 165.3, 8.0
240,14,38,42,800,6.7, 6.7, -24.8,0.0, 147.3, 0.0,23.5, 162.7, 8.0
241,14,38,43,307,8.1, 6.8, -27.0,0.0, 148.3, 0.0,25.8, 164.0, 8.2
242,14,38,43,814,9.3, 6.7, -29.1,0.0, 147.0, 0.0,26.3, 162.8, 8.2
243,14,38,44,321,10.6, 6.7, -31.3,0.0, 150.3, 0.0,27.5, 166.3, 8.3
244,14,38,44,828,12.0, 6.6, -33.4,0.0, 139.5, 0.0,29.9, 155.9, 8.5
245,14,38,45,334,13.1, 6.6, -34.3,0.0, 56.9, 0.0,52.3, 78.6, 12.1
246,14,38,45,839,14.2, 6.6, -33.7,0.0, 54.2, 0.0,41.7, 72.9, 9.8
247,14,38,46,346,15.6, 6.7, -31.6,0.0, 27.2, 0.0,16.1, 41.5, 7.6
248,14,38,46,852,16.9, 7.3, -29.5,0.0, 23.9, 0.0,11.3, 37.5, 7.5
249,14,38,47,358,18.2, 7.9, -27.4,0.0, 24.2, 0.0,10.9, 37.8, 7.5
250,14,38,47,865,19.5, 8.5, -25.3,0.0, 24.3, 0.0,10.8, 37.8, 7.5
251,14,38,48,371,20.6, 8.8, -23.1,0.0, 25.3, 0.0,10.5, 38.8, 7.5
252,14,38,48,877,21.7, 8.9, -20.8,0.0, 47.9, 0.0,14.4, 61.9, 7.6
253,14,38,49,385,23.6, 8.8, -19.1,0.0, 40.5, 0.0,13.8, 54.5, 7.6
254,14,38,49,891,25.2, 8.9, -17.2,0.0, 40.2, 0.0,13.8, 54.2, 7.6
255,14,38,50,398,26.9, 9.1, -15.4,0.0, 53.1, 0.0,14.6, 67.2, 7.6
256,14,38,50,905,29.0, 9.0, -13.9,0.0, 48.4, 0.0,15.3, 62.6, 7.6
257,14,38,51,412,30.9, 8.7, -12.2,0.0, 41.7, 0.0,15.0, 55.8, 7.6
258,14,38,51,918,32.3, 8.3, -10.3,0.0, 28.2, 0.0,13.1, 42.1, 7.5
259,14,38,52,424,33.7, 8.0, -8.1,0.0, 38.5, 0.0,12.7, 52.3, 7.5
260,14,38,52,932,35.6, 7.9, -6.6,0.0, 58.1, 0.0,12.3, 71.8, 7.5
261,14,38,53,438,37.7, 8.2, -5.1,0.0, 52.0, 0.0,13.7, 65.9, 7.6
262,14,38,53,945,39.8, 8.6, -3.7,0.0, 59.3, 0.0,25.3, 74.9, 8.1
263,14,38,54,452,41.9, 9.1, -2.5,0.0, 59.3, 0.0,27.5, 75.3, 8.3
264,14,38,54,958,43.9, 9.4, -1.3,0.0, 59.3, 0.0,27.5, 75.3, 8.3
265,14,38,55,466,44.9, 9.4, -0.4,0.0, 32.8, 0.0,27.2, 48.7, 8.3
266,14,38,55,971,45.4, 9.4, 0.3,0.0, 32.3, 0.0,26.9, 48.2, 8.2
267,14,38,56,478,46.7, 9.3, 2.4,0.0, 23.0, 0.0,26.7, 38.8, 8.2
268,14,38,56,986,47.8, 9.1, 4.7,0.0, 32.1, 0.0,28.4, 48.2, 8.3
269,14,38,57,493,48.9, 8.8, 6.9,0.0, 24.2, 0.0,29.5, 40.5, 8.4
270,14,38,57,999,49.8, 8.6, 9.2,0.0, 23.8, 0.0,29.6, 40.1, 8.5
271,14,38,58,506,51.1, 8.4, 11.5,0.0, 32.9, 0.0,37.8, 50.8, 9.3
272,14,38,59,14,52.1, 8.5, 13.7,0.0, 12.1, 0.0,33.6, 29.1, 8.8
273,14,38,59,519,53.2, 8.6, 16.0,0.0, 355.4, 0.0,35.2, 12.7, 9.0
274,14,39,00,25,54.4, 8.7, 18.2,0.0, 357.5, 0.0,37.1, 15.2, 9.2
275,14,39,00,531,55.0, 9.0, 20.6,0.0, 344.6, 0.0,55.0, 7.4, 12.9
276,14,39,01,38,57.0, 8.9, 22.0,0.0, 9.2, 0.0,60.9, 34.7, 15.2
277,14,39,01,545,57.9, 8.9, 24.4,0.0, 4.8, 0.0,63.4, 31.8, 16.6
278,14,39,02,52,57.3, 8.8, 26.8,0.0, 339.1, 0.0,60.5, 4.4, 15.0
279,14,39,02,558,57.7, 8.5, 29.2,0.0, 339.4, 0.0,62.2, 5.7, 15.9
280,14,39,03,67,57.7, 8.1, 31.6,0.0, 342.8, 0.0,62.2, 9.1, 15.9
281,14,39,03,573,57.1, 7.9, 33.5,0.0, 341.6, 0.0,62.2, 7.9, 15.9
282,14,39,04,81,56.3, 7.5, 35.9,0.0, 345.3, 0.0,48.2, 5.7, 11.0
283,14,39,04,587,55.0, 7.5, 37.1,0.0, 301.5, 0.0,49.2, 322.2, 11.3
284,14,39,05,94,53.3, 7.4, 38.7,0.0, 334.2, 0.0,47.6, 354.4, 10.9
285,14,39,05,600,53.3, 7.4, 38.7,0.0, 351.7, 0.0,42.5, 10.6, 10.0
286,14,39,06,107,53.3, 7.4, 38.7,0.0, 348.0, 0.0,40.4, 6.4, 9.7
287,14,39,06,614,53.3, 7.4, 38.7,0.0, 346.6, 0.0,38.6, 4.6, 9.4
288,14,39,07,120,53.3, 7.3, 39.0,0.0, 351.8, 0.0,38.8, 9.9, 9.4
289,14,39,07,626,52.9, 6.8, 41.0,0.0, 354.0, 0.0,34.6, 11.2, 8.9
290,14,39,08,134,52.8, 6.7, 41.6,0.0, 350.3, 0.0,32.7, 7.2, 8.7
291,14,39,08,640,52.5, 6.2, 43.3,0.0, 348.8, 0.0,14.8, 2.9, 7.6
292,14,39,09,146,52.4, 6.2, 43.5,0.0, 325.1, 0.0,15.0, 339.2, 7.6
293,14,39,09,654,50.1, 6.1, 44.4,0.0, 269.5, 0.0,9.5, 282.9, 7.4
294,14,39,10,160,48.8, 6.0, 44.1,0.0, 251.7, 0.0,8.7, 265.0, 7.4
295,14,39,10,666,49.4, 6.4, 41.8,0.0, 252.7, 0.0,7.6, 265.8, 7.4
296,14,39,11,173,48.2, 6.7, 39.8,0.0, 257.7, 0.0,13.1, 271.6, 7.5
297,14,39,11,680,46.9, 7.0, 37.8,0.0, 236.0, 0.0,15.6, 250.2, 7.6
298,14,39,12,185,46.0, 7.3, 35.4,0.0, 207.3, 0.0,18.6, 221.9, 7.7
299,14,39,12,692,44.5, 7.3, 33.4,0.0, 229.5, 0.0,26.5, 245.3, 8.2
300,14,39,13,199,43.6, 7.4, 31.3,0.0, 206.8, 0.0,24.3, 222.3, 8.1
301,14,39,13,705,43.1, 7.7, 28.8,0.0, 204.8, 0.0,22.2, 220.0, 7.9
302,14,39,14,212,42.4, 7.8, 26.4,0.0, 192.6, 0.0,22.6, 207.8, 8.0
303,14,39,14,720,41.5, 7.7, 24.1,0.0, 206.6, 0.0,21.8, 221.7, 7.9
304,14,39,15,227,41.3, 7.9, 21.6,0.0, 212.3, 0.0,21.6, 227.4, 7.9
305,14,39,15,733,40.4, 7.9, 19.4,0.0, 229.1, 0.0,22.5, 244.3, 7.9
306,14,39,16,240,39.7, 7.9, 17.0,0.0, 255.2, 0.0,21.4, 270.2, 7.9
307,14,39,16,747,38.0, 7.8, 15.0,0.0, 263.6, 0.0,21.3, 278.6, 7.9
308,14,39,17,252,36.2, 7.9, 13.3,0.0, 259.9, 0.0,22.2, 275.1, 7.9
309,14,39,17,760,33.9, 7.9, 12.4,0.0, 246.7, 0.0,21.7, 261.8, 7.9
310,14,39,18,268,31.4, 8.0, 11.9,0.0, 264.4, 0.0,21.8, 279.5, 7.9
311,14,39,18,773,28.9, 8.0, 11.6,0.0, 264.7, 0.0,21.8, 279.8, 7.9
312,14,39,19,280,26.4, 7.8, 11.7,0.0, 277.9, 0.0,23.0, 293.2, 8.0
313,14,39,19,787,23.9, 7.5, 12.1,0.0, 277.9, 0.0,23.0, 293.2, 8.0
314,14,39,20,294,21.7, 6.9, 12.8,0.0, 278.0, 0.0,23.1, 293.3, 8.0
315,14,39,20,801,20.0, 6.4, 14.6,0.0, 278.0, 0.0,23.1, 293.3, 8.0
316,14,39,21,307,17.9, 6.5, 16.0,0.0, 278.0, 0.0,23.1, 293.3, 8.0
317,14,39,21,814,16.5, 6.9, 18.0,0.0, 278.0, 0.0,23.1, 293.3, 8.0
318,14,39,22,320,15.2, 7.5, 20.1,0.0, 278.0, 0.0,23.1, 293.3, 8.0
319,14,39,22,827,13.6, 8.0, 22.1,0.0, 274.3, 0.0,25.7, 290.0, 8.1
320,14,39,23,333,13.0, 7.9, 23.9,0.0, 271.3, 0.0,27.0, 287.2, 8.2
321,14,39,23,840,10.7, 8.2, 24.7,0.0, 301.7, 0.0,35.3, 319.1, 9.0
322,14,39,24,348,10.4, 8.2, 24.9,0.0, 312.2, 0.0,37.3, 330.0, 9.2
323,14,39,24,853,10.4, 8.2, 24.9,0.0, 312.2, 0.0,37.3, 330.0, 9.2
324,14,39,25,360,8.5, 8.0, 26.5,0.0, 311.9, 0.0,37.8, 329.8, 9.3
325,14,39,25,867,6.4, 7.7, 28.0,0.0, 301.0, 0.0,37.5, 318.8, 9.3
326,14,39,26,374,4.4, 7.6, 28.5,0.0, 277.0, 0.0,36.4, 294.6, 9.1
327,14,39,26,880,2.6, 7.6, 29.0,0.0, 291.2, 0.0,36.8, 308.9, 9.2
328,14,39,27,388,0.2, 7.5, 29.9,0.0, 291.2, 0.0,36.8, 308.9, 9.2
329,14,39,27,894,-0.2, 7.5, 30.0,0.0, 290.2, 0.0,37.2, 307.9, 9.2
330,14,39,28,401,-0.2, 7.5, 30.0,0.0, 285.0, 0.0,36.3, 302.6, 9.1
331,14,39,28,907,-0.2, 7.5, 30.0,0.0, 279.7, 0.0,36.1, 297.2, 9.1
332,14,39,29,414,-0.2, 7.5, 30.0,0.0, 273.3, 0.0,36.0, 290.8, 9.1
333,14,39,29,919,-0.7, 7.5, 29.4,0.0, 220.3, 0.0,33.7, 237.4, 8.8
334,14,39,30,425,-1.1, 7.7, 27.2,0.0, 208.5, 0.0,35.3, 225.9, 9.0
335,14,39,30,932,1.4, 7.9, 26.7,0.0, 187.0, 0.0,35.3, 204.4, 9.0
336,14,39,31,438,2.4, 8.3, 24.5,0.0, 148.8, 0.0,34.6, 166.0, 8.9
337,14,39,31,946,3.0, 8.3, 23.6,0.0, 151.8, 0.0,34.6, 169.0, 8.9
338,14,39,32,453,3.0, 8.3, 23.6,0.0, 129.4, 0.0,37.8, 147.3, 9.3
339,14,39,32,959,4.1, 8.3, 23.1,0.0, 129.3, 0.0,37.8, 147.2, 9.3
340,14,39,33,466,5.8, 8.5, 24.7,0.0, 106.5, 0.0,45.1, 126.1, 10.4
341,14,39,33,974,8.4, 8.4, 24.9,0.0, 79.4, 0.0,51.1, 100.7, 11.7
342,14,39,34,482,8.2, 7.9, 26.9,0.0, 41.1, 0.0,57.1, 64.7, 13.6
343,14,39,34,987,9.3, 7.3, 29.0,0.0, 43.9, 0.0,53.5, 66.1, 12.4
344,14,39,35,495,10.8, 6.9, 30.9,0.0, 41.7, 0.0,44.8, 61.2, 10.4
345,14,39,36,1,11.3, 6.9, 33.3,0.0, 30.0, 0.0,29.6, 46.3, 8.5
346,14,39,36,508,11.8, 7.1, 35.7,0.0, 27.5, 0.0,30.3, 44.0, 8.5
347,14,39,37,15,12.4, 7.6, 38.0,0.0, 17.6, 0.0,46.4, 37.5, 10.7
348,14,39,37,521,13.3, 8.0, 40.3,0.0, 24.6, 0.0,58.5, 48.9, 14.2
349,14,39,38,27,13.7, 8.2, 42.7,0.0, 2.9, 0.0,73.7, 41.2, 27.1
350,14,39,38,534,12.5, 8.3, 44.7,0.0, 6.6, 0.0,82.0, 85.9, 67.3
351,14,39,39,41,12.5, 8.3, 47.2,0.0, 0.2, 0.0,83.1, 97.1, 83.1
352,14,39,39,548,12.4, 8.1, 49.6,0.0, 335.4, 0.0,83.1, 72.3, 83.1
353,14,39,40,54,12.0, 8.2, 49.4,0.0, 335.7, 0.0,82.3, 52.2, 62.9
354,14,39,40,561,10.2, 8.2, 48.2,0.0, 293.5, 0.0,83.2, 30.5, 83.0
355,14,39,41,69,8.8, 8.1, 46.0,0.0, 289.0, 0.0,83.2, 26.0, 83.0
356,14,39,41,574,7.7, 7.8, 43.9,0.0, 278.3, 0.0,81.6, 346.1, 54.0
357,14,39,42,81,5.6, 7.4, 43.0,0.0, 278.5, 0.0,81.4, 344.1, 51.9
358,14,39,42,587,3.8, 7.0, 41.3,0.0, 273.9, 0.0,61.2, 300.4, 14.1
359,14,39,43,94,1.6, 6.5, 40.3,0.0, 280.2, 0.0,60.7, 306.5, 13.9
360,14,39,43,602,-0.7, 6.2, 39.5,0.0, 299.1, 0.0,38.8, 318.7, 8.7
361,14,39,44,108,-3.2, 6.0, 39.1,0.0, 305.6, 0.0,34.8, 324.4, 8.2
362,14,39,44,615,-5.7, 5.9, 38.9,0.0, 306.2, 0.0,34.0, 324.9, 8.2
363,14,39,45,122,-8.1, 6.0, 39.3,0.0, 309.5, 0.0,33.1, 328.0, 8.1
364,14,39,45,628,-10.6, 6.3, 39.6,0.0, 311.0, 0.0,32.5, 329.4, 8.0
365,14,39,46,136,-12.7, 6.4, 40.8,0.0, 311.0, 0.0,32.5, 329.4, 8.0
366,14,39,46,642,-15.1, 6.3, 41.1,0.0, 313.3, 0.0,31.3, 331.5, 7.9
367,14,39,47,148,-17.7, 6.4, 41.6,0.0, 319.8, 0.0,31.1, 338.0, 7.9
368,14,39,47,655,-19.3, 7.1, 43.3,0.0, 324.5, 0.0,31.3, 342.7, 7.9
369,14,39,48,161,-21.7, 7.3, 43.9,0.0, 333.0, 0.0,32.9, 351.5, 8.0
370,14,39,48,668,-24.1, 7.5, 45.0,0.0, 340.7, 0.0,37.6, 0.0, 8.5
371,14,39,49,174,-25.7, 7.8, 46.6,0.0, 356.8, 0.0,46.3, 18.0, 9.8
372,14,39,49,681,-27.4, 8.2, 48.3,0.0, 17.3, 0.0,63.0, 44.8, 15.0
373,14,39,50,189,-27.9, 8.5, 50.4,0.0, 59.6, 0.0,78.1, 107.8, 34.7
374,14,39,50,697,-28.3, 8.4, 50.2,0.0, 61.4, 0.0,78.8, 112.3, 37.3
375,14,39,51,201,-29.6, 8.1, 49.1,0.0, 111.6, 0.0,78.0, 159.6, 34.5
376,14,39,51,707,-27.9, 8.0, 47.7,0.0, 113.6, 0.0,77.8, 160.8, 33.7
377,14,39,52,213,-27.2, 7.5, 45.6,0.0, 129.7, 0.0,74.2, 168.5, 25.6
378,14,39,52,720,-26.1, 7.4, 45.1,0.0, 61.7, 0.0,74.9, 101.8, 26.8
379,14,39,53,229,-27.8, 7.8, 46.9,0.0, 36.4, 0.0,75.3, 77.2, 27.5
380,14,39,53,736,-28.3, 8.2, 49.1,0.0, 52.9, 0.0,83.4, 150.2, 82.7
381,14,39,54,241,-29.0, 8.5, 51.4,0.0, 74.1, 0.0,84.8, 172.9, 81.2
382,14,39,54,746,-27.6, 8.6, 51.7,0.0, 90.4, 0.0,85.5, 186.1, 76.8
383,14,39,55,253,-27.6, 8.6, 53.1,0.0, 106.4, 0.0,86.2, 206.3, 80.1
384,14,39,55,760,-26.4, 8.3, 55.1,0.0, 130.3, 0.0,82.3, 179.6, 29.7
385,14,39,56,266,-25.3, 8.4, 54.0,0.0, 143.3, 0.0,80.1, 185.4, 22.6
386,14,39,56,773,-24.7, 8.2, 54.4,0.0, 106.8, 0.0,72.9, 139.1, 13.0
387,14,39,57,281,-24.7, 8.2, 54.4,0.0, 95.7, 0.0,68.7, 125.3, 10.5
388,14,39,57,788,-24.1, 8.2, 54.3,0.0, 94.4, 0.0,68.0, 123.7, 10.2
389,14,39,58,293,-21.8, 7.8, 53.3,0.0, 116.4, 0.0,70.5, 147.0, 11.4
390,14,39,58,801,-21.9, 8.0, 51.1,0.0, 130.7, 0.0,71.5, 161.9, 12.0
391,14,39,59,306,-20.4, 7.6, 49.2,0.0, 143.6, 0.0,73.8, 176.6, 13.7
392,14,39,59,813,-19.4, 7.4, 46.9,0.0, 143.6, 0.0,73.8, 176.6, 13.7
393,14,40,00,318,-18.6, 7.1, 44.6,0.0, 143.6, 0.0,73.8, 176.6, 13.7
394,14,40,00,826,-17.2, 6.5, 42.6,0.0, 143.6, 0.0,73.8, 176.6, 13.7
395,14,40,01,333,-15.3, 6.3, 41.0,0.0, 135.9, 0.0,73.2, 168.4, 13.2
396,14,40,01,839,-13.1, 6.5, 39.9,0.0, 107.5, 0.0,70.3, 138.0, 11.3
397,14,40,02,348,-10.9, 6.4, 38.8,0.0, 103.8, 0.0,70.1, 134.2, 11.2
398,14,40,02,853,-8.4, 6.1, 38.3,0.0, 102.7, 0.0,69.0, 132.5, 10.6
399,14,40,03,360,-6.0, 6.0, 38.2,0.0, 74.7, 0.0,65.9, 103.0, 9.3
400,14,40,03,867,-3.9, 5.9, 39.5,0.0, 61.0, 0.0,63.4, 88.4, 8.5
401,14,40,04,374,-2.1, 5.9, 41.3,0.0, 49.1, 0.0,62.3, 76.2, 8.2
402,14,40,04,881,-0.5, 6.1, 43.2,0.0, 50.6, 0.0,64.7, 78.5, 8.9
403,14,40,05,389,0.5, 6.3, 45.5,0.0, 51.6, 0.0,65.2, 79.7, 9.0
404,14,40,05,895,2.0, 6.5, 47.5,0.0, 64.7, 0.0,67.9, 93.9, 10.1
405,14,40,06,400,3.4, 6.2, 49.4,0.0, 81.0, 0.0,69.1, 110.8, 10.7
406,14,40,06,907,5.4, 6.1, 50.8,0.0, 89.3, 0.0,69.7, 119.4, 11.0
407,14,40,07,415,7.5, 6.4, 52.3,0.0, 91.7, 0.0,70.3, 122.2, 11.3
408,14,40,07,921,9.7, 7.2, 52.1,0.0, 118.9, 0.0,77.7, 156.5, 18.1
409,14,40,08,427,11.4, 8.0, 50.5,0.0, 143.2, 0.0,81.5, 189.2, 26.4
410,14,40,08,933,12.4, 8.2, 49.0,0.0, 151.9, 0.0,84.3, 213.3, 41.7
411,14,40,09,440,12.6, 8.3, 47.7,0.0, 177.5, 0.0,86.3, 277.5, 80.0
412,14,40,09,948,12.6, 8.3, 47.1,0.0, 177.5, 0.0,86.3, 277.5, 80.0
413,14,40,10,455,12.7, 8.4, 45.7,0.0, 177.5, 0.0,86.3, 277.5, 80.0
414,14,40,10,960,13.1, 8.3, 43.3,0.0, 163.5, 0.0,86.2, 257.5, 74.0
415,14,40,11,466,12.1, 8.0, 41.1,0.0, 185.0, 0.0,86.5, 285.1, 79.9
416,14,40,11,973,11.5, 7.6, 38.7,0.0, 185.1, 0.0,86.5, 285.3, 79.8
417,14,40,12,480,11.0, 7.2, 36.3,0.0, 185.1, 0.0,86.5, 285.3, 79.8
418,14,40,12,987,9.9, 6.9, 34.2,0.0, 185.1, 0.0,86.5, 285.3, 79.8
419,14,40,13,494,8.7, 6.9, 32.0,0.0, 184.6, 0.0,86.6, 283.2, 78.1
420,14,40,13,999,7.4, 7.2, 29.9,0.0, 182.1, 0.0,86.7, 282.4, 79.7
421,14,40,14,507,6.0, 7.7, 28.0,0.0, 169.1, 0.0,87.1, 269.6, 79.5
422,14,40,15,14,6.4, 8.3, 25.6,0.0, 165.6, 0.0,87.7, 266.6, 79.0
423,14,40,15,520,6.0, 8.7, 23.3,0.0, 165.2, 0.0,87.8, 266.2, 79.0
424,14,40,16,27,4.7, 8.3, 21.9,0.0, 165.2, 0.0,87.8, 266.2, 79.0
425,14,40,16,534,5.4, 8.1, 19.4,0.0, 157.3, 0.0,87.8, 255.7, 76.4
426,14,40,17,41,6.8, 8.0, 17.4,0.0, 144.6, 0.0,86.9, 209.1, 42.5
427,14,40,17,547,8.2, 8.1, 15.3,0.0, 144.6, 0.0,86.9, 209.1, 42.5
428,14,40,18,54,9.8, 8.2, 13.2,0.0, 141.6, 0.0,86.6, 201.6, 38.0
429,14,40,18,561,11.0, 8.3, 11.1,0.0, 150.3, 0.0,87.6, 234.6, 62.3
430,14,40,19,68,12.2, 8.3, 9.0,0.0, 170.1, 0.0,86.9, 235.9, 43.8
431,14,40,19,574,13.2, 8.4, 6.6,0.0, 198.4, 0.0,87.3, 271.5, 51.1
432,14,40,20,82,13.8, 8.9, 4.2,0.0, 197.9, 0.0,86.4, 256.0, 36.1
433,14,40,20,588,13.0, 9.3, 1.9,0.0, 225.1, 0.0,88.9, 326.7, 78.4
434,14,40,21,96,10.9, 9.2, 0.9,0.0, 223.3, 0.0,88.7, 288.4, 41.6
435,14,40,21,602,8.9, 9.0, 1.5,0.0, 223.3, 0.0,88.7, 288.4, 41.6
436,14,40,22,108,7.0, 8.6, -0.1,0.0, 224.7, 0.0,88.5, 284.6, 36.4
437,14,40,22,615,5.0, 8.0, -1.4,0.0, 224.7, 0.0,88.4, 280.4, 32.3
438,14,40,23,122,3.1, 7.3, -2.9,0.0, 222.2, 0.0,89.2, 324.0, 78.2
439,14,40,23,628,1.2, 6.9, -4.4,0.0, 223.9, 0.0,88.9, 294.5, 47.1
440,14,40,24,135,-0.9, 6.7, -5.8,0.0, 243.9, 0.0,89.2, 345.7, 78.2
441,14,40,24,643,-3.3, 6.7, -6.6,0.0, 243.9, 0.0,89.2, 345.7, 78.2
442,14,40,25,149,-5.6, 7.0, -7.6,0.0, 246.8, 0.0,89.1, 169.4, 257.4
443,14,40,25,656,-7.9, 7.1, -8.2,0.0, 257.5, 0.0,86.3, 181.3, 256.2
444,14,40,26,162,-7.9, 7.1, -8.2,0.0, 232.9, 0.0,86.2, 181.0, 280.4
445,14,40,26,668,-6.3, 7.2, -8.5,0.0, 165.6, 0.0,86.2, 112.2, 278.9
446,14,40,27,176,-4.1, 7.3, -9.3,0.0, 145.3, 0.0,84.6, 129.3, 316.2
447,14,40,27,682,-2.5, 7.5, -11.2,0.0, 136.3, 0.0,83.7, 127.9, 323.8
448,14,40,28,188,-0.8, 7.7, -13.0,0.0, 131.2, 0.0,83.2, 125.8, 326.7
449,14,40,28,694,1.6, 7.8, -13.6,0.0, 119.6, 0.0,82.3, 118.7, 331.2
450,14,40,29,202,3.5, 8.0, -14.9,0.0, 141.7, 0.0,83.0, 137.2, 327.6
451,14,40,29,709,5.7, 8.4, -16.0,0.0, 153.3, 0.0,83.7, 144.9, 323.8
452,14,40,30,215,7.1, 8.5, -18.2,0.0, 156.0, 0.0,86.1, 111.4, 287.6
453,14,40,30,721,9.2, 8.9, -19.5,0.0, 138.7, 0.0,83.5, 63.5, 255.2
454,14,40,31,229,11.0, 9.2, -21.1,0.0, 108.9, 0.0,78.5, 35.0, 253.9
455,14,40,31,735,12.7, 9.5, -22.4,0.0, 104.2, 0.0,78.0, 30.4, 253.8
456,14,40,32,241,12.7, 9.5, -22.5,0.0, 104.2, 0.0,78.0, 30.4, 253.8
457,14,40,32,749,12.7, 9.5, -22.5,0.0, 104.2, 0.0,78.0, 30.4, 253.8
458,14,40,33,256,12.7, 9.5, -22.5,0.0, 104.2, 0.0,78.0, 30.4, 253.8
459,14,40,33,760,12.7, 9.5, -22.5,0.0, 90.2, 0.0,78.4, 27.9, 265.1
460,14,40,34,267,12.7, 9.6, -20.7,0.0, 77.2, 0.0,77.5, 42.2, 291.8
461,14,40,34,774,12.7, 9.6, -20.6,0.0, 75.0, 0.0,69.1, 75.3, 325.8
462,14,40,35,281,13.7, 9.6, -22.4,0.0, 112.0, 0.0,77.2, 38.4, 253.6
463,14,40,35,789,14.5, 9.6, -23.1,0.0, 146.7, 0.0,69.8, 74.6, 252.6
464,14,40,36,294,14.5, 9.6, -23.1,0.0, 146.4, 0.0,70.0, 76.6, 254.7
465,14,40,36,802,14.5, 9.6, -23.1,0.0, 101.5, 0.0,70.7, 42.8, 265.2
466,14,40,37,308,14.9, 9.6, -23.1,0.0, 87.3, 0.0,70.6, 39.8, 275.7
467,14,40,37,814,16.9, 9.5, -23.0,0.0, 87.3, 0.0,70.6, 39.8, 275.7
468,14,40,38,321,16.9, 9.5, -23.0,0.0, 87.3, 0.0,70.6, 39.8, 275.7
469,14,40,38,827,16.9, 9.5, -23.0,0.0, 87.3, 0.0,70.6, 39.8, 275.7
470,14,40,39,333,16.9, 9.5, -23.0,0.0, 87.3, 0.0,70.6, 39.8, 275.7
471,14,40,39,840,16.9, 9.5, -23.0,0.0, 87.3, 0.0,70.6, 39.8, 275.7
472,14,40,40,347,18.1, 9.6, -21.6,0.0, 80.7, 0.0,70.4, 37.6, 279.9
473,14,40,40,853,20.5, 9.2, -20.7,0.0, 71.4, 0.0,69.7, 37.1, 288.2
474,14,40,41,360,22.9, 8.7, -20.2,0.0, 71.4, 0.0,69.7, 37.1, 288.2
475,14,40,41,866,25.0, 8.7, -18.9,0.0, 51.3, 0.0,66.9, 32.5, 302.6
476,14,40,42,374,25.1, 9.0, -16.6,0.0, 51.2, 0.0,67.0, 31.9, 302.2
477,14,40,42,880,26.2, 9.1, -14.4,0.0, 33.6, 0.0,67.4, 12.8, 300.8
478,14,40,43,386,27.6, 8.9, -12.4,0.0, 36.3, 0.0,67.5, 15.1, 300.4
479,14,40,43,895,28.6, 8.6, -10.1,0.0, 28.1, 0.0,66.1, 12.4, 305.5
480,14,40,44,399,29.7, 8.2, -7.9,0.0, 26.5, 0.0,65.9, 11.6, 306.2
481,14,40,44,906,30.7, 8.0, -5.6,0.0, 27.9, 0.0,64.4, 17.5, 310.2
482,14,40,45,414,31.9, 7.9, -3.3,0.0, 27.9, 0.0,64.8, 16.4, 309.3
483,14,40,45,921,32.1, 7.9, -2.9,0.0, 32.9, 0.0,62.8, 26.3, 313.7
484,14,40,46,427,31.0, 7.9, -4.6,0.0, 32.9, 0.0,62.8, 26.3, 313.7
485,14,40,46,934,30.1, 8.1, -6.0,0.0, 32.9, 0.0,62.8, 26.3, 313.7
486,14,40,47,441,30.1, 8.1, -6.0,0.0, 47.2, 0.0,63.1, 40.0, 313.1
487,14,40,47,948,30.1, 8.1, -6.0,0.0, 47.2, 0.0,63.1, 40.0, 313.1
488,14,40,48,454,30.1, 8.1, -6.0,0.0, 47.2, 0.0,63.1, 40.0, 313.1
489,14,40,48,961,30.1, 8.1, -6.0,0.0, 56.4, 0.0,62.4, 50.8, 314.5
490,14,40,49,467,30.1, 8.1, -6.0,0.0, 56.6, 0.0,62.4, 51.0, 314.5
491,14,40,49,974,31.4, 7.9, -5.4,0.0, 63.8, 0.0,62.1, 58.8, 315.1
492,14,40,50,482,31.4, 7.9, -5.4,0.0, 63.8, 0.0,62.1, 58.8, 315.1
493,14,40,50,987,31.4, 7.9, -5.4,0.0, 63.8, 0.0,62.1, 58.8, 315.1
494,14,40,51,494,31.4, 7.9, -5.4,0.0, 63.8, 0.0,62.1, 58.8, 315.1
495,14,40,52,1,31.4, 7.9, -5.4,0.0, 63.8, 0.0,62.1, 58.8, 315.1
496,14,40,52,507,31.4, 7.9, -5.4,0.0, 63.8, 0.0,62.1, 58.8, 315.1
497,14,40,53,13,31.4, 7.9, -5.4,0.0, 63.8, 0.0,62.1, 58.8, 315.1
498,14,40,53,521,31.4, 7.9, -5.4,0.0, 63.8, 0.0,62.1, 58.8, 315.1
499,14,40,54,27,31.4, 7.9, -5.4,0.0, 63.8, 0.0,62.1, 58.8, 315.1
500,14,40,54,532,31.4, 7.9, -5.4,0.0, 63.8, 0.0,62.1, 58.8, 315.1
501,14,40,55,40,31.4, 7.9, -5.4,0.0, 63.8, 0.0,62.1, 58.8, 315.1
502,14,40,55,547,31.4, 7.9, -5.4,0.0, 63.8, 0.0,62.1, 58.8, 315.1
503,14,40,56,54,31.4, 7.9, -5.4,0.0, 63.8, 0.0,62.1, 58.8, 315.1
504,14,40,56,561,31.4, 7.9, -5.4,0.0, 63.8, 0.0,62.1, 58.8, 315.1
505,14,40,57,68,31.4, 7.9, -5.4,0.0, 63.8, 0.0,62.1, 58.8, 315.1
506,14,40,57,575,31.4, 7.9, -5.4,0.0, 63.8, 0.0,62.1, 58.8, 315.1
507,14,40,58,81,31.4, 7.9, -5.4,0.0, 63.8, 0.0,62.1, 58.8, 315.1
508,14,40,58,588,31.4, 7.9, -5.4,0.0, 63.8, 0.0,62.1, 58.8, 315.1
509,14,40,59,95,31.4, 7.9, -5.4,0.0, 63.8, 0.0,62.1, 58.8, 315.1
510,14,40,59,602,31.4, 7.9, -5.4,0.0, 63.8, 0.0,62.1, 58.8, 315.1
511,14,41,00,107,31.4, 7.9, -5.4,0.0, 63.8, 0.0,62.1, 58.8, 315.1
512,14,41,00,614,31.4, 7.9, -5.4,0.0, 63.8, 0.0,62.1, 58.8, 315.1
513,14,41,01,120,31.4, 7.9, -5.4,0.0, 63.8, 0.0,62.1, 58.8, 315.1
514,14,41,01,627,31.4, 7.9, -5.4,0.0, 63.8, 0.0,62.1, 58.8, 315.1
515,14,41,02,134,31.4, 7.9, -5.4,0.0, 63.8, 0.0,62.1, 58.8, 315.1
516,14,41,02,641,31.4, 7.9, -5.4,0.0, 63.8, 0.0,62.1, 58.8, 315.1
517,14,41,03,148,31.4, 7.9, -5.4,0.0, 63.8, 0.0,62.1, 58.8, 315.1
518,14,41,03,655,31.4, 7.9, -5.4,0.0, 63.8, 0.0,62.1, 58.8, 315.1
519,14,41,04,161,31.4, 7.9, -5.4,0.0, 63.8, 0.0,62.1, 58.8, 315.1
520,14,41,04,667,31.4, 7.9, -5.4,0.0, 63.8, 0.0,62.1, 58.8, 315.1
521,14,41,05,175,31.4, 7.9, -5.4,0.0, 63.8, 0.0,62.1, 58.8, 315.1
522,14,41,05,682,31.4, 7.9, -5.4,0.0, 63.8, 0.0,62.1, 58.8, 315.1
523,14,41,06,188,31.4, 7.9, -5.4,0.0, 63.8, 0.0,62.1, 58.8, 315.1
524,14,41,06,694,31.4, 7.9, -5.4,0.0, 63.8, 0.0,62.1, 58.8, 315.1
525,14,41,07,203,31.4, 7.9, -5.4,0.0, 63.8, 0.0,62.1, 58.8, 315.1
