id,hour,min,sec,ms,xpos,ypos,zpos,uMousePos,vMousePos,wMousePos,uGazePos,vGazePos,wGazePos
0,15,37,35,710,80.8, 18.8, 134.0,0.0, 238.7, 0.0,6.7, 252.5, 357.8
1,15,37,36,795,80.8, 17.6, 134.0,0.0, 238.7, 0.0,6.7, 252.5, 357.8
2,15,37,37,302,80.8, 17.6, 134.0,0.0, 238.7, 0.0,6.7, 252.5, 357.8
3,15,37,37,811,80.8, 17.6, 134.0,0.0, 238.7, 0.0,6.7, 252.5, 357.8
4,15,37,38,317,80.8, 17.6, 134.0,0.0, 245.9, 0.0,5.0, 259.8, 357.8
5,15,37,38,825,80.8, 17.6, 134.0,0.0, 283.8, 0.0,342.5, 298.6, 357.7
6,15,37,39,333,80.8, 17.6, 134.0,0.0, 284.0, 0.0,341.9, 298.8, 357.7
7,15,37,39,839,80.8, 17.6, 134.0,0.0, 267.7, 0.0,334.2, 282.8, 357.5
8,15,37,40,348,80.8, 17.6, 134.0,0.0, 265.9, 0.0,25.4, 278.9, 357.5
9,15,37,40,854,80.8, 17.6, 134.0,0.0, 266.3, 0.0,25.7, 279.3, 357.5
10,15,37,41,360,80.8, 17.6, 134.0,0.0, 266.3, 0.0,25.7, 279.3, 357.5
11,15,37,41,867,80.8, 17.6, 134.0,0.0, 266.3, 0.0,25.7, 279.3, 357.5
12,15,37,42,374,80.8, 17.6, 134.0,0.0, 266.3, 0.0,25.7, 279.3, 357.5
13,15,37,42,881,80.8, 17.6, 134.0,0.0, 266.3, 0.0,25.7, 279.3, 357.5
14,15,37,43,388,80.8, 17.6, 134.0,0.0, 266.3, 0.0,25.7, 279.3, 357.5
15,15,37,43,894,80.8, 17.6, 134.0,0.0, 270.2, 0.0,38.6, 282.5, 357.2
16,15,37,44,401,80.8, 17.6, 134.0,0.0, 273.2, 0.0,44.9, 285.1, 356.9
17,15,37,44,908,80.8, 17.6, 134.0,0.0, 273.2, 0.0,44.9, 285.1, 356.9
18,15,37,45,415,80.8, 17.6, 134.0,0.0, 273.2, 0.0,44.9, 285.1, 356.9
19,15,37,45,921,80.8, 17.6, 134.0,0.0, 273.2, 0.0,44.9, 285.1, 356.9
20,15,37,46,428,80.8, 17.6, 134.0,0.0, 273.2, 0.0,44.9, 285.1, 356.9
21,15,37,46,935,80.8, 17.6, 134.0,0.0, 273.2, 0.0,44.9, 285.1, 356.9
22,15,37,47,442,80.8, 17.6, 134.0,0.0, 273.2, 0.0,44.9, 285.1, 356.9
23,15,37,47,948,80.8, 17.6, 134.0,0.0, 273.2, 0.0,44.9, 285.1, 356.9
24,15,37,48,455,80.8, 17.6, 134.0,0.0, 273.2, 0.0,44.9, 285.1, 356.9
25,15,37,48,961,80.8, 17.6, 134.0,0.0, 273.2, 0.0,44.9, 285.1, 356.9
26,15,37,49,467,80.8, 17.6, 134.0,0.0, 273.2, 0.0,44.9, 285.1, 356.9
27,15,37,49,973,-102.0, 16.8, -89.0,0.0, 273.2, 0.0,44.9, 285.1, 356.9
28,15,37,50,479,11.0, 27.2, 78.0,0.0, 273.2, 0.0,44.9, 285.1, 356.9
29,15,37,50,986,11.0, 27.2, 78.0,0.0, 273.2, 0.0,44.9, 285.1, 356.9
30,15,37,51,494,11.0, 27.2, 78.0,0.0, 273.2, 0.0,44.9, 285.1, 356.9
31,15,37,52,0,11.0, 27.2, 78.0,0.0, 273.2, 0.0,44.9, 285.1, 356.9
32,15,37,52,514,11.0, 27.2, 78.0,0.0, 246.3, 0.0,62.5, 256.1, 355.2
33,15,37,53,24,11.0, 27.2, 78.0,0.0, 240.0, 0.0,77.4, 244.0, 349.7
34,15,37,53,531,11.0, 27.2, 78.0,0.0, 240.0, 0.0,77.4, 244.0, 349.7
35,15,37,54,39,11.0, 27.2, 78.0,0.0, 240.0, 0.0,77.4, 244.0, 349.7
36,15,37,54,545,11.0, 27.2, 78.0,0.0, 240.0, 0.0,77.4, 244.0, 349.7
37,15,37,55,54,11.0, 27.2, 78.0,0.0, 240.0, 0.0,77.4, 244.0, 349.7
38,15,37,55,560,11.0, 27.2, 78.0,0.0, 240.0, 0.0,77.4, 244.0, 349.7
39,15,37,56,67,11.0, 27.2, 78.0,0.0, 240.0, 0.0,77.4, 244.0, 349.7
40,15,37,56,574,11.0, 27.2, 78.0,0.0, 240.0, 0.0,77.4, 244.0, 349.7
41,15,37,57,81,11.0, 27.2, 78.0,0.0, 240.0, 0.0,77.4, 244.0, 349.7
42,15,37,57,588,11.0, 27.2, 78.0,0.0, 240.0, 0.0,77.4, 244.0, 349.7
43,15,37,58,94,11.0, 27.2, 78.0,0.0, 240.0, 0.0,77.4, 244.0, 349.7
44,15,37,58,601,11.0, 27.2, 78.0,0.0, 240.0, 0.0,77.4, 244.0, 349.7
45,15,37,59,108,11.0, 27.2, 78.0,0.0, 240.0, 0.0,77.4, 244.0, 349.7
46,15,37,59,614,11.0, 27.2, 78.0,0.0, 240.0, 0.0,77.4, 244.0, 349.7
47,15,38,00,121,11.0, 27.2, 78.0,0.0, 240.0, 0.0,77.4, 244.0, 349.7
48,15,38,00,628,11.0, 27.2, 78.0,0.0, 240.0, 0.0,77.4, 244.0, 349.7
49,15,38,01,135,11.0, 27.2, 78.0,0.0, 240.0, 0.0,77.4, 244.0, 349.7
50,15,38,01,641,11.0, 27.2, 78.0,0.0, 240.0, 0.0,77.4, 244.0, 349.7
51,15,38,02,148,11.0, 27.2, 78.0,0.0, 240.0, 0.0,77.4, 244.0, 349.7
52,15,38,02,655,11.0, 27.2, 78.0,0.0, 240.0, 0.0,77.4, 244.0, 349.7
53,15,38,03,161,11.0, 27.2, 78.0,0.0, 240.0, 0.0,77.4, 244.0, 349.7
54,15,38,03,668,11.0, 27.2, 78.0,0.0, 240.0, 0.0,77.4, 244.0, 349.7
55,15,38,04,174,11.0, 27.2, 78.0,0.0, 240.0, 0.0,77.4, 244.0, 349.7
56,15,38,04,681,11.0, 27.2, 78.0,0.0, 240.0, 0.0,77.4, 244.0, 349.7
57,15,38,05,188,11.0, 27.2, 78.0,0.0, 240.0, 0.0,77.4, 244.0, 349.7
58,15,38,05,694,11.0, 27.2, 78.0,0.0, 240.0, 0.0,77.4, 244.0, 349.7
59,15,38,06,201,11.0, 27.2, 78.0,0.0, 240.0, 0.0,77.4, 244.0, 349.7
60,15,38,06,708,11.0, 27.2, 78.0,0.0, 240.0, 0.0,77.4, 244.0, 349.7
61,15,38,07,214,11.0, 27.2, 78.0,0.0, 240.0, 0.0,77.4, 244.0, 349.7
62,15,38,07,721,11.0, 27.2, 78.0,0.0, 240.0, 0.0,77.4, 244.0, 349.7
63,15,38,08,227,11.0, 27.2, 78.0,0.0, 240.0, 0.0,77.4, 244.0, 349.7
64,15,38,08,734,11.0, 27.2, 78.0,0.0, 240.0, 0.0,77.4, 244.0, 349.7
65,15,38,09,240,11.0, 27.2, 78.0,0.0, 240.0, 0.0,77.4, 244.0, 349.7
66,15,38,09,746,11.0, 27.2, 78.0,0.0, 240.0, 0.0,77.4, 244.0, 349.7
67,15,38,10,254,11.0, 27.2, 78.0,0.0, 240.0, 0.0,77.4, 244.0, 349.7
68,15,38,10,760,11.0, 27.2, 78.0,0.0, 240.0, 0.0,77.4, 244.0, 349.7
69,15,38,11,267,11.0, 27.2, 78.0,0.0, 240.0, 0.0,77.4, 244.0, 349.7
70,15,38,11,774,11.0, 27.2, 78.0,0.0, 240.0, 0.0,77.4, 244.0, 349.7
71,15,38,12,280,11.0, 27.2, 78.0,0.0, 240.0, 0.0,77.4, 244.0, 349.7
72,15,38,12,788,11.0, 27.2, 78.0,0.0, 240.0, 0.0,77.4, 244.0, 349.7
73,15,38,13,295,11.0, 27.2, 78.0,0.0, 240.0, 0.0,77.4, 244.0, 349.7
74,15,38,13,801,11.0, 27.2, 78.0,0.0, 240.0, 0.0,77.4, 244.0, 349.7
75,15,38,14,308,11.0, 27.2, 78.0,0.0, 240.0, 0.0,77.4, 244.0, 349.7
76,15,38,14,815,11.0, 27.2, 78.0,0.0, 240.0, 0.0,77.4, 244.0, 349.7
77,15,38,15,322,11.0, 27.2, 78.0,0.0, 240.0, 0.0,77.4, 244.0, 349.7
78,15,38,15,828,11.0, 27.2, 78.0,0.0, 240.0, 0.0,77.4, 244.0, 349.7
79,15,38,16,335,11.0, 27.2, 78.0,0.0, 240.0, 0.0,77.4, 244.0, 349.7
80,15,38,16,842,11.0, 27.2, 78.0,0.0, 240.0, 0.0,77.4, 244.0, 349.7
81,15,38,17,349,11.0, 27.2, 78.0,0.0, 240.0, 0.0,77.4, 244.0, 349.7
82,15,38,17,856,11.0, 27.2, 78.0,0.0, 240.0, 0.0,77.4, 244.0, 349.7
83,15,38,18,363,11.0, 27.2, 78.0,0.0, 240.0, 0.0,77.4, 244.0, 349.7
84,15,38,18,870,11.0, 27.2, 78.0,0.0, 240.0, 0.0,77.4, 244.0, 349.7
85,15,38,19,377,11.0, 27.2, 78.0,0.0, 240.0, 0.0,77.4, 244.0, 349.7
86,15,38,19,882,11.0, 27.2, 78.0,0.0, 240.0, 0.0,77.4, 244.0, 349.7
87,15,38,20,386,11.0, 27.2, 78.0,0.0, 240.0, 0.0,77.4, 244.0, 349.7
88,15,38,20,893,11.0, 27.2, 78.0,0.0, 240.0, 0.0,77.4, 244.0, 349.7
89,15,38,21,399,11.0, 27.2, 78.0,0.0, 240.0, 0.0,77.4, 244.0, 349.7
90,15,38,21,906,11.0, 27.2, 78.0,0.0, 240.0, 0.0,77.4, 244.0, 349.7
91,15,38,22,414,11.0, 27.2, 78.0,0.0, 240.0, 0.0,77.4, 244.0, 349.7
92,15,38,22,919,11.0, 27.2, 78.0,0.0, 240.0, 0.0,77.4, 244.0, 349.7
93,15,38,23,427,11.0, 27.2, 78.0,0.0, 240.0, 0.0,77.4, 244.0, 349.7
94,15,38,23,934,11.0, 27.2, 78.0,0.0, 239.4, 0.0,74.9, 245.2, 351.5
95,15,38,24,441,11.0, 27.2, 78.0,0.0, 239.2, 0.0,74.7, 245.1, 351.6
96,15,38,24,947,11.0, 27.2, 78.0,0.0, 239.2, 0.0,74.7, 245.1, 351.6
97,15,38,25,454,11.0, 27.2, 78.0,0.0, 233.7, 0.0,75.7, 239.0, 351.0
98,15,38,25,961,11.0, 27.2, 78.0,0.0, 233.7, 0.0,75.7, 239.0, 351.0
99,15,38,26,468,11.0, 27.2, 78.0,0.0, 237.7, 0.0,75.7, 243.0, 351.0
100,15,38,26,974,11.0, 27.2, 78.0,0.0, 240.1, 0.0,71.5, 247.5, 353.0
101,15,38,27,481,11.0, 27.2, 78.0,0.0, 240.2, 0.0,72.2, 247.3, 352.7
102,15,38,27,988,11.0, 27.2, 78.0,0.0, 240.8, 0.0,72.1, 248.0, 352.8
103,15,38,28,495,11.0, 27.2, 78.0,0.0, 241.3, 0.0,72.3, 248.4, 352.7
104,15,38,29,1,11.0, 27.2, 78.0,0.0, 240.6, 0.0,72.5, 247.6, 352.6
105,15,38,29,508,11.0, 27.2, 78.0,0.0, 240.4, 0.0,72.4, 247.4, 352.6
106,15,38,30,15,11.0, 27.2, 78.0,0.0, 240.1, 0.0,72.5, 247.1, 352.6
107,15,38,30,522,11.0, 27.2, 78.0,0.0, 239.8, 0.0,72.5, 246.8, 352.6
108,15,38,31,29,11.0, 27.2, 78.0,0.0, 240.3, 0.0,72.4, 247.3, 352.6
109,15,38,31,536,11.0, 27.2, 78.0,0.0, 240.4, 0.0,72.4, 247.4, 352.6
110,15,38,32,42,11.0, 27.2, 78.0,0.0, 240.4, 0.0,72.4, 247.4, 352.6
111,15,38,32,549,11.0, 27.2, 78.0,0.0, 240.4, 0.0,72.4, 247.4, 352.6
112,15,38,33,55,11.0, 27.2, 78.0,0.0, 240.4, 0.0,72.4, 247.4, 352.6
113,15,38,33,561,11.0, 27.2, 78.0,0.0, 240.4, 0.0,72.4, 247.4, 352.6
114,15,38,34,68,11.0, 27.2, 78.0,0.0, 240.4, 0.0,72.4, 247.4, 352.6
115,15,38,34,575,11.0, 27.2, 78.0,0.0, 241.1, 0.0,72.1, 248.3, 352.8
116,15,38,35,81,11.0, 27.2, 78.0,0.0, 241.1, 0.0,72.1, 248.3, 352.8
117,15,38,35,588,11.0, 27.2, 78.0,0.0, 241.1, 0.0,72.1, 248.3, 352.8
118,15,38,36,95,11.0, 27.2, 78.0,0.0, 241.1, 0.0,72.1, 248.3, 352.8
119,15,38,36,601,11.0, 27.2, 78.0,0.0, 241.1, 0.0,72.1, 248.3, 352.8
120,15,38,37,108,11.0, 27.2, 78.0,0.0, 241.1, 0.0,72.1, 248.3, 352.8
121,15,38,37,615,11.0, 27.2, 78.0,0.0, 241.1, 0.0,72.1, 248.3, 352.8
122,15,38,38,122,11.0, 27.2, 78.0,0.0, 215.8, 0.0,69.7, 223.8, 353.6
123,15,38,38,635,11.0, 27.2, 78.0,0.0, 160.7, 0.0,74.8, 166.6, 351.5
124,15,38,39,143,11.0, 27.2, 78.0,0.0, 148.0, 0.0,75.5, 153.5, 351.1
125,15,38,39,651,11.0, 27.2, 78.0,0.0, 148.0, 0.0,75.5, 153.5, 351.1
126,15,38,40,159,11.0, 27.2, 78.0,0.0, 148.0, 0.0,75.5, 153.5, 351.1
127,15,38,40,666,11.0, 27.2, 78.0,0.0, 148.2, 0.0,75.3, 153.8, 351.2
128,15,38,41,174,11.0, 27.2, 78.0,0.0, 149.0, 0.0,75.7, 154.3, 351.0
129,15,38,41,679,12.4, 27.2, 76.3,0.0, 149.2, 0.0,77.9, 152.8, 349.3
130,15,38,42,186,13.6, 27.2, 75.7,0.0, 149.3, 0.0,78.2, 152.6, 349.1
131,15,38,42,694,14.8, 27.2, 77.5,0.0, 149.7, 0.0,78.6, 152.7, 348.7
132,15,38,43,200,14.6, 27.2, 77.1,0.0, 149.7, 0.0,78.6, 152.7, 348.7
133,15,38,43,708,14.6, 27.2, 77.1,0.0, 149.7, 0.0,78.6, 152.7, 348.7
134,15,38,44,212,14.6, 27.2, 77.1,0.0, 155.1, 0.0,77.9, 158.7, 349.3
135,15,38,44,716,14.6, 27.2, 77.1,0.0, 231.7, 0.0,68.1, 240.2, 354.0
136,15,38,45,226,14.2, 27.2, 77.1,0.0, 265.9, 0.0,40.3, 278.1, 357.1
137,15,38,45,734,11.7, 27.2, 76.9,0.0, 262.9, 0.0,37.9, 275.2, 357.2
138,15,38,46,241,10.7, 27.2, 77.8,0.0, 252.8, 0.0,29.9, 265.6, 357.4
139,15,38,46,748,10.7, 27.2, 77.8,0.0, 252.6, 0.0,29.4, 265.4, 357.5
140,15,38,47,255,10.7, 27.2, 77.8,0.0, 252.4, 0.0,28.9, 265.2, 357.5
141,15,38,47,762,10.7, 27.2, 77.8,0.0, 252.9, 0.0,28.4, 265.8, 357.5
142,15,38,48,269,10.7, 27.2, 77.8,0.0, 253.5, 0.0,28.4, 266.4, 357.5
143,15,38,48,776,10.7, 27.2, 77.8,0.0, 253.5, 0.0,28.4, 266.4, 357.5
144,15,38,49,283,11.1, 27.2, 78.5,0.0, 253.0, 0.0,28.4, 265.9, 357.5
145,15,38,49,789,11.1, 27.2, 78.5,0.0, 253.0, 0.0,28.4, 265.9, 357.5
146,15,38,50,296,11.1, 27.2, 78.5,0.0, 253.0, 0.0,28.4, 265.9, 357.5
147,15,38,50,802,11.1, 27.2, 78.5,0.0, 252.8, 0.0,28.4, 265.7, 357.5
148,15,38,51,309,11.1, 27.2, 78.5,0.0, 252.2, 0.0,28.4, 265.1, 357.5
149,15,38,51,816,11.1, 27.2, 78.5,0.0, 252.6, 0.0,28.3, 265.5, 357.5
150,15,38,52,323,11.1, 27.2, 78.5,0.0, 253.7, 0.0,28.1, 266.6, 357.5
151,15,38,52,829,11.1, 27.2, 78.5,0.0, 253.7, 0.0,28.1, 266.6, 357.5
152,15,38,53,336,11.1, 27.2, 78.5,0.0, 253.7, 0.0,28.1, 266.6, 357.5
153,15,38,53,843,11.1, 27.2, 78.5,0.0, 253.7, 0.0,28.1, 266.6, 357.5
154,15,38,54,348,11.1, 27.2, 78.5,0.0, 253.7, 0.0,28.1, 266.6, 357.5
155,15,38,54,854,11.1, 27.2, 78.5,0.0, 253.7, 0.0,28.1, 266.6, 357.5
156,15,38,55,361,11.1, 27.2, 78.5,0.0, 253.7, 0.0,28.1, 266.6, 357.5
157,15,38,55,868,11.1, 27.2, 78.5,0.0, 253.7, 0.0,28.1, 266.6, 357.5
158,15,38,56,375,11.0, 27.2, 78.3,0.0, 253.7, 0.0,28.1, 266.6, 357.5
159,15,38,56,881,10.8, 27.2, 78.0,0.0, 253.7, 0.0,28.1, 266.6, 357.5
160,15,38,57,388,11.1, 27.2, 78.5,0.0, 250.9, 0.0,26.5, 263.9, 357.5
161,15,38,57,895,11.1, 27.2, 78.5,0.0, 252.2, 0.0,25.9, 265.2, 357.5
162,15,38,58,402,11.1, 27.2, 78.5,0.0, 252.0, 0.0,25.4, 265.0, 357.5
163,15,38,58,909,11.1, 27.2, 78.5,0.0, 252.1, 0.0,15.1, 265.6, 357.7
164,15,38,59,415,11.1, 27.2, 78.5,0.0, 254.3, 0.0,11.0, 267.9, 357.7
165,15,38,59,922,11.1, 27.2, 78.5,0.0, 251.5, 0.0,11.8, 265.1, 357.7
166,15,39,00,429,11.1, 27.2, 78.5,0.0, 251.5, 0.0,11.7, 265.1, 357.7
167,15,39,00,936,11.1, 27.2, 78.5,0.0, 251.6, 0.0,11.6, 265.2, 357.7
168,15,39,01,442,11.1, 27.2, 78.5,0.0, 251.6, 0.0,11.8, 265.2, 357.7
169,15,39,01,948,11.1, 27.2, 78.5,0.0, 251.7, 0.0,12.0, 265.3, 357.7
170,15,39,02,455,11.1, 27.2, 78.5,0.0, 251.8, 0.0,12.0, 265.4, 357.7
171,15,39,02,962,11.1, 27.2, 78.5,0.0, 251.8, 0.0,12.0, 265.4, 357.7
172,15,39,03,468,11.1, 27.2, 78.5,0.0, 251.8, 0.0,12.0, 265.4, 357.7
173,15,39,03,975,11.1, 27.2, 78.5,0.0, 251.8, 0.0,12.0, 265.4, 357.7
174,15,39,04,482,11.1, 27.2, 78.5,0.0, 251.8, 0.0,12.0, 265.4, 357.7
175,15,39,04,989,11.1, 27.2, 78.5,0.0, 251.9, 0.0,11.9, 265.5, 357.7
176,15,39,05,496,11.1, 27.2, 78.5,0.0, 251.9, 0.0,11.9, 265.5, 357.7
177,15,39,06,2,11.1, 27.2, 78.5,0.0, 251.9, 0.0,11.9, 265.5, 357.7
178,15,39,06,509,11.1, 27.2, 78.5,0.0, 251.9, 0.0,11.9, 265.5, 357.7
179,15,39,07,16,11.1, 27.2, 78.5,0.0, 252.0, 0.0,11.8, 265.6, 357.7
180,15,39,07,522,11.1, 27.2, 78.5,0.0, 252.6, 0.0,11.9, 266.2, 357.7
181,15,39,08,30,11.1, 27.2, 78.5,0.0, 252.6, 0.0,11.9, 266.2, 357.7
182,15,39,08,536,11.1, 27.2, 78.5,0.0, 252.6, 0.0,11.9, 266.2, 357.7
183,15,39,09,43,11.1, 27.2, 78.5,0.0, 252.9, 0.0,12.0, 266.5, 357.7
184,15,39,09,549,11.1, 27.2, 78.5,0.0, 252.9, 0.0,12.2, 266.5, 357.7
185,15,39,10,56,11.1, 27.2, 78.5,0.0, 252.6, 0.0,12.5, 266.2, 357.7
186,15,39,10,562,11.1, 27.2, 78.5,0.0, 252.5, 0.0,12.5, 266.1, 357.7
187,15,39,11,65,11.1, 27.2, 78.5,0.0, 252.5, 0.0,12.5, 266.1, 357.7
188,15,39,11,575,11.1, 27.2, 78.5,0.0, 252.5, 0.0,12.5, 266.1, 357.7
189,15,39,12,79,11.6, 27.2, 77.0,0.0, 252.5, 0.0,12.5, 266.1, 357.7
190,15,39,12,586,11.1, 27.2, 77.0,0.0, 252.1, 0.0,14.3, 265.6, 357.7
191,15,39,13,117,10.8, 27.2, 77.9,0.0, 192.4, 0.0,7.9, 206.2, 357.8
192,15,39,13,625,10.8, 27.2, 77.9,0.0, 182.7, 0.0,6.2, 196.5, 357.8
193,15,39,14,133,11.0, 27.2, 77.1,0.0, 184.0, 0.0,5.9, 197.8, 357.8
194,15,39,14,639,12.5, 27.2, 77.0,0.0, 184.1, 0.0,5.9, 197.9, 357.8
195,15,39,15,147,12.6, 27.2, 77.0,0.0, 180.5, 0.0,4.6, 194.4, 357.8
196,15,39,15,656,13.3, 27.2, 76.0,0.0, 146.2, 0.0,4.0, 160.1, 357.8
197,15,39,16,161,14.4, 27.2, 76.7,0.0, 160.7, 0.0,1.7, 174.7, 357.8
198,15,39,16,669,14.5, 27.2, 76.9,0.0, 158.8, 0.0,0.9, 172.8, 357.8
199,15,39,17,175,14.6, 27.2, 77.2,0.0, 158.9, 0.0,359.9, 173.0, 357.8
200,15,39,17,682,14.7, 27.2, 77.2,0.0, 145.0, 0.0,352.3, 159.4, 357.8
201,15,39,18,189,14.7, 27.2, 77.2,0.0, 154.1, 0.0,349.1, 168.6, 357.7
202,15,39,18,694,14.7, 27.2, 77.2,0.0, 160.1, 0.0,339.8, 175.0, 357.6
203,15,39,19,201,14.7, 27.2, 77.2,0.0, 159.7, 0.0,338.8, 174.6, 357.6
204,15,39,19,707,14.2, 27.2, 76.5,0.0, 159.7, 0.0,338.8, 174.6, 357.6
205,15,39,20,216,14.6, 27.2, 77.1,0.0, 159.7, 0.0,338.8, 174.6, 357.6
206,15,39,20,721,14.6, 27.2, 77.1,0.0, 159.7, 0.0,338.8, 174.6, 357.6
207,15,39,21,229,14.6, 27.2, 77.1,0.0, 159.7, 0.0,338.8, 174.6, 357.6
208,15,39,21,736,14.6, 27.2, 77.1,0.0, 155.0, 0.0,339.6, 169.9, 357.6
209,15,39,22,242,14.6, 27.2, 77.1,0.0, 155.0, 0.0,339.6, 169.9, 357.6
210,15,39,22,749,14.6, 27.2, 77.1,0.0, 154.6, 0.0,340.7, 169.4, 357.6
211,15,39,23,256,14.6, 27.2, 77.1,0.0, 154.3, 0.0,340.4, 169.2, 357.6
212,15,39,23,763,14.6, 27.2, 77.1,0.0, 154.2, 0.0,340.5, 169.1, 357.6
213,15,39,24,270,14.6, 27.2, 77.1,0.0, 154.2, 0.0,340.5, 169.1, 357.6
214,15,39,24,776,14.6, 27.2, 77.1,0.0, 154.2, 0.0,340.5, 169.1, 357.6
215,15,39,25,283,14.6, 27.2, 77.1,0.0, 154.2, 0.0,340.5, 169.1, 357.6
216,15,39,25,790,14.6, 27.2, 77.1,0.0, 154.2, 0.0,340.5, 169.1, 357.6
217,15,39,26,296,14.6, 27.2, 77.1,0.0, 154.2, 0.0,340.5, 169.1, 357.6
218,15,39,26,803,14.6, 27.2, 77.1,0.0, 154.5, 0.0,340.6, 169.4, 357.6
219,15,39,27,309,14.6, 27.2, 77.1,0.0, 154.5, 0.0,340.6, 169.4, 357.6
220,15,39,27,817,14.6, 27.2, 77.1,0.0, 154.5, 0.0,340.6, 169.4, 357.6
221,15,39,28,323,14.6, 27.2, 77.1,0.0, 154.5, 0.0,340.6, 169.4, 357.6
222,15,39,28,830,14.6, 27.2, 77.1,0.0, 154.5, 0.0,340.6, 169.4, 357.6
223,15,39,29,333,14.6, 27.2, 77.1,0.0, 154.5, 0.0,340.6, 169.4, 357.6
224,15,39,29,843,14.6, 27.2, 77.1,0.0, 154.5, 0.0,340.6, 169.4, 357.6
225,15,39,30,349,14.6, 27.2, 77.1,0.0, 155.4, 0.0,340.8, 170.2, 357.6
226,15,39,30,855,14.6, 27.2, 77.1,0.0, 155.4, 0.0,340.8, 170.2, 357.6
227,15,39,31,363,14.6, 27.2, 77.1,0.0, 155.4, 0.0,340.8, 170.2, 357.6
228,15,39,31,869,14.6, 27.2, 77.1,0.0, 155.4, 0.0,340.8, 170.2, 357.6
229,15,39,32,376,14.6, 27.2, 77.1,0.0, 155.4, 0.0,340.8, 170.2, 357.6
230,15,39,32,882,14.6, 27.2, 77.1,0.0, 155.4, 0.0,340.8, 170.2, 357.6
231,15,39,33,390,14.6, 27.2, 77.1,0.0, 149.0, 0.0,339.0, 163.9, 357.6
232,15,39,33,896,14.6, 27.2, 77.1,0.0, 149.0, 0.0,339.0, 163.9, 357.6
233,15,39,34,403,14.6, 27.2, 77.1,0.0, 149.0, 0.0,339.0, 163.9, 357.6
234,15,39,34,910,14.6, 27.2, 77.1,0.0, 149.0, 0.0,340.4, 163.9, 357.6
235,15,39,35,417,14.6, 27.2, 77.1,0.0, 150.4, 0.0,351.0, 164.8, 357.8
236,15,39,35,923,14.6, 27.2, 77.1,0.0, 151.1, 0.0,1.0, 165.1, 357.8
237,15,39,36,429,14.6, 27.2, 77.1,0.0, 151.1, 0.0,1.1, 165.1, 357.8
238,15,39,36,937,14.6, 27.2, 77.1,0.0, 151.1, 0.0,1.1, 165.1, 357.8
239,15,39,37,442,14.6, 27.2, 77.1,0.0, 151.1, 0.0,1.1, 165.1, 357.8
240,15,39,37,949,14.6, 27.2, 77.1,0.0, 151.1, 0.0,1.1, 165.1, 357.8
241,15,39,38,456,14.6, 27.2, 77.1,0.0, 151.1, 0.0,1.1, 165.1, 357.8
242,15,39,38,962,14.6, 27.2, 77.1,0.0, 150.7, 0.0,1.4, 164.7, 357.8
243,15,39,39,469,14.6, 27.2, 77.1,0.0, 150.7, 0.0,1.4, 164.7, 357.8
244,15,39,39,977,14.6, 27.2, 77.1,0.0, 150.7, 0.0,1.4, 164.7, 357.8
245,15,39,40,483,14.6, 27.2, 77.1,0.0, 150.7, 0.0,1.4, 164.7, 357.8
246,15,39,40,990,14.6, 27.2, 77.1,0.0, 150.7, 0.0,1.4, 164.7, 357.8
247,15,39,41,497,14.6, 27.2, 77.1,0.0, 150.7, 0.0,1.4, 164.7, 357.8
248,15,39,42,4,14.6, 27.2, 77.1,0.0, 150.7, 0.0,1.4, 164.7, 357.8
249,15,39,42,510,14.6, 27.2, 77.1,0.0, 150.6, 0.0,1.6, 164.6, 357.8
250,15,39,43,16,14.6, 27.2, 77.1,0.0, 149.4, 0.0,2.4, 163.4, 357.8
251,15,39,43,524,14.6, 27.2, 77.1,0.0, 149.1, 0.0,2.6, 163.1, 357.8
252,15,39,44,30,14.6, 27.2, 77.1,0.0, 148.0, 0.0,2.5, 162.0, 357.8
253,15,39,44,536,14.6, 27.2, 77.1,0.0, 134.3, 0.0,359.3, 148.4, 357.8
254,15,39,45,43,14.6, 27.2, 77.1,0.0, 134.7, 0.0,359.7, 148.8, 357.8
255,15,39,45,550,14.6, 27.2, 77.1,0.0, 138.7, 0.0,2.0, 152.7, 357.8
256,15,39,46,58,14.6, 27.2, 77.1,0.0, 139.4, 0.0,1.8, 153.4, 357.8
257,15,39,46,563,14.6, 27.2, 77.1,0.0, 139.4, 0.0,1.8, 153.4, 357.8
258,15,39,47,70,14.6, 27.2, 77.1,0.0, 139.4, 0.0,1.8, 153.4, 357.8
259,15,39,47,577,14.6, 27.2, 77.1,0.0, 139.4, 0.0,1.8, 153.4, 357.8
260,15,39,48,83,14.6, 27.2, 77.1,0.0, 139.4, 0.0,1.8, 153.4, 357.8
261,15,39,48,590,14.6, 27.2, 77.1,0.0, 139.4, 0.0,1.8, 153.4, 357.8
262,15,39,49,98,14.6, 27.2, 77.1,0.0, 139.4, 0.0,1.8, 153.4, 357.8
263,15,39,49,603,14.6, 27.2, 77.1,0.0, 139.4, 0.0,1.8, 153.4, 357.8
264,15,39,50,110,14.6, 27.2, 77.1,0.0, 139.4, 0.0,1.8, 153.4, 357.8
265,15,39,50,617,14.6, 27.2, 77.1,0.0, 139.4, 0.0,1.8, 153.4, 357.8
266,15,39,51,123,14.6, 27.2, 77.1,0.0, 139.4, 0.0,1.8, 153.4, 357.8
267,15,39,51,630,14.6, 27.2, 77.1,0.0, 139.4, 0.0,1.8, 153.4, 357.8
268,15,39,52,137,14.6, 27.2, 77.1,0.0, 139.4, 0.0,1.8, 153.4, 357.8
269,15,39,52,644,14.6, 27.2, 77.1,0.0, 139.4, 0.0,1.8, 153.4, 357.8
270,15,39,53,149,14.6, 27.2, 77.1,0.0, 139.4, 0.0,1.8, 153.4, 357.8
271,15,39,53,656,14.6, 27.2, 77.1,0.0, 139.4, 0.0,1.8, 153.4, 357.8
272,15,39,54,163,14.6, 27.2, 77.1,0.0, 139.4, 0.0,1.8, 153.4, 357.8
273,15,39,54,670,14.6, 27.2, 77.1,0.0, 139.4, 0.0,1.8, 153.4, 357.8
274,15,39,55,176,14.6, 27.2, 77.1,0.0, 139.4, 0.0,1.8, 153.4, 357.8
275,15,39,55,683,14.6, 27.2, 77.1,0.0, 139.4, 0.0,1.8, 153.4, 357.8
276,15,39,56,191,14.6, 27.2, 77.1,0.0, 139.4, 0.0,1.8, 153.4, 357.8
277,15,39,56,696,14.6, 27.2, 77.1,0.0, 139.4, 0.0,1.8, 153.4, 357.8
278,15,39,57,203,14.6, 27.2, 77.1,0.0, 139.4, 0.0,1.8, 153.4, 357.8
279,15,39,57,711,14.6, 27.2, 77.1,0.0, 139.4, 0.0,1.8, 153.4, 357.8
280,15,39,58,217,14.6, 27.2, 77.1,0.0, 139.4, 0.0,1.8, 153.4, 357.8
281,15,39,58,724,14.6, 27.2, 77.1,0.0, 139.4, 0.0,1.8, 153.4, 357.8
282,15,39,59,230,14.6, 27.2, 77.1,0.0, 139.4, 0.0,1.8, 153.4, 357.8
283,15,39,59,738,14.6, 27.2, 77.1,0.0, 139.4, 0.0,1.8, 153.4, 357.8
284,15,40,00,244,14.6, 27.2, 77.1,0.0, 139.4, 0.0,1.8, 153.4, 357.8
285,15,40,00,750,14.6, 27.2, 77.1,0.0, 139.4, 0.0,1.8, 153.4, 357.8
286,15,40,01,257,14.6, 27.2, 77.1,0.0, 139.4, 0.0,1.8, 153.4, 357.8
287,15,40,01,764,14.6, 27.2, 77.1,0.0, 139.4, 0.0,1.8, 153.4, 357.8
288,15,40,02,271,14.6, 27.2, 77.1,0.0, 139.4, 0.0,1.8, 153.4, 357.8
289,15,40,02,777,14.6, 27.2, 77.1,0.0, 139.4, 0.0,1.8, 153.4, 357.8
290,15,40,03,284,14.6, 27.2, 77.1,0.0, 139.4, 0.0,1.8, 153.4, 357.8
291,15,40,03,791,14.6, 27.2, 77.1,0.0, 144.2, 0.0,4.1, 158.1, 357.8
292,15,40,04,299,14.6, 27.2, 77.1,0.0, 137.4, 0.0,12.5, 151.0, 357.7
293,15,40,04,804,14.6, 27.2, 77.1,0.0, 137.4, 0.0,12.5, 151.0, 357.7
294,15,40,05,311,14.6, 27.2, 77.1,0.0, 137.4, 0.0,12.5, 151.0, 357.7
295,15,40,05,817,14.6, 27.2, 77.1,0.0, 137.4, 0.0,12.5, 151.0, 357.7
296,15,40,06,323,14.6, 27.2, 77.1,0.0, 137.4, 0.0,12.5, 151.0, 357.7
297,15,40,06,830,14.6, 27.2, 77.1,0.0, 137.4, 0.0,12.5, 151.0, 357.7
298,15,40,07,337,14.6, 27.2, 77.1,0.0, 137.4, 0.0,12.5, 151.0, 357.7
299,15,40,07,844,14.6, 27.2, 77.1,0.0, 137.4, 0.0,12.5, 151.0, 357.7
300,15,40,08,350,14.6, 27.2, 77.1,0.0, 137.4, 0.0,12.5, 151.0, 357.7
301,15,40,08,857,14.6, 27.2, 77.1,0.0, 137.4, 0.0,12.5, 151.0, 357.7
302,15,40,09,364,14.6, 27.2, 77.1,0.0, 137.4, 0.0,12.5, 151.0, 357.7
303,15,40,09,870,14.6, 27.2, 77.1,0.0, 137.4, 0.0,12.5, 151.0, 357.7
304,15,40,10,377,14.6, 27.2, 77.1,0.0, 137.4, 0.0,12.5, 151.0, 357.7
305,15,40,10,883,14.6, 27.2, 77.1,0.0, 137.4, 0.0,12.5, 151.0, 357.7
306,15,40,11,390,14.6, 27.2, 77.1,0.0, 137.4, 0.0,12.5, 151.0, 357.7
307,15,40,11,897,14.6, 27.2, 77.1,0.0, 137.4, 0.0,12.5, 151.0, 357.7
308,15,40,12,404,14.6, 27.2, 77.1,0.0, 141.3, 0.0,10.9, 154.9, 357.7
309,15,40,12,912,14.6, 27.2, 77.1,0.0, 134.8, 0.0,11.0, 148.4, 357.7
310,15,40,13,417,14.6, 27.2, 77.1,0.0, 117.1, 0.0,9.7, 130.8, 357.7
311,15,40,13,922,14.6, 27.2, 77.1,0.0, 76.1, 0.0,7.6, 89.9, 357.8
312,15,40,14,429,14.6, 27.2, 77.1,0.0, 70.3, 0.0,5.7, 84.1, 357.8
313,15,40,14,937,14.6, 27.2, 77.1,0.0, 19.1, 0.0,3.4, 33.0, 357.8
314,15,40,15,444,14.6, 27.2, 78.1,0.0, 21.0, 0.0,3.1, 34.9, 357.8
315,15,40,15,951,14.7, 27.0, 80.0,0.0, 22.1, 0.0,3.3, 36.0, 357.8
316,15,40,16,457,14.1, 27.0, 80.3,0.0, 20.2, 0.0,3.2, 34.1, 357.8
317,15,40,16,964,15.2, 27.0, 79.9,0.0, 20.2, 0.0,3.4, 34.1, 357.8
318,15,40,17,471,14.9, 27.2, 79.1,0.0, 20.2, 0.0,3.9, 34.1, 357.8
319,15,40,17,977,14.9, 27.2, 79.1,0.0, 20.1, 0.0,9.6, 33.8, 357.7
320,15,40,18,484,14.0, 27.2, 79.5,0.0, 20.1, 0.0,9.6, 33.8, 357.7
321,15,40,18,991,14.0, 27.2, 79.5,0.0, 20.1, 0.0,9.6, 33.8, 357.7
322,15,40,19,497,14.0, 27.2, 79.5,0.0, 20.1, 0.0,9.6, 33.8, 357.7
323,15,40,20,4,14.0, 27.2, 79.5,0.0, 20.1, 0.0,9.6, 33.8, 357.7
324,15,40,20,511,14.0, 27.2, 79.5,0.0, 20.4, 0.0,9.8, 34.1, 357.7
325,15,40,21,13,14.0, 27.2, 79.5,0.0, 154.7, 0.0,12.1, 168.3, 357.7
326,15,40,21,520,14.5, 27.2, 78.1,0.0, 159.8, 0.0,13.7, 173.3, 357.7
327,15,40,22,25,14.3, 27.2, 76.6,0.0, 159.7, 0.0,13.6, 173.2, 357.7
328,15,40,22,535,14.3, 27.2, 76.6,0.0, 159.6, 0.0,13.7, 173.1, 357.7
329,15,40,23,44,14.9, 27.2, 77.6,0.0, 158.9, 0.0,14.0, 172.4, 357.7
330,15,40,23,547,15.1, 27.2, 77.9,0.0, 125.2, 0.0,14.0, 138.7, 357.7
331,15,40,24,55,15.0, 27.2, 78.5,0.0, 356.1, 0.0,0.7, 10.1, 357.8
332,15,40,24,562,14.5, 27.0, 80.4,0.0, 27.7, 0.0,1.7, 41.7, 357.8
333,15,40,25,69,14.5, 27.0, 80.4,0.0, 25.9, 0.0,1.4, 39.9, 357.8
334,15,40,25,576,14.5, 27.0, 80.4,0.0, 12.2, 0.0,359.0, 26.3, 357.8
335,15,40,26,83,14.5, 27.0, 80.4,0.0, 14.1, 0.0,358.7, 28.2, 357.8
336,15,40,26,590,14.5, 27.0, 80.4,0.0, 14.1, 0.0,358.7, 28.2, 357.8
337,15,40,27,97,14.5, 27.0, 80.4,0.0, 14.1, 0.0,358.7, 28.2, 357.8
338,15,40,27,604,14.5, 27.0, 80.4,0.0, 14.1, 0.0,358.7, 28.2, 357.8
339,15,40,28,110,14.5, 27.0, 80.4,0.0, 14.1, 0.0,358.7, 28.2, 357.8
340,15,40,28,617,14.5, 27.0, 80.4,0.0, 14.5, 0.0,358.7, 28.6, 357.8
341,15,40,29,124,14.5, 27.0, 80.4,0.0, 14.5, 0.0,358.7, 28.6, 357.8
342,15,40,29,631,14.5, 27.0, 80.4,0.0, 14.5, 0.0,358.7, 28.6, 357.8
343,15,40,30,137,14.5, 27.0, 80.4,0.0, 14.5, 0.0,358.7, 28.6, 357.8
344,15,40,30,644,14.5, 27.0, 80.4,0.0, 14.5, 0.0,358.7, 28.6, 357.8
345,15,40,31,150,14.5, 27.0, 80.4,0.0, 14.5, 0.0,358.7, 28.6, 357.8
346,15,40,31,657,14.5, 27.0, 80.4,0.0, 14.5, 0.0,358.7, 28.6, 357.8
347,15,40,32,164,14.5, 27.0, 80.4,0.0, 14.5, 0.0,358.7, 28.6, 357.8
348,15,40,32,671,14.5, 27.0, 80.4,0.0, 14.5, 0.0,358.7, 28.6, 357.8
349,15,40,33,178,14.5, 27.0, 80.4,0.0, 14.5, 0.0,358.7, 28.6, 357.8
350,15,40,33,685,14.5, 27.0, 80.4,0.0, 14.5, 0.0,358.7, 28.6, 357.8
351,15,40,34,191,14.5, 27.0, 80.4,0.0, 14.5, 0.0,358.7, 28.6, 357.8
352,15,40,34,698,14.5, 27.0, 80.4,0.0, 14.5, 0.0,358.7, 28.6, 357.8
353,15,40,35,205,14.5, 27.0, 80.4,0.0, 14.5, 0.0,358.7, 28.6, 357.8
354,15,40,35,711,14.5, 27.0, 80.4,0.0, 14.5, 0.0,358.7, 28.6, 357.8
355,15,40,36,218,14.5, 27.0, 80.4,0.0, 14.5, 0.0,358.7, 28.6, 357.8
356,15,40,36,725,14.5, 27.0, 80.4,0.0, 14.5, 0.0,358.7, 28.6, 357.8
357,15,40,37,231,14.5, 27.0, 80.4,0.0, 14.5, 0.0,358.7, 28.6, 357.8
358,15,40,37,738,14.5, 27.0, 80.4,0.0, 14.5, 0.0,358.7, 28.6, 357.8
359,15,40,38,245,14.5, 27.0, 80.4,0.0, 15.0, 0.0,9.7, 28.7, 357.7
360,15,40,38,751,14.5, 27.0, 80.4,0.0, 13.6, 0.0,9.2, 27.3, 357.8
361,15,40,39,258,14.5, 27.0, 80.4,0.0, 13.6, 0.0,9.2, 27.3, 357.8
362,15,40,39,764,14.5, 27.0, 80.4,0.0, 13.6, 0.0,9.2, 27.3, 357.8
363,15,40,40,271,14.5, 27.0, 80.4,0.0, 13.6, 0.0,9.2, 27.3, 357.8
364,15,40,40,778,14.5, 27.0, 80.4,0.0, 13.6, 0.0,9.2, 27.3, 357.8
365,15,40,41,284,14.5, 27.0, 80.4,0.0, 13.6, 0.0,9.2, 27.3, 357.8
366,15,40,41,791,14.5, 27.0, 80.4,0.0, 13.6, 0.0,9.2, 27.3, 357.8
367,15,40,42,298,14.5, 27.0, 80.4,0.0, 13.6, 0.0,9.2, 27.3, 357.8
368,15,40,42,804,14.5, 27.0, 80.4,0.0, 13.6, 0.0,9.2, 27.3, 357.8
369,15,40,43,311,14.5, 27.0, 80.4,0.0, 13.6, 0.0,9.2, 27.3, 357.8
370,15,40,43,818,14.5, 27.0, 80.4,0.0, 13.6, 0.0,9.2, 27.3, 357.8
371,15,40,44,325,14.5, 27.0, 80.4,0.0, 13.6, 0.0,9.2, 27.3, 357.8
372,15,40,44,831,14.5, 27.0, 80.4,0.0, 13.6, 0.0,9.2, 27.3, 357.8
373,15,40,45,338,14.5, 27.0, 80.4,0.0, 13.6, 0.0,9.2, 27.3, 357.8
374,15,40,45,844,14.5, 27.0, 80.4,0.0, 13.6, 0.0,9.2, 27.3, 357.8
375,15,40,46,351,14.5, 27.0, 80.4,0.0, 13.6, 0.0,9.2, 27.3, 357.8
376,15,40,46,858,14.5, 27.0, 80.4,0.0, 13.6, 0.0,9.2, 27.3, 357.8
