id,hour,min,sec,ms,xpos,ypos,zpos,uMousePos,vMousePos,wMousePos,uGazePos,vGazePos,wGazePos
58,15,02,10,328,80.8, 17.6, 134.0,0.0, 233.6, 0.0,280.5, 152.6, 97.9
59,15,02,10,831,79.3, 17.8, 133.3,0.0, 233.6, 0.0,280.5, 152.6, 97.9
60,15,02,11,339,77.0, 17.6, 132.3,0.0, 235.4, 0.0,280.5, 154.4, 97.9
61,15,02,11,847,74.7, 17.3, 132.0,0.0, 227.7, 0.0,280.6, 147.2, 97.4
62,15,02,12,352,72.6, 16.9, 130.8,0.0, 225.0, 0.0,280.5, 147.8, 94.2
63,15,02,12,871,70.1, 16.7, 130.5,0.0, 224.4, 0.0,280.5, 147.2, 94.2
64,15,02,13,379,67.6, 16.6, 129.8,0.0, 224.4, 0.0,280.5, 147.2, 94.2
65,15,02,13,886,65.6, 16.4, 128.4,0.0, 225.7, 0.0,280.5, 152.9, 89.9
66,15,02,14,395,63.5, 16.2, 127.0,0.0, 233.6, 0.0,280.7, 173.2, 77.7
67,15,02,14,901,61.3, 16.0, 126.0,0.0, 229.4, 0.0,280.8, 169.5, 77.2
68,15,02,15,403,59.1, 15.9, 124.9,0.0, 224.9, 0.0,280.9, 167.1, 75.1
69,15,02,15,910,56.7, 15.8, 124.3,0.0, 218.3, 0.0,281.1, 165.0, 70.7
70,15,02,16,420,54.2, 15.9, 123.6,0.0, 215.9, 0.0,281.5, 167.8, 65.6
71,15,02,16,926,51.9, 16.2, 122.7,0.0, 215.3, 0.0,282.0, 172.0, 60.9
72,15,02,17,433,50.3, 16.3, 120.9,0.0, 211.1, 0.0,283.4, 176.9, 52.0
73,15,02,17,941,47.8, 16.6, 120.0,0.0, 221.6, 0.0,283.5, 188.1, 51.3
74,15,02,18,448,46.2, 16.7, 118.2,0.0, 217.3, 0.0,283.7, 185.1, 50.1
75,15,02,18,953,44.2, 16.9, 116.8,0.0, 211.1, 0.0,285.4, 185.9, 43.3
76,15,02,19,471,42.8, 17.0, 114.6,0.0, 207.0, 0.0,288.3, 189.9, 35.6
77,15,02,19,978,40.6, 17.3, 113.3,0.0, 196.8, 0.0,289.7, 182.8, 32.6
78,15,02,20,486,38.7, 17.4, 111.7,0.0, 195.8, 0.0,293.0, 187.0, 27.7
79,15,02,20,993,36.7, 17.5, 110.2,0.0, 195.5, 0.0,295.2, 189.4, 25.3
80,15,02,21,502,34.9, 17.6, 108.4,0.0, 191.1, 0.0,296.4, 186.2, 24.2
81,15,02,22,5,33.5, 17.5, 106.4,0.0, 199.0, 0.0,295.5, 193.2, 25.1
82,15,02,22,516,32.3, 17.4, 104.1,0.0, 199.2, 0.0,295.5, 193.5, 25.0
83,15,02,23,33,30.5, 17.2, 102.5,0.0, 195.3, 0.0,295.5, 189.5, 25.1
84,15,02,23,542,29.1, 17.0, 100.5,0.0, 189.6, 0.0,295.2, 183.5, 25.3
85,15,02,24,60,28.5, 16.9, 98.0,0.0, 190.2, 0.0,294.6, 183.4, 25.9
86,15,02,24,581,26.6, 17.0, 96.2,0.0, 193.1, 0.0,296.2, 188.0, 24.4
87,15,02,25,100,25.8, 17.2, 93.8,0.0, 192.9, 0.0,297.6, 189.2, 23.1
88,15,02,25,621,25.2, 17.5, 91.3,0.0, 193.0, 0.0,301.5, 192.5, 20.4
89,15,02,26,140,24.5, 17.6, 88.8,0.0, 196.3, 0.0,309.9, 200.6, 16.5
90,15,02,26,648,24.2, 17.7, 86.4,0.0, 207.9, 0.0,316.7, 214.9, 14.5
91,15,02,27,168,23.6, 17.7, 83.9,0.0, 206.2, 0.0,316.9, 213.3, 14.4
92,15,02,27,674,23.0, 17.6, 81.5,0.0, 200.0, 0.0,318.1, 207.5, 14.2
93,15,02,28,185,21.9, 17.5, 79.3,0.0, 196.7, 0.0,318.3, 204.3, 14.1
94,15,02,28,687,20.5, 17.6, 77.3,0.0, 189.6, 0.0,320.3, 197.8, 13.7
95,15,02,29,195,19.4, 17.8, 75.0,0.0, 183.8, 0.0,322.5, 192.7, 13.3
96,15,02,29,701,18.8, 18.0, 72.7,0.0, 175.6, 0.0,335.6, 187.8, 11.5
97,15,02,30,208,18.4, 18.4, 70.2,0.0, 174.5, 0.0,338.6, 187.4, 11.3
98,15,02,30,715,18.6, 18.9, 67.7,0.0, 178.5, 0.0,345.8, 192.9, 10.8
99,15,02,31,218,18.6, 18.7, 65.2,0.0, 182.4, 0.0,347.1, 197.0, 10.8
100,15,02,31,725,18.4, 18.7, 62.8,0.0, 187.1, 0.0,347.0, 201.7, 10.8
101,15,02,32,233,18.0, 18.7, 60.3,0.0, 186.8, 0.0,347.0, 201.4, 10.8
102,15,02,32,752,17.8, 18.7, 57.7,0.0, 180.6, 0.0,347.9, 195.4, 10.7
103,15,02,33,258,18.2, 18.7, 55.1,0.0, 180.5, 0.0,347.9, 195.3, 10.7
104,15,02,33,768,18.3, 18.7, 52.7,0.0, 179.8, 0.0,348.5, 194.7, 10.7
105,15,02,34,274,18.3, 18.7, 50.2,0.0, 179.8, 0.0,348.5, 194.7, 10.7
106,15,02,34,782,18.4, 18.7, 47.6,0.0, 179.3, 0.0,348.9, 194.3, 10.7
107,15,02,35,289,18.4, 18.7, 45.1,0.0, 179.1, 0.0,348.9, 194.1, 10.7
108,15,02,35,796,18.4, 18.7, 42.5,0.0, 179.1, 0.0,348.9, 194.1, 10.7
109,15,02,36,303,18.5, 18.7, 40.0,0.0, 179.1, 0.0,348.9, 194.1, 10.7
110,15,02,36,813,18.6, 18.7, 37.5,0.0, 174.2, 0.0,349.0, 189.2, 10.7
111,15,02,37,314,18.9, 18.7, 35.0,0.0, 168.3, 0.0,347.2, 183.0, 10.8
112,15,02,37,821,19.4, 18.7, 32.5,0.0, 170.6, 0.0,347.4, 185.3, 10.8
113,15,02,38,328,19.2, 18.7, 30.0,0.0, 170.6, 0.0,347.4, 185.3, 10.8
114,15,02,38,836,19.5, 18.7, 27.4,0.0, 180.8, 0.0,346.4, 195.3, 10.8
115,15,02,39,342,19.6, 18.7, 25.0,0.0, 181.8, 0.0,346.2, 196.2, 10.8
116,15,02,39,849,19.5, 18.7, 22.5,0.0, 181.8, 0.0,346.2, 196.2, 10.8
117,15,02,40,353,20.0, 18.7, 20.0,0.0, 181.8, 0.0,346.2, 196.2, 10.8
118,15,02,40,861,19.8, 18.7, 17.5,0.0, 181.8, 0.0,346.2, 196.2, 10.8
119,15,02,41,368,19.7, 18.7, 15.0,0.0, 181.8, 0.0,346.2, 196.2, 10.8
120,15,02,41,874,19.4, 18.7, 12.5,0.0, 181.8, 0.0,346.2, 196.2, 10.8
121,15,02,42,382,19.3, 18.7, 9.9,0.0, 181.8, 0.0,346.2, 196.2, 10.8
122,15,02,42,888,19.1, 18.7, 7.4,0.0, 181.8, 0.0,346.2, 196.2, 10.8
123,15,02,43,393,19.1, 18.7, 4.9,0.0, 160.7, 0.0,346.1, 175.1, 10.8
124,15,02,43,901,20.1, 18.7, 2.7,0.0, 154.3, 0.0,348.9, 169.3, 10.7
125,15,02,44,409,20.9, 18.4, 0.3,0.0, 159.6, 0.0,348.7, 174.5, 10.7
126,15,02,44,915,21.4, 17.9, -2.1,0.0, 169.4, 0.0,348.1, 184.2, 10.7
127,15,02,45,422,21.4, 17.4, -4.5,0.0, 176.2, 0.0,346.7, 190.7, 10.8
128,15,02,45,929,21.1, 16.8, -6.9,0.0, 176.2, 0.0,346.7, 190.7, 10.8
129,15,02,46,436,21.0, 16.3, -9.4,0.0, 176.2, 0.0,346.7, 190.7, 10.8
130,15,02,46,943,21.0, 16.3, -11.9,0.0, 171.3, 0.0,343.8, 185.3, 10.9
131,15,02,47,448,19.2, 16.7, -13.3,0.0, 165.7, 0.0,341.4, 179.2, 11.1
132,15,02,47,955,20.2, 16.4, -14.4,0.0, 152.0, 0.0,342.6, 165.7, 11.0
133,15,02,48,462,21.5, 16.3, -16.1,0.0, 137.1, 0.0,344.8, 151.3, 10.9
134,15,02,48,969,23.4, 16.4, -17.6,0.0, 142.9, 0.0,346.2, 157.3, 10.8
135,15,02,49,476,25.6, 16.9, -18.8,0.0, 148.4, 0.0,346.6, 162.9, 10.8
136,15,02,49,983,26.8, 16.7, -20.7,0.0, 153.9, 0.0,348.3, 168.8, 10.7
137,15,02,50,489,26.0, 16.5, -22.3,0.0, 153.9, 0.0,348.3, 168.8, 10.7
138,15,02,50,997,25.2, 16.5, -22.7,0.0, 153.9, 0.0,348.3, 168.8, 10.7
139,15,02,51,504,25.2, 16.5, -22.7,0.0, 153.9, 0.0,348.3, 168.8, 10.7
140,15,02,52,10,25.2, 16.5, -22.7,0.0, 153.9, 0.0,348.3, 168.8, 10.7
141,15,02,52,517,25.2, 16.5, -22.7,0.0, 153.9, 0.0,348.3, 168.8, 10.7
142,15,02,53,24,25.2, 16.5, -22.7,0.0, 153.9, 0.0,348.3, 168.8, 10.7
143,15,02,53,530,25.2, 16.5, -22.7,0.0, 153.9, 0.0,348.3, 168.8, 10.7
144,15,02,54,37,25.2, 16.5, -22.7,0.0, 153.9, 0.0,348.3, 168.8, 10.7
145,15,02,54,544,25.2, 16.5, -22.7,0.0, 152.6, 0.0,348.0, 167.4, 10.7
146,15,02,55,50,25.2, 16.5, -22.7,0.0, 153.3, 0.0,346.2, 167.7, 10.8
147,15,02,55,557,25.2, 16.5, -22.7,0.0, 159.2, 0.0,347.6, 173.9, 10.7
148,15,02,56,63,25.2, 16.5, -22.7,0.0, 161.3, 0.0,351.6, 176.8, 10.6
149,15,02,56,570,25.2, 16.5, -22.7,0.0, 161.3, 0.0,351.6, 176.8, 10.6
150,15,02,57,77,25.2, 16.5, -22.7,0.0, 161.3, 0.0,351.6, 176.8, 10.6
151,15,02,57,587,25.2, 16.5, -22.7,0.0, 179.0, 0.0,354.2, 195.0, 10.5
152,15,02,58,100,25.2, 16.5, -22.7,0.0, 219.5, 0.0,354.4, 235.5, 10.5
153,15,02,58,607,25.2, 16.5, -22.7,0.0, 205.4, 0.0,355.6, 221.6, 10.5
154,15,02,59,118,25.2, 16.5, -22.7,0.0, 230.4, 0.0,356.7, 246.8, 10.5
155,15,02,59,620,25.1, 16.5, -22.6,0.0, 235.9, 0.0,358.0, 252.6, 10.5
156,15,03,00,128,23.9, 16.2, -20.4,0.0, 258.5, 0.0,5.0, 276.5, 10.5
157,15,03,00,632,24.9, 16.3, -21.1,0.0, 261.0, 0.0,7.9, 279.5, 10.6
158,15,03,01,139,25.4, 16.5, -22.3,0.0, 261.0, 0.0,7.9, 279.5, 10.6
159,15,03,01,645,25.4, 16.5, -22.3,0.0, 261.0, 0.0,7.9, 279.5, 10.6
160,15,03,02,154,25.4, 16.5, -22.3,0.0, 261.0, 0.0,7.9, 279.5, 10.6
161,15,03,02,661,25.4, 16.5, -22.3,0.0, 261.0, 0.0,7.9, 279.5, 10.6
162,15,03,03,168,25.4, 16.5, -22.3,0.0, 261.0, 0.0,7.9, 279.5, 10.6
163,15,03,03,685,25.4, 16.5, -22.3,0.0, 261.0, 0.0,7.9, 279.5, 10.6
164,15,03,04,194,25.4, 16.5, -22.3,0.0, 261.0, 0.0,7.9, 279.5, 10.6
165,15,03,04,713,25.4, 16.5, -22.3,0.0, 273.1, 0.0,10.1, 292.1, 10.7
166,15,03,05,222,22.9, 16.3, -22.0,0.0, 291.2, 0.0,13.1, 310.7, 10.8
167,15,03,05,729,20.9, 16.6, -20.7,0.0, 305.5, 0.0,15.8, 325.6, 10.9
168,15,03,06,235,19.3, 16.7, -18.8,0.0, 303.9, 0.0,16.2, 324.1, 10.9
169,15,03,06,742,20.1, 16.5, -16.5,0.0, 316.5, 0.0,19.8, 337.4, 11.2
170,15,03,07,249,19.1, 16.8, -14.5,0.0, 311.0, 0.0,17.4, 331.4, 11.0
171,15,03,07,754,19.8, 16.3, -12.4,0.0, 327.2, 0.0,21.5, 348.5, 11.3
172,15,03,08,263,19.1, 16.5, -10.5,0.0, 325.7, 0.0,20.7, 346.8, 11.2
173,15,03,08,770,20.1, 16.5, -8.6,0.0, 325.6, 0.0,20.6, 346.6, 11.2
174,15,03,09,277,21.0, 16.6, -7.9,0.0, 281.8, 0.0,19.0, 302.5, 11.1
175,15,03,09,782,21.0, 16.6, -7.9,0.0, 257.0, 0.0,20.2, 278.0, 11.2
176,15,03,10,289,21.0, 16.6, -8.2,0.0, 176.5, 0.0,24.1, 198.3, 11.5
177,15,03,10,796,21.0, 16.4, -9.1,0.0, 190.4, 0.0,27.2, 212.9, 11.8
178,15,03,11,299,20.9, 16.2, -9.7,0.0, 248.5, 0.0,26.4, 270.8, 11.7
179,15,03,11,805,20.9, 16.2, -9.7,0.0, 283.8, 0.0,18.5, 304.4, 11.1
180,15,03,12,313,20.9, 16.2, -9.7,0.0, 273.5, 0.0,18.3, 294.1, 11.1
181,15,03,12,821,20.9, 16.2, -9.7,0.0, 184.5, 0.0,13.8, 204.2, 10.8
182,15,03,13,329,20.9, 16.2, -9.7,0.0, 169.7, 0.0,5.8, 187.8, 10.5
183,15,03,13,835,20.9, 16.2, -9.7,0.0, 176.6, 0.0,5.6, 194.7, 10.5
184,15,03,14,346,20.9, 16.2, -9.7,0.0, 225.0, 0.0,1.5, 242.3, 10.5
185,15,03,14,849,20.9, 16.2, -9.7,0.0, 231.6, 0.0,0.5, 248.8, 10.5
186,15,03,15,354,20.9, 16.2, -9.7,0.0, 241.0, 0.0,358.2, 257.7, 10.5
187,15,03,15,861,20.9, 16.2, -9.7,0.0, 261.0, 0.0,357.1, 277.5, 10.5
188,15,03,16,366,20.9, 16.2, -9.7,0.0, 275.3, 0.0,355.7, 291.6, 10.5
189,15,03,16,872,20.9, 16.2, -9.7,0.0, 289.1, 0.0,353.5, 305.0, 10.6
190,15,03,17,380,20.9, 16.2, -9.7,0.0, 290.6, 0.0,352.7, 306.3, 10.6
191,15,03,17,887,20.9, 16.2, -9.7,0.0, 291.5, 0.0,352.6, 307.2, 10.6
192,15,03,18,394,20.9, 16.2, -9.7,0.0, 291.5, 0.0,352.6, 307.2, 10.6
193,15,03,18,901,20.9, 16.2, -9.7,0.0, 291.5, 0.0,352.6, 307.2, 10.6
194,15,03,19,408,20.9, 16.2, -9.7,0.0, 291.5, 0.0,352.6, 307.2, 10.6
195,15,03,19,914,20.9, 16.2, -9.7,0.0, 291.5, 0.0,352.6, 307.2, 10.6
196,15,03,20,421,20.9, 16.2, -9.7,0.0, 291.5, 0.0,352.6, 307.2, 10.6
197,15,03,20,929,20.9, 16.2, -9.7,0.0, 291.5, 0.0,352.6, 307.2, 10.6
198,15,03,21,435,20.9, 16.2, -9.7,0.0, 291.5, 0.0,352.6, 307.2, 10.6
199,15,03,21,943,20.9, 16.2, -9.7,0.0, 291.5, 0.0,352.6, 307.2, 10.6
200,15,03,22,449,20.9, 16.2, -9.7,0.0, 291.5, 0.0,352.6, 307.2, 10.6
201,15,03,22,956,20.9, 16.2, -9.7,0.0, 291.5, 0.0,352.6, 307.2, 10.6
202,15,03,23,462,20.9, 16.2, -9.7,0.0, 291.5, 0.0,352.6, 307.2, 10.6
203,15,03,23,970,20.9, 16.2, -9.7,0.0, 291.5, 0.0,352.6, 307.2, 10.6
204,15,03,24,476,20.9, 16.2, -9.7,0.0, 291.5, 0.0,352.6, 307.2, 10.6
205,15,03,24,982,20.9, 16.2, -9.7,0.0, 291.5, 0.0,352.6, 307.2, 10.6
206,15,03,25,489,20.9, 16.2, -9.7,0.0, 291.5, 0.0,352.6, 307.2, 10.6
207,15,03,25,997,20.9, 16.2, -9.7,0.0, 291.5, 0.0,352.6, 307.2, 10.6
208,15,03,26,504,20.9, 16.2, -9.7,0.0, 291.5, 0.0,352.6, 307.2, 10.6
209,15,03,27,10,20.9, 16.2, -9.7,0.0, 291.5, 0.0,352.6, 307.2, 10.6
210,15,03,27,517,20.9, 16.2, -9.7,0.0, 291.5, 0.0,352.6, 307.2, 10.6
211,15,03,28,24,20.9, 16.2, -9.7,0.0, 291.5, 0.0,352.6, 307.2, 10.6
212,15,03,28,530,20.9, 16.2, -9.7,0.0, 291.5, 0.0,352.6, 307.2, 10.6
213,15,03,29,37,20.9, 16.2, -9.7,0.0, 291.5, 0.0,352.6, 307.2, 10.6
214,15,03,29,543,20.9, 16.2, -9.7,0.0, 291.5, 0.0,352.6, 307.2, 10.6
215,15,03,30,50,20.9, 16.2, -9.7,0.0, 291.5, 0.0,352.6, 307.2, 10.6
216,15,03,30,556,20.9, 16.2, -9.7,0.0, 291.5, 0.0,352.6, 307.2, 10.6
217,15,03,31,63,20.9, 16.2, -9.7,0.0, 291.5, 0.0,352.6, 307.2, 10.6
218,15,03,31,570,20.9, 16.2, -9.7,0.0, 291.5, 0.0,352.6, 307.2, 10.6
219,15,03,32,77,20.9, 16.2, -9.7,0.0, 291.5, 0.0,352.6, 307.2, 10.6
220,15,03,32,584,20.9, 16.2, -9.7,0.0, 291.5, 0.0,352.6, 307.2, 10.6
221,15,03,33,90,20.9, 16.2, -9.7,0.0, 291.5, 0.0,352.6, 307.2, 10.6
222,15,03,33,597,20.9, 16.2, -9.7,0.0, 291.5, 0.0,352.6, 307.2, 10.6
223,15,03,34,103,20.9, 16.2, -9.7,0.0, 291.5, 0.0,352.6, 307.2, 10.6
224,15,03,34,610,20.9, 16.2, -9.7,0.0, 291.5, 0.0,352.6, 307.2, 10.6
225,15,03,35,116,20.9, 16.2, -9.7,0.0, 291.5, 0.0,352.6, 307.2, 10.6
226,15,03,35,621,20.9, 16.2, -9.7,0.0, 291.5, 0.0,352.6, 307.2, 10.6
227,15,03,36,128,20.9, 16.2, -9.7,0.0, 291.5, 0.0,352.6, 307.2, 10.6
228,15,03,36,634,20.9, 16.2, -9.7,0.0, 291.5, 0.0,352.6, 307.2, 10.6
229,15,03,37,142,20.9, 16.2, -9.7,0.0, 291.5, 0.0,352.6, 307.2, 10.6
230,15,03,37,649,20.9, 16.2, -9.7,0.0, 291.5, 0.0,352.6, 307.2, 10.6
231,15,03,38,156,20.9, 16.2, -9.7,0.0, 291.5, 0.0,352.6, 307.2, 10.6
232,15,03,38,662,20.9, 16.2, -9.7,0.0, 291.5, 0.0,352.6, 307.2, 10.6
233,15,03,39,169,20.9, 16.2, -9.7,0.0, 291.5, 0.0,352.6, 307.2, 10.6
234,15,03,39,676,20.9, 16.2, -9.7,0.0, 291.5, 0.0,352.6, 307.2, 10.6
235,15,03,40,183,20.9, 16.2, -9.7,0.0, 291.5, 0.0,352.6, 307.2, 10.6
236,15,03,40,689,20.9, 16.2, -9.7,0.0, 291.5, 0.0,352.6, 307.2, 10.6
237,15,03,41,196,20.9, 16.2, -9.7,0.0, 291.5, 0.0,352.6, 307.2, 10.6
238,15,03,41,703,20.9, 16.2, -9.7,0.0, 291.5, 0.0,352.6, 307.2, 10.6
239,15,03,42,209,20.9, 16.2, -9.7,0.0, 291.5, 0.0,352.6, 307.2, 10.6
240,15,03,42,716,20.9, 16.2, -9.7,0.0, 291.5, 0.0,352.6, 307.2, 10.6
241,15,03,43,223,20.9, 16.2, -9.7,0.0, 291.5, 0.0,352.6, 307.2, 10.6
242,15,03,43,730,20.9, 16.2, -9.7,0.0, 291.5, 0.0,352.6, 307.2, 10.6
243,15,03,44,237,20.9, 16.2, -9.7,0.0, 291.5, 0.0,352.6, 307.2, 10.6
244,15,03,44,744,20.9, 16.2, -9.7,0.0, 291.5, 0.0,352.6, 307.2, 10.6
245,15,03,45,251,20.9, 16.2, -9.7,0.0, 291.5, 0.0,352.6, 307.2, 10.6
246,15,03,45,757,20.9, 16.2, -9.7,0.0, 291.5, 0.0,352.6, 307.2, 10.6
247,15,03,46,264,20.9, 16.2, -9.7,0.0, 291.5, 0.0,352.6, 307.2, 10.6
248,15,03,46,780,20.9, 16.2, -9.7,0.0, 291.5, 0.0,352.6, 307.2, 10.6
249,15,03,47,300,20.9, 16.2, -9.7,0.0, 291.5, 0.0,352.6, 307.2, 10.6
250,15,03,47,809,20.9, 16.2, -9.7,0.0, 291.5, 0.0,352.6, 307.2, 10.6
251,15,03,48,315,20.9, 16.2, -9.7,0.0, 291.5, 0.0,352.6, 307.2, 10.6
252,15,03,48,822,20.9, 16.2, -9.7,0.0, 291.5, 0.0,352.6, 307.2, 10.6
253,15,03,49,330,20.9, 16.2, -9.7,0.0, 297.8, 0.0,352.6, 313.5, 10.6
254,15,03,49,836,20.9, 16.2, -9.7,0.0, 318.4, 0.0,349.1, 333.4, 10.7
255,15,03,50,343,20.9, 16.2, -9.7,0.0, 318.4, 0.0,349.1, 333.4, 10.7
256,15,03,50,848,20.9, 16.2, -9.7,0.0, 318.4, 0.0,349.1, 333.4, 10.7
257,15,03,51,357,20.9, 16.2, -9.7,0.0, 319.3, 0.0,350.0, 334.5, 10.7
258,15,03,51,863,20.2, 16.4, -8.9,0.0, 321.1, 0.0,350.0, 336.3, 10.7
259,15,03,52,370,19.9, 16.9, -6.5,0.0, 318.8, 0.0,349.9, 334.0, 10.7
260,15,03,52,876,20.0, 17.5, -4.1,0.0, 317.9, 0.0,349.8, 333.1, 10.7
261,15,03,53,384,20.0, 18.0, -1.6,0.0, 322.7, 0.0,350.1, 337.9, 10.7
262,15,03,53,891,19.0, 18.5, 0.6,0.0, 335.9, 0.0,351.2, 351.3, 10.6
263,15,03,54,397,19.1, 18.7, 3.0,0.0, 343.4, 0.0,352.4, 359.0, 10.6
264,15,03,54,904,18.9, 18.7, 5.6,0.0, 342.9, 0.0,352.1, 358.5, 10.6
265,15,03,55,411,19.0, 18.7, 7.9,0.0, 338.6, 0.0,352.1, 354.2, 10.6
266,15,03,55,917,19.0, 18.7, 10.3,0.0, 338.6, 0.0,352.1, 354.2, 10.6
267,15,03,56,424,19.2, 18.7, 12.8,0.0, 338.7, 0.0,353.8, 354.6, 10.6
268,15,03,56,931,19.1, 18.7, 15.2,0.0, 346.6, 0.0,356.3, 3.0, 10.5
269,15,03,57,437,19.4, 18.7, 17.5,0.0, 346.8, 0.0,355.6, 3.0, 10.5
270,15,03,57,944,18.9, 18.7, 20.1,0.0, 347.3, 0.0,355.0, 3.4, 10.5
271,15,03,58,450,18.3, 18.8, 22.5,0.0, 347.3, 0.0,355.0, 3.4, 10.5
272,15,03,58,957,18.2, 18.8, 25.0,0.0, 347.3, 0.0,355.0, 3.4, 10.5
273,15,03,59,470,18.1, 18.8, 27.1,0.0, 316.3, 0.0,352.1, 331.9, 10.6
274,15,03,59,981,18.0, 18.8, 29.6,0.0, 303.3, 0.0,352.4, 318.9, 10.6
275,15,04,00,488,17.9, 19.0, 32.1,0.0, 320.2, 0.0,351.5, 335.7, 10.6
276,15,04,00,997,18.1, 18.7, 34.4,0.0, 324.9, 0.0,350.5, 340.2, 10.6
277,15,04,01,504,18.6, 18.7, 36.8,0.0, 322.7, 0.0,357.1, 339.2, 10.5
278,15,04,02,11,17.7, 18.8, 39.0,0.0, 335.8, 0.0,2.4, 353.3, 10.5
279,15,04,02,518,17.7, 18.8, 41.4,0.0, 349.2, 0.0,4.2, 7.1, 10.5
280,15,04,03,25,17.8, 18.8, 43.7,0.0, 349.4, 0.0,4.9, 7.4, 10.5
281,15,04,03,531,17.5, 18.8, 46.2,0.0, 359.9, 0.0,8.3, 18.5, 10.6
282,15,04,04,38,17.7, 18.7, 48.7,0.0, 15.9, 0.0,10.7, 35.0, 10.7
283,15,04,04,544,18.0, 18.7, 51.2,0.0, 356.6, 0.0,8.4, 15.2, 10.6
284,15,04,05,51,18.3, 18.7, 53.7,0.0, 356.5, 0.0,9.0, 15.2, 10.6
285,15,04,05,557,17.9, 18.7, 56.1,0.0, 353.9, 0.0,10.8, 13.0, 10.7
286,15,04,06,64,17.9, 18.7, 58.7,0.0, 354.6, 0.0,12.1, 13.9, 10.7
287,15,04,06,571,17.7, 18.7, 61.2,0.0, 352.8, 0.0,11.8, 12.1, 10.7
288,15,04,07,85,18.7, 18.7, 63.6,0.0, 349.1, 0.0,9.5, 7.9, 10.6
289,15,04,07,596,19.4, 18.7, 65.9,0.0, 2.3, 0.0,16.6, 22.5, 11.0
290,15,04,08,102,19.6, 18.9, 68.5,0.0, 5.8, 0.0,17.4, 26.2, 11.0
291,15,04,08,609,20.5, 18.5, 70.7,0.0, 5.9, 0.0,17.3, 26.3, 11.0
292,15,04,09,116,21.6, 18.4, 72.8,0.0, 5.9, 0.0,17.3, 26.3, 11.0
293,15,04,09,624,23.4, 18.2, 74.5,0.0, 17.6, 0.0,20.1, 38.5, 11.2
294,15,04,10,131,23.0, 17.8, 76.9,0.0, 47.9, 0.0,24.8, 69.9, 11.6
295,15,04,10,635,23.6, 17.8, 79.4,0.0, 77.4, 0.0,33.6, 101.5, 12.6
296,15,04,11,139,23.6, 17.7, 81.8,0.0, 97.7, 0.0,37.7, 123.0, 13.3
297,15,04,11,661,24.0, 17.7, 84.5,0.0, 98.7, 0.0,37.4, 123.9, 13.2
298,15,04,12,181,24.4, 17.7, 87.1,0.0, 103.1, 0.0,28.3, 125.9, 11.9
299,15,04,12,686,25.1, 17.7, 89.4,0.0, 29.2, 0.0,33.3, 53.2, 12.6
300,15,04,13,194,26.1, 17.6, 91.4,0.0, 13.9, 0.0,35.9, 38.7, 13.0
301,15,04,13,702,26.7, 17.4, 93.6,0.0, 15.8, 0.0,35.9, 40.6, 13.0
302,15,04,14,209,27.0, 17.1, 96.1,0.0, 345.3, 0.0,32.7, 9.2, 12.5
303,15,04,14,716,27.6, 16.8, 98.5,0.0, 321.1, 0.0,29.2, 344.1, 12.0
304,15,04,15,222,29.5, 17.0, 100.3,0.0, 314.4, 0.0,28.1, 337.1, 11.9
305,15,04,15,726,30.9, 17.2, 102.0,0.0, 263.8, 0.0,46.3, 292.0, 15.3
306,15,04,16,231,32.2, 17.4, 104.0,0.0, 274.9, 0.0,47.3, 303.5, 15.6
307,15,04,16,739,34.1, 17.5, 105.7,0.0, 275.0, 0.0,47.3, 303.6, 15.6
308,15,04,17,247,36.4, 17.5, 106.8,0.0, 302.6, 0.0,44.0, 330.0, 14.7
309,15,04,17,754,38.7, 17.5, 107.6,0.0, 340.1, 0.0,49.3, 9.6, 16.2
310,15,04,18,263,40.7, 17.4, 109.1,0.0, 11.0, 0.0,67.3, 54.3, 28.1
311,15,04,18,770,41.0, 17.2, 111.6,0.0, 32.1, 0.0,79.0, 121.7, 72.8
312,15,04,19,277,41.6, 17.1, 113.9,0.0, 40.8, 0.0,79.5, 139.4, 81.3
313,15,04,19,784,43.2, 17.0, 115.9,0.0, 20.4, 0.0,79.6, 117.1, 78.9
314,15,04,20,291,44.5, 16.9, 118.0,0.0, 20.4, 0.0,79.6, 117.1, 78.9
315,15,04,20,798,46.7, 16.7, 119.2,0.0, 7.2, 0.0,79.7, 105.2, 79.8
316,15,04,21,304,48.5, 16.5, 121.0,0.0, 299.9, 0.0,77.5, 12.0, 54.5
317,15,04,21,811,50.9, 16.2, 121.4,0.0, 311.2, 0.0,77.5, 23.3, 54.5
318,15,04,22,319,53.4, 16.0, 121.6,0.0, 339.7, 0.0,77.8, 53.8, 56.3
319,15,04,22,825,55.8, 15.8, 121.4,0.0, 348.9, 0.0,78.2, 66.2, 59.5
320,15,04,23,332,57.7, 15.8, 123.0,0.0, 333.5, 0.0,79.8, 72.8, 80.7
321,15,04,23,835,59.5, 15.9, 124.7,0.0, 281.4, 0.0,80.1, 21.0, 80.3
322,15,04,24,342,61.7, 16.0, 126.1,0.0, 277.7, 0.0,80.1, 17.4, 80.3
323,15,04,24,859,63.6, 16.2, 127.7,0.0, 248.7, 0.0,80.5, 349.0, 79.7
324,15,04,25,367,65.3, 16.4, 129.0,0.0, 267.4, 0.0,80.7, 8.0, 79.4
325,15,04,25,873,67.2, 16.5, 127.4,0.0, 279.1, 0.0,80.8, 19.8, 79.3
326,15,04,26,380,69.5, 16.8, 127.1,0.0, 279.1, 0.0,80.8, 19.8, 79.3
327,15,04,26,889,72.1, 16.8, 127.3,0.0, 283.4, 0.0,80.9, 24.1, 79.3
328,15,04,27,397,74.5, 17.0, 127.5,0.0, 282.5, 0.0,80.7, 18.4, 74.4
329,15,04,27,903,76.8, 17.4, 128.5,0.0, 282.4, 0.0,80.8, 18.9, 75.0
330,15,04,28,411,79.2, 17.8, 128.7,0.0, 290.1, 0.0,81.3, 31.3, 78.8
331,15,04,28,918,81.6, 17.6, 128.6,0.0, 310.3, 0.0,81.6, 51.8, 78.5
332,15,04,29,425,83.7, 17.0, 128.0,0.0, 19.1, 0.0,84.2, 122.9, 76.2
333,15,04,29,930,83.9, 17.0, 130.2,0.0, 10.4, 0.0,84.7, 114.6, 75.8
334,15,04,30,437,84.0, 17.1, 132.6,0.0, 358.4, 0.0,85.0, 102.8, 75.6
335,15,04,30,945,84.0, 17.1, 132.6,0.0, 352.5, 0.0,85.4, 97.1, 75.4
336,15,04,31,451,84.0, 17.1, 132.6,0.0, 352.5, 0.0,85.4, 97.1, 75.4
337,15,04,31,952,84.0, 17.1, 132.6,0.0, 352.5, 0.0,85.4, 97.1, 75.4
338,15,04,32,460,84.0, 17.1, 132.6,0.0, 352.5, 0.0,85.4, 97.1, 75.4
339,15,04,32,970,84.0, 17.1, 132.6,0.0, 352.5, 0.0,85.4, 97.1, 75.4
340,15,04,33,477,84.0, 17.1, 132.6,0.0, 352.5, 0.0,85.4, 97.1, 75.4
341,15,04,33,984,84.0, 17.1, 132.6,0.0, 352.5, 0.0,85.4, 97.1, 75.4
342,15,04,34,491,84.0, 17.1, 132.6,0.0, 352.5, 0.0,85.4, 97.1, 75.4
343,15,04,34,998,84.0, 17.1, 132.6,0.0, 352.5, 0.0,85.4, 97.1, 75.4
344,15,04,35,505,84.0, 17.1, 132.6,0.0, 352.5, 0.0,85.4, 97.1, 75.4
345,15,04,36,13,84.0, 17.1, 132.6,0.0, 352.5, 0.0,85.4, 97.1, 75.4
346,15,04,36,519,84.0, 17.1, 132.6,0.0, 352.5, 0.0,85.4, 97.1, 75.4
347,15,04,37,26,84.0, 17.1, 132.6,0.0, 352.5, 0.0,85.4, 97.1, 75.4
348,15,04,37,532,84.0, 17.1, 132.6,0.0, 352.5, 0.0,85.4, 97.1, 75.4
349,15,04,38,39,84.0, 17.1, 132.6,0.0, 352.5, 0.0,85.4, 97.1, 75.4
350,15,04,38,546,84.0, 17.1, 132.6,0.0, 352.5, 0.0,85.4, 97.1, 75.4
351,15,04,39,53,84.0, 17.1, 132.6,0.0, 352.5, 0.0,85.4, 97.1, 75.4
352,15,04,39,559,84.0, 17.1, 132.6,0.0, 352.5, 0.0,85.4, 97.1, 75.4
353,15,04,40,66,84.0, 17.1, 132.6,0.0, 352.5, 0.0,85.4, 97.1, 75.4
354,15,04,40,573,84.0, 17.1, 132.6,0.0, 352.5, 0.0,85.4, 97.1, 75.4
355,15,04,41,79,84.0, 17.1, 132.6,0.0, 352.5, 0.0,85.4, 97.1, 75.4
356,15,04,41,586,84.0, 17.1, 132.6,0.0, 352.5, 0.0,85.4, 97.1, 75.4
357,15,04,42,93,84.0, 17.1, 132.6,0.0, 352.5, 0.0,85.4, 97.1, 75.4
358,15,04,42,599,84.0, 17.1, 132.6,0.0, 352.5, 0.0,85.4, 97.1, 75.4
359,15,04,43,106,84.0, 17.1, 132.6,0.0, 352.5, 0.0,85.4, 97.1, 75.4
360,15,04,43,613,84.0, 17.1, 132.6,0.0, 352.5, 0.0,85.4, 97.1, 75.4
361,15,04,44,119,84.0, 17.1, 132.6,0.0, 352.5, 0.0,85.4, 97.1, 75.4
362,15,04,44,626,84.0, 17.1, 132.6,0.0, 352.5, 0.0,85.4, 97.1, 75.4
363,15,04,45,133,84.0, 17.1, 132.6,0.0, 352.5, 0.0,85.4, 97.1, 75.4
364,15,04,45,639,84.0, 17.1, 132.6,0.0, 352.5, 0.0,85.4, 97.1, 75.4
365,15,04,46,146,84.0, 17.1, 132.6,0.0, 352.5, 0.0,85.4, 97.1, 75.4
366,15,04,46,653,84.0, 17.1, 132.6,0.0, 352.5, 0.0,85.4, 97.1, 75.4
367,15,04,47,159,84.0, 17.1, 132.6,0.0, 352.5, 0.0,85.4, 97.1, 75.4
368,15,04,47,666,84.0, 17.1, 132.6,0.0, 352.5, 0.0,85.4, 97.1, 75.4
369,15,04,48,173,84.0, 17.1, 132.6,0.0, 7.1, 0.0,76.3, 55.0, 19.1
370,15,04,48,679,84.0, 17.1, 132.6,0.0, 355.1, 0.0,67.5, 35.2, 11.7
371,15,04,49,186,84.0, 17.1, 132.6,0.0, 353.1, 0.0,69.6, 34.5, 12.9
372,15,04,49,693,84.0, 17.1, 132.6,0.0, 353.0, 0.0,70.2, 34.8, 13.3
373,15,04,50,199,84.0, 17.1, 132.6,0.0, 352.7, 0.0,73.6, 37.4, 16.0
374,15,04,50,706,84.0, 17.1, 132.6,0.0, 352.7, 0.0,73.6, 37.4, 16.0
375,15,04,51,213,84.0, 17.1, 132.6,0.0, 352.7, 0.0,73.6, 37.4, 16.0
376,15,04,51,719,84.0, 17.1, 132.6,0.0, 352.7, 0.0,73.6, 37.4, 16.0
377,15,04,52,226,84.0, 17.1, 132.6,0.0, 352.7, 0.0,73.6, 37.4, 16.0
378,15,04,52,732,84.0, 17.1, 132.6,0.0, 352.7, 0.0,73.6, 37.4, 16.0
379,15,04,53,239,84.0, 17.1, 132.6,0.0, 352.7, 0.0,73.6, 37.4, 16.0
380,15,04,53,746,84.0, 17.1, 132.6,0.0, 352.7, 0.0,73.6, 37.4, 16.0
381,15,04,54,253,84.0, 17.1, 132.6,0.0, 352.7, 0.0,73.6, 37.4, 16.0
382,15,04,54,759,84.0, 17.1, 132.6,0.0, 352.7, 0.0,73.6, 37.4, 16.0
383,15,04,55,266,84.0, 17.1, 132.6,0.0, 352.7, 0.0,73.6, 37.4, 16.0
384,15,04,55,773,84.0, 17.1, 132.6,0.0, 352.7, 0.0,73.6, 37.4, 16.0
385,15,04,56,279,84.0, 17.1, 132.6,0.0, 352.7, 0.0,73.6, 37.4, 16.0
386,15,04,56,786,84.0, 17.1, 132.6,0.0, 352.7, 0.0,73.6, 37.4, 16.0
387,15,04,57,292,84.0, 17.1, 132.6,0.0, 352.7, 0.0,73.6, 37.4, 16.0
388,15,04,57,799,84.0, 17.1, 132.6,0.0, 352.7, 0.0,73.6, 37.4, 16.0
389,15,04,58,306,84.0, 17.1, 132.6,0.0, 352.7, 0.0,73.6, 37.4, 16.0
390,15,04,58,813,84.0, 17.1, 132.6,0.0, 352.7, 0.0,73.6, 37.4, 16.0
391,15,04,59,319,84.0, 17.1, 132.6,0.0, 352.7, 0.0,73.6, 37.4, 16.0
392,15,04,59,826,84.0, 17.1, 132.6,0.0, 352.7, 0.0,73.6, 37.4, 16.0
393,15,05,00,333,84.0, 17.1, 132.6,0.0, 352.7, 0.0,73.6, 37.4, 16.0
394,15,05,00,840,84.0, 17.1, 132.6,0.0, 352.7, 0.0,73.6, 37.4, 16.0
395,15,05,01,346,84.0, 17.1, 132.6,0.0, 352.7, 0.0,73.6, 37.4, 16.0
396,15,05,01,851,84.0, 17.1, 132.6,0.0, 352.7, 0.0,73.6, 37.4, 16.0
397,15,05,02,358,84.0, 17.1, 132.6,0.0, 352.7, 0.0,73.6, 37.4, 16.0
398,15,05,02,865,84.0, 17.1, 132.6,0.0, 352.7, 0.0,73.6, 37.4, 16.0
399,15,05,03,372,84.0, 17.1, 132.6,0.0, 352.7, 0.0,73.6, 37.4, 16.0
400,15,05,03,879,84.0, 17.1, 132.6,0.0, 352.7, 0.0,73.6, 37.4, 16.0
401,15,05,04,386,84.0, 17.1, 132.6,0.0, 352.7, 0.0,73.6, 37.4, 16.0
402,15,05,04,893,84.0, 17.1, 132.6,0.0, 352.7, 0.0,73.6, 37.4, 16.0
403,15,05,05,399,84.0, 17.1, 132.6,0.0, 352.7, 0.0,73.6, 37.4, 16.0
404,15,05,05,906,84.0, 17.1, 132.6,0.0, 352.7, 0.0,73.6, 37.4, 16.0
405,15,05,06,413,84.0, 17.1, 132.6,0.0, 352.7, 0.0,73.6, 37.4, 16.0
406,15,05,06,919,84.0, 17.1, 132.6,0.0, 352.7, 0.0,73.6, 37.4, 16.0
407,15,05,07,426,84.0, 17.1, 132.6,0.0, 352.7, 0.0,73.6, 37.4, 16.0
408,15,05,07,933,84.0, 17.1, 132.6,0.0, 352.7, 0.0,73.6, 37.4, 16.0
409,15,05,08,439,84.0, 17.1, 132.6,0.0, 352.7, 0.0,73.6, 37.4, 16.0
410,15,05,08,946,84.0, 17.1, 132.6,0.0, 352.7, 0.0,73.6, 37.4, 16.0
411,15,05,09,452,84.0, 17.1, 132.6,0.0, 352.7, 0.0,73.6, 37.4, 16.0
412,15,05,09,959,84.0, 17.1, 132.6,0.0, 352.7, 0.0,73.6, 37.4, 16.0
413,15,05,10,466,84.0, 17.1, 132.6,0.0, 352.7, 0.0,73.6, 37.4, 16.0
414,15,05,10,973,84.0, 17.1, 132.6,0.0, 352.7, 0.0,73.6, 37.4, 16.0
415,15,05,11,480,84.0, 17.1, 132.6,0.0, 352.7, 0.0,73.6, 37.4, 16.0
416,15,05,11,986,84.0, 17.1, 132.6,0.0, 352.7, 0.0,73.6, 37.4, 16.0
417,15,05,12,493,84.0, 17.1, 132.6,0.0, 352.7, 0.0,73.6, 37.4, 16.0
418,15,05,13,0,84.0, 17.1, 132.6,0.0, 352.7, 0.0,73.6, 37.4, 16.0
419,15,05,13,507,84.0, 17.1, 132.6,0.0, 352.7, 0.0,73.6, 37.4, 16.0
420,15,05,14,13,84.0, 17.1, 132.6,0.0, 352.7, 0.0,73.6, 37.4, 16.0
421,15,05,14,520,84.0, 17.1, 132.6,0.0, 352.7, 0.0,73.6, 37.4, 16.0