id,hour,min,sec,ms,xpos,ypos,zpos,uMousePos,vMousePos,wMousePos,uGazePos,vGazePos,wGazePos
0,15,22,30,40,80.8, 18.8, 134.0,0.0, 238.7, 0.0,11.1, 251.6, 357.7
1,15,22,31,139,80.8, 17.6, 134.0,0.0, 238.7, 0.0,11.1, 251.6, 357.7
2,15,22,31,648,80.8, 17.6, 134.0,0.0, 238.7, 0.0,11.1, 251.6, 357.7
3,15,22,32,155,80.8, 17.6, 134.0,0.0, 238.7, 0.0,11.1, 251.6, 357.7
4,15,22,32,662,80.8, 17.6, 134.0,0.0, 238.7, 0.0,11.1, 251.6, 357.7
5,15,22,33,181,80.8, 17.6, 134.0,0.0, 238.7, 0.0,11.1, 251.6, 357.7
6,15,22,33,689,80.8, 17.6, 134.0,0.0, 238.7, 0.0,11.1, 251.6, 357.7
7,15,22,34,196,80.8, 17.6, 134.0,0.0, 238.7, 0.0,11.1, 251.6, 357.7
8,15,22,34,704,80.8, 17.6, 134.0,0.0, 238.7, 0.0,11.1, 251.6, 357.7
9,15,22,35,211,80.8, 17.6, 134.0,0.0, 238.7, 0.0,11.1, 251.6, 357.7
10,15,22,35,717,80.8, 17.6, 134.0,0.0, 238.7, 0.0,11.1, 251.6, 357.7
11,15,22,36,224,80.8, 17.6, 134.0,0.0, 241.1, 0.0,10.7, 254.0, 357.7
12,15,22,36,732,80.8, 17.6, 134.0,0.0, 241.1, 0.0,10.7, 254.0, 357.7
13,15,22,37,238,80.8, 17.6, 134.0,0.0, 241.0, 0.0,11.9, 253.8, 357.7
14,15,22,37,745,80.8, 17.6, 134.0,0.0, 241.0, 0.0,11.9, 253.8, 357.7
15,15,22,38,252,80.8, 17.6, 134.0,0.0, 240.9, 0.0,14.1, 253.6, 357.7
16,15,22,38,758,80.8, 17.6, 134.0,0.0, 239.5, 0.0,11.5, 252.4, 357.7
17,15,22,39,265,80.8, 17.6, 134.0,0.0, 239.2, 0.0,11.6, 252.0, 357.7
18,15,22,39,772,80.8, 17.6, 134.0,0.0, 239.1, 0.0,11.9, 251.9, 357.7
19,15,22,40,279,80.8, 17.6, 134.0,0.0, 237.9, 0.0,16.7, 250.5, 357.6
20,15,22,40,785,80.8, 17.6, 134.0,0.0, 235.3, 0.0,28.2, 247.4, 357.4
21,15,22,41,292,80.8, 17.6, 134.0,0.0, 235.3, 0.0,28.2, 247.4, 357.4
22,15,22,41,799,80.8, 17.6, 134.0,0.0, 234.9, 0.0,28.4, 247.0, 357.4
23,15,22,42,324,80.8, 17.6, 134.0,0.0, 224.6, 0.0,16.1, 237.3, 357.6
24,15,22,42,834,80.8, 17.6, 134.0,0.0, 224.8, 0.0,16.1, 237.5, 357.6
25,15,22,43,336,80.8, 17.6, 134.0,0.0, 256.4, 0.0,24.3, 268.7, 357.5
26,15,22,43,848,80.8, 17.6, 134.0,0.0, 256.6, 0.0,25.2, 268.8, 357.5
27,15,22,44,356,80.8, 17.6, 134.0,0.0, 256.9, 0.0,20.6, 269.4, 357.6
28,15,22,44,863,80.8, 17.6, 134.0,0.0, 255.1, 0.0,24.1, 267.4, 357.5
29,15,22,45,370,80.8, 17.6, 134.0,0.0, 253.9, 0.0,25.1, 266.2, 357.5
30,15,22,45,884,80.8, 17.6, 134.0,0.0, 227.2, 0.0,20.3, 239.7, 357.6
31,15,22,46,395,80.8, 17.6, 134.0,0.0, 235.4, 0.0,21.2, 247.8, 357.6
32,15,22,46,901,80.8, 17.6, 134.0,0.0, 235.9, 0.0,20.8, 248.4, 357.6
33,15,22,47,406,80.8, 17.6, 134.0,0.0, 248.2, 0.0,24.0, 260.5, 357.5
34,15,22,47,917,80.8, 17.6, 134.0,0.0, 244.7, 0.0,22.1, 257.1, 357.6
35,15,22,48,423,80.8, 17.6, 134.0,0.0, 242.8, 0.0,22.1, 255.2, 357.6
36,15,22,48,931,80.8, 17.6, 134.0,0.0, 242.8, 0.0,22.1, 255.2, 357.6
37,15,22,49,438,80.7, 17.7, 133.9,0.0, 242.8, 0.0,22.1, 255.2, 357.6
38,15,22,49,945,78.3, 17.8, 132.7,0.0, 244.0, 0.0,22.0, 256.4, 357.6
39,15,22,50,451,76.1, 17.4, 131.7,0.0, 252.4, 0.0,21.5, 264.8, 357.6
40,15,22,50,958,73.7, 17.0, 131.1,0.0, 252.4, 0.0,21.5, 264.8, 357.6
41,15,22,51,465,71.2, 16.7, 130.3,0.0, 252.4, 0.0,21.5, 264.8, 357.6
42,15,22,51,972,68.8, 16.6, 130.1,0.0, 252.4, 0.0,21.5, 264.8, 357.6
43,15,22,52,478,66.4, 16.5, 129.5,0.0, 252.4, 0.0,21.5, 264.8, 357.6
44,15,22,52,985,63.9, 16.3, 128.7,0.0, 252.4, 0.0,21.5, 264.8, 357.6
45,15,22,53,492,61.5, 16.2, 128.0,0.0, 252.8, 0.0,21.1, 265.2, 357.6
46,15,22,53,998,59.1, 16.2, 127.4,0.0, 303.1, 0.0,19.6, 315.6, 357.6
47,15,22,54,507,58.8, 16.2, 127.6,0.0, 20.8, 0.0,17.9, 33.4, 357.6
48,15,22,55,12,58.8, 16.2, 127.6,0.0, 34.5, 0.0,17.9, 47.1, 357.6
49,15,22,55,518,58.8, 16.2, 127.6,0.0, 357.9, 0.0,20.3, 10.4, 357.6
50,15,22,56,25,57.1, 16.5, 129.5,0.0, 317.2, 0.0,22.1, 329.6, 357.6
51,15,22,56,529,55.0, 16.6, 129.9,0.0, 267.5, 0.0,25.2, 279.7, 357.5
52,15,22,57,37,53.3, 16.8, 130.7,0.0, 318.4, 0.0,333.8, 332.8, 357.5
53,15,22,57,546,52.9, 16.9, 130.8,0.0, 266.7, 0.0,331.9, 281.2, 357.4
54,15,22,58,50,50.8, 16.8, 129.5,0.0, 229.1, 0.0,336.8, 243.4, 357.5
55,15,22,58,554,49.2, 16.7, 127.7,0.0, 198.1, 0.0,350.8, 211.8, 357.7
56,15,22,59,61,47.9, 16.7, 125.6,0.0, 198.1, 0.0,350.2, 211.8, 357.7
57,15,22,59,570,46.5, 16.6, 123.5,0.0, 199.0, 0.0,350.6, 212.7, 357.7
58,15,23,00,77,45.4, 16.7, 121.2,0.0, 199.0, 0.0,350.6, 212.7, 357.7
59,15,23,00,581,43.5, 16.9, 119.7,0.0, 156.2, 0.0,359.2, 169.5, 357.7
60,15,23,01,91,42.0, 17.1, 118.0,0.0, 192.6, 0.0,358.6, 206.0, 357.7
61,15,23,01,596,39.6, 17.2, 117.7,0.0, 193.3, 0.0,358.6, 206.7, 357.7
62,15,23,02,103,38.7, 17.5, 115.4,0.0, 194.8, 0.0,358.3, 208.2, 357.7
63,15,23,02,611,37.2, 17.7, 113.3,0.0, 195.0, 0.0,358.3, 208.4, 357.7
64,15,23,03,117,36.5, 17.6, 110.9,0.0, 195.0, 0.0,358.3, 208.4, 357.7
65,15,23,03,625,34.6, 17.6, 109.4,0.0, 195.0, 0.0,358.3, 208.4, 357.7
66,15,23,04,132,32.5, 17.6, 107.9,0.0, 195.0, 0.0,358.3, 208.4, 357.7
67,15,23,04,638,31.7, 17.5, 105.6,0.0, 203.6, 0.0,345.5, 217.5, 357.7
68,15,23,05,143,30.6, 17.3, 103.3,0.0, 220.2, 0.0,327.5, 235.0, 357.3
69,15,23,05,651,29.0, 17.0, 101.3,0.0, 229.9, 0.0,317.5, 245.3, 356.9
70,15,23,06,158,28.6, 16.9, 98.9,0.0, 231.2, 0.0,316.0, 246.7, 356.8
71,15,23,06,665,27.2, 17.0, 96.9,0.0, 234.2, 0.0,313.8, 249.9, 356.7
72,15,23,07,181,25.8, 17.1, 95.0,0.0, 177.9, 0.0,326.4, 192.7, 357.3
73,15,23,07,689,25.9, 17.5, 92.4,0.0, 176.8, 0.0,329.3, 191.5, 357.4
74,15,23,08,195,25.8, 17.7, 90.0,0.0, 179.1, 0.0,329.4, 193.8, 357.4
75,15,23,08,703,24.2, 17.6, 88.0,0.0, 180.1, 0.0,329.4, 194.8, 357.4
76,15,23,09,224,23.6, 17.6, 85.5,0.0, 180.9, 0.0,329.4, 195.6, 357.4
77,15,23,09,744,23.4, 17.6, 82.9,0.0, 190.8, 0.0,329.7, 205.4, 357.4
78,15,23,10,264,22.8, 17.6, 80.4,0.0, 190.5, 0.0,329.8, 205.1, 357.4
79,15,23,10,784,22.1, 17.6, 77.9,0.0, 189.9, 0.0,330.9, 204.5, 357.4
80,15,23,11,305,21.2, 17.8, 75.6,0.0, 189.4, 0.0,331.0, 204.0, 357.4
81,15,23,11,825,19.8, 18.0, 73.5,0.0, 167.2, 0.0,336.7, 181.5, 357.5
82,15,23,12,345,19.6, 18.4, 71.0,0.0, 172.7, 0.0,338.9, 186.9, 357.6
83,15,23,12,853,18.7, 18.8, 68.8,0.0, 168.2, 0.0,338.9, 182.4, 357.6
84,15,23,13,360,19.3, 18.7, 66.4,0.0, 168.2, 0.0,338.9, 182.4, 357.6
85,15,23,13,866,18.3, 18.7, 64.0,0.0, 168.1, 0.0,338.8, 182.3, 357.6
86,15,23,14,372,18.0, 18.7, 61.7,0.0, 164.8, 0.0,339.6, 179.0, 357.6
87,15,23,14,879,19.1, 18.7, 59.5,0.0, 167.8, 0.0,340.1, 181.9, 357.6
88,15,23,15,385,19.4, 18.7, 56.9,0.0, 169.3, 0.0,339.2, 183.5, 357.6
89,15,23,15,892,19.0, 18.7, 54.6,0.0, 176.3, 0.0,337.3, 190.6, 357.5
90,15,23,16,399,18.5, 18.7, 52.3,0.0, 168.8, 0.0,337.1, 183.1, 357.5
91,15,23,16,906,18.6, 18.7, 49.8,0.0, 230.0, 0.0,330.3, 244.6, 357.4
92,15,23,17,409,18.1, 18.7, 49.5,0.0, 282.0, 0.0,313.5, 297.7, 356.7
93,15,23,17,917,18.1, 18.7, 49.5,0.0, 281.0, 0.0,313.5, 296.7, 356.7
94,15,23,18,423,17.8, 18.7, 48.1,0.0, 280.9, 0.0,313.6, 296.6, 356.7
95,15,23,18,931,17.6, 18.8, 45.6,0.0, 280.9, 0.0,313.6, 296.6, 356.7
96,15,23,19,438,17.8, 18.8, 43.4,0.0, 280.9, 0.0,313.6, 296.6, 356.7
97,15,23,19,947,17.7, 19.0, 40.9,0.0, 235.5, 0.0,321.1, 250.6, 357.1
98,15,23,20,448,17.8, 18.8, 38.4,0.0, 165.1, 0.0,339.9, 179.2, 357.6
99,15,23,20,957,18.5, 18.7, 36.0,0.0, 170.5, 0.0,339.1, 184.7, 357.6
100,15,23,21,463,19.0, 18.7, 33.6,0.0, 167.5, 0.0,338.3, 181.7, 357.6
101,15,23,21,972,19.5, 18.7, 31.0,0.0, 169.4, 0.0,336.8, 183.7, 357.5
102,15,23,22,478,19.8, 18.7, 28.6,0.0, 170.4, 0.0,336.2, 184.7, 357.5
103,15,23,22,985,18.5, 18.7, 26.4,0.0, 170.4, 0.0,336.2, 184.7, 357.5
104,15,23,23,494,19.1, 18.7, 24.1,0.0, 89.4, 0.0,344.0, 103.4, 357.6
105,15,23,23,997,20.2, 18.7, 24.4,0.0, 28.3, 0.0,342.3, 42.3, 357.6
106,15,23,24,504,20.2, 18.7, 24.4,0.0, 28.4, 0.0,342.2, 42.4, 357.6
107,15,23,25,12,20.2, 18.7, 24.4,0.0, 28.4, 0.0,342.2, 42.4, 357.6
108,15,23,25,518,20.2, 18.7, 24.4,0.0, 28.5, 0.0,342.2, 42.5, 357.6
109,15,23,26,26,20.2, 18.7, 24.4,0.0, 156.9, 0.0,335.0, 171.3, 357.5
110,15,23,26,538,20.9, 18.7, 22.0,0.0, 164.1, 0.0,335.1, 178.5, 357.5
111,15,23,27,39,20.3, 18.7, 19.6,0.0, 164.2, 0.0,335.1, 178.6, 357.5
112,15,23,27,546,20.7, 18.7, 17.2,0.0, 180.5, 0.0,334.7, 194.9, 357.5
113,15,23,28,52,20.7, 18.7, 14.6,0.0, 180.5, 0.0,334.8, 194.9, 357.5
114,15,23,28,559,20.7, 18.7, 12.1,0.0, 180.5, 0.0,334.8, 194.9, 357.5
115,15,23,29,66,20.6, 18.7, 9.5,0.0, 180.5, 0.0,334.8, 194.9, 357.5
116,15,23,29,573,20.1, 18.7, 7.1,0.0, 183.6, 0.0,335.5, 198.0, 357.5
117,15,23,30,80,20.2, 18.7, 4.6,0.0, 175.2, 0.0,337.3, 189.5, 357.5
118,15,23,30,587,20.2, 18.7, 2.0,0.0, 179.4, 0.0,336.6, 193.7, 357.5
119,15,23,31,93,20.3, 18.2, -0.5,0.0, 179.4, 0.0,336.6, 193.7, 357.5
120,15,23,31,600,20.3, 17.7, -2.9,0.0, 180.0, 0.0,337.5, 194.3, 357.5
121,15,23,32,107,20.3, 17.2, -5.5,0.0, 179.1, 0.0,337.4, 193.4, 357.5
122,15,23,32,613,19.9, 16.7, -7.8,0.0, 204.2, 0.0,337.4, 218.5, 357.5
123,15,23,33,120,19.8, 16.3, -10.2,0.0, 206.8, 0.0,334.9, 221.2, 357.5
124,15,23,33,624,19.2, 16.5, -12.5,0.0, 251.2, 0.0,331.6, 265.7, 357.4
125,15,23,34,131,18.2, 17.0, -14.8,0.0, 252.4, 0.0,331.2, 267.0, 357.4
126,15,23,34,638,17.1, 17.1, -17.0,0.0, 252.5, 0.0,331.1, 267.1, 357.4
127,15,23,35,144,16.0, 17.4, -19.2,0.0, 252.4, 0.0,331.1, 267.0, 357.4
128,15,23,35,651,14.8, 17.0, -21.5,0.0, 199.9, 0.0,330.2, 214.5, 357.4
129,15,23,36,158,15.0, 17.0, -23.4,0.0, 179.9, 0.0,330.7, 194.5, 357.4
130,15,23,36,665,14.8, 16.7, -25.9,0.0, 194.2, 0.0,329.7, 208.8, 357.4
131,15,23,37,167,12.5, 16.8, -26.9,0.0, 256.2, 0.0,326.1, 271.0, 357.3
132,15,23,37,674,11.2, 17.0, -26.3,0.0, 63.4, 0.0,314.1, 79.1, 356.7
133,15,23,38,181,13.7, 16.8, -26.4,0.0, 101.7, 0.0,311.0, 117.6, 356.5
134,15,23,38,692,14.5, 16.7, -26.5,0.0, 46.3, 0.0,317.1, 61.7, 356.9
135,15,23,39,198,14.5, 16.7, -26.5,0.0, 46.1, 0.0,317.1, 61.5, 356.9
136,15,23,39,708,14.5, 16.7, -26.5,0.0, 31.4, 0.0,324.4, 46.3, 357.2
137,15,23,40,211,14.5, 16.7, -26.5,0.0, 29.9, 0.0,324.9, 44.8, 357.2
138,15,23,40,717,14.5, 16.7, -26.5,0.0, 359.8, 0.0,329.5, 14.5, 357.4
139,15,23,41,226,14.5, 16.7, -26.5,0.0, 359.8, 0.0,329.5, 14.5, 357.4
140,15,23,41,730,14.5, 16.7, -26.5,0.0, 353.6, 0.0,330.7, 8.2, 357.4
141,15,23,42,241,14.5, 16.7, -26.5,0.0, 353.6, 0.0,330.7, 8.2, 357.4
142,15,23,42,746,14.5, 16.7, -26.5,0.0, 353.6, 0.0,330.7, 8.2, 357.4
143,15,23,43,253,14.5, 16.7, -26.5,0.0, 349.9, 0.0,329.4, 4.6, 357.4
144,15,23,43,759,14.5, 16.7, -26.5,0.0, 37.2, 0.0,327.5, 52.0, 357.3
145,15,23,44,266,14.5, 16.7, -26.5,0.0, 61.9, 0.0,325.5, 76.8, 357.2
146,15,23,44,774,14.5, 16.7, -26.5,0.0, 62.6, 0.0,325.6, 77.5, 357.2
147,15,23,45,281,14.5, 16.7, -26.5,0.0, 62.3, 0.0,325.8, 77.2, 357.3
148,15,23,45,787,14.5, 16.7, -26.5,0.0, 62.0, 0.0,325.9, 76.9, 357.3
149,15,23,46,294,14.5, 16.7, -26.5,0.0, 51.9, 0.0,330.0, 66.5, 357.4
150,15,23,46,801,14.5, 16.7, -26.5,0.0, 53.0, 0.0,330.0, 67.6, 357.4
151,15,23,47,307,14.5, 16.7, -26.5,0.0, 52.6, 0.0,329.1, 67.3, 357.4
152,15,23,47,814,14.5, 16.7, -26.5,0.0, 52.6, 0.0,329.2, 67.3, 357.4
153,15,23,48,321,14.5, 16.7, -26.5,0.0, 52.5, 0.0,329.2, 67.2, 357.4
154,15,23,48,825,14.5, 16.7, -26.5,0.0, 33.0, 0.0,331.7, 47.5, 357.4
155,15,23,49,332,14.5, 16.7, -26.5,0.0, 33.3, 0.0,332.0, 47.8, 357.4
156,15,23,49,839,14.5, 16.7, -26.5,0.0, 33.4, 0.0,332.0, 47.9, 357.4
157,15,23,50,347,14.5, 16.7, -26.5,0.0, 34.0, 0.0,332.0, 48.5, 357.4
158,15,23,50,853,14.5, 16.7, -26.5,0.0, 34.3, 0.0,332.1, 48.8, 357.4
159,15,23,51,360,14.5, 16.7, -26.5,0.0, 34.3, 0.0,332.1, 48.8, 357.4
160,15,23,51,867,14.5, 16.7, -26.5,0.0, 34.3, 0.0,332.1, 48.8, 357.4
161,15,23,52,374,14.5, 16.7, -26.5,0.0, 34.3, 0.0,332.1, 48.8, 357.4
162,15,23,52,880,14.5, 16.7, -26.5,0.0, 34.4, 0.0,332.2, 48.9, 357.4
163,15,23,53,387,14.5, 16.7, -26.5,0.0, 34.6, 0.0,332.2, 49.1, 357.4
164,15,23,53,894,14.5, 16.7, -26.5,0.0, 34.8, 0.0,332.2, 49.3, 357.4
165,15,23,54,400,14.5, 16.7, -26.5,0.0, 34.8, 0.0,332.2, 49.3, 357.4
166,15,23,54,907,14.5, 16.7, -26.5,0.0, 34.8, 0.0,332.2, 49.3, 357.4
167,15,23,55,414,14.5, 16.7, -26.5,0.0, 34.9, 0.0,332.1, 49.4, 357.4
168,15,23,55,922,14.5, 16.7, -26.5,0.0, 33.8, 0.0,333.6, 48.2, 357.5
169,15,23,56,428,14.5, 16.7, -26.5,0.0, 43.6, 0.0,336.9, 57.9, 357.5
170,15,23,56,935,14.5, 16.7, -26.5,0.0, 41.8, 0.0,337.6, 56.0, 357.5
171,15,23,57,441,14.5, 16.7, -26.5,0.0, 63.8, 0.0,333.2, 78.3, 357.5
172,15,23,57,948,14.5, 16.7, -26.5,0.0, 63.8, 0.0,334.0, 78.2, 357.5
173,15,23,58,454,14.5, 16.7, -26.5,0.0, 64.3, 0.0,335.6, 78.6, 357.5
174,15,23,58,962,14.5, 16.7, -26.5,0.0, 65.7, 0.0,334.5, 80.1, 357.5
175,15,23,59,468,14.5, 16.7, -26.5,0.0, 67.2, 0.0,334.4, 81.6, 357.5
176,15,23,59,974,14.5, 16.7, -26.5,0.0, 67.3, 0.0,334.4, 81.7, 357.5
177,15,24,00,481,14.5, 16.7, -26.5,0.0, 67.3, 0.0,334.4, 81.7, 357.5
178,15,24,00,988,14.5, 16.7, -26.5,0.0, 67.3, 0.0,334.4, 81.7, 357.5
179,15,24,01,493,14.5, 16.7, -26.5,0.0, 342.4, 0.0,336.7, 356.7, 357.5
180,15,24,01,997,14.5, 16.7, -26.5,0.0, 329.2, 0.0,337.5, 343.5, 357.5
181,15,24,02,501,14.5, 16.7, -26.5,0.0, 289.8, 0.0,337.2, 304.1, 357.5
182,15,24,03,10,14.5, 16.7, -26.5,0.0, 249.4, 0.0,337.4, 263.7, 357.5
183,15,24,03,518,14.5, 16.7, -26.5,0.0, 201.2, 0.0,340.1, 215.3, 357.6
184,15,24,04,25,14.5, 16.7, -26.5,0.0, 159.4, 0.0,343.2, 173.4, 357.6
185,15,24,04,531,14.5, 16.7, -26.5,0.0, 278.2, 0.0,335.7, 292.5, 357.5
186,15,24,05,38,14.5, 16.7, -26.5,0.0, 278.2, 0.0,335.7, 292.5, 357.5
187,15,24,05,545,14.5, 16.7, -26.5,0.0, 278.2, 0.0,335.7, 292.5, 357.5
188,15,24,06,52,14.5, 16.7, -26.5,0.0, 278.2, 0.0,335.7, 292.5, 357.5
189,15,24,06,559,14.5, 16.7, -26.5,0.0, 278.2, 0.0,335.7, 292.5, 357.5
190,15,24,07,66,14.5, 16.7, -26.5,0.0, 278.2, 0.0,335.7, 292.5, 357.5
191,15,24,07,572,14.5, 16.7, -26.5,0.0, 278.2, 0.0,335.7, 292.5, 357.5
192,15,24,08,79,14.5, 16.7, -26.5,0.0, 278.2, 0.0,335.7, 292.5, 357.5
193,15,24,08,582,14.5, 16.7, -26.5,0.0, 336.3, 0.0,333.6, 350.7, 357.5
194,15,24,09,90,14.5, 16.7, -26.5,0.0, 344.9, 0.0,333.2, 359.4, 357.5
195,15,24,09,597,14.5, 16.7, -26.5,0.0, 344.9, 0.0,333.2, 359.4, 357.5
196,15,24,10,104,14.5, 16.7, -26.5,0.0, 344.9, 0.0,333.2, 359.4, 357.5
197,15,24,10,612,14.5, 16.7, -26.5,0.0, 344.6, 0.0,333.2, 359.1, 357.5
198,15,24,11,132,15.9, 16.6, -26.2,0.0, 344.2, 0.0,333.2, 358.7, 357.5
199,15,24,11,639,18.3, 16.6, -25.5,0.0, 344.0, 0.0,333.2, 358.5, 357.5
200,15,24,12,145,20.5, 16.5, -24.8,0.0, 344.0, 0.0,333.2, 358.5, 357.5
201,15,24,12,665,22.6, 16.5, -24.2,0.0, 343.9, 0.0,333.2, 358.4, 357.5
202,15,24,13,172,23.3, 16.6, -24.0,0.0, 343.9, 0.0,333.2, 358.4, 357.5
203,15,24,13,680,23.3, 16.6, -24.0,0.0, 322.3, 0.0,333.2, 336.8, 357.5
204,15,24,14,200,23.3, 16.6, -24.0,0.0, 322.2, 0.0,333.1, 336.7, 357.5
205,15,24,14,708,23.3, 16.6, -24.0,0.0, 322.5, 0.0,331.7, 337.0, 357.4
206,15,24,15,213,23.3, 16.6, -24.0,0.0, 323.1, 0.0,331.4, 337.7, 357.4
207,15,24,15,733,23.3, 16.6, -24.0,0.0, 323.2, 0.0,331.4, 337.8, 357.4
208,15,24,16,239,23.3, 16.6, -24.0,0.0, 188.5, 0.0,306.2, 204.9, 356.2
209,15,24,16,746,23.3, 16.6, -24.0,0.0, 180.5, 0.0,271.2, 277.8, 277.4
210,15,24,17,253,23.3, 16.6, -24.0,0.0, 182.3, 0.0,270.7, 279.9, 277.6
211,15,24,17,756,23.3, 16.6, -24.0,0.0, 282.2, 0.0,300.4, 298.7, 358.6
212,15,24,18,260,23.3, 16.6, -24.0,0.0, 52.2, 0.0,308.2, 68.4, 358.9
213,15,24,18,769,23.3, 16.6, -24.0,0.0, 62.3, 0.0,310.0, 78.4, 358.9
214,15,24,19,279,23.3, 16.6, -24.0,0.0, 32.4, 0.0,310.6, 48.5, 358.9
215,15,24,19,784,23.3, 16.6, -24.0,0.0, 340.6, 0.0,311.4, 356.7, 358.9
216,15,24,20,291,23.3, 16.6, -24.0,0.0, 337.5, 0.0,313.2, 353.5, 359.0
217,15,24,20,811,23.3, 16.6, -24.0,0.0, 337.5, 0.0,313.5, 353.5, 359.0
218,15,24,21,319,22.5, 16.3, -22.0,0.0, 337.5, 0.0,313.5, 353.5, 359.0
219,15,24,21,825,21.7, 16.5, -19.6,0.0, 344.2, 0.0,313.7, 0.2, 359.0
220,15,24,22,331,21.0, 16.4, -17.1,0.0, 352.0, 0.0,314.0, 8.0, 359.0
221,15,24,22,839,20.7, 16.3, -14.7,0.0, 352.0, 0.0,314.0, 8.0, 359.0
222,15,24,23,346,20.3, 16.3, -12.2,0.0, 352.0, 0.0,314.0, 8.0, 359.0
223,15,24,23,853,20.1, 16.2, -10.4,0.0, 352.0, 0.0,314.0, 8.0, 359.0
224,15,24,24,360,20.1, 16.2, -10.4,0.0, 352.0, 0.0,314.0, 8.0, 359.0
225,15,24,24,866,20.1, 16.2, -10.4,0.0, 352.0, 0.0,314.0, 8.0, 359.0
226,15,24,25,373,20.4, 16.3, -13.0,0.0, 351.9, 0.0,314.2, 7.9, 359.0
227,15,24,25,894,21.5, 16.3, -14.6,0.0, 330.6, 0.0,308.8, 346.7, 358.9
228,15,24,26,400,21.6, 16.3, -13.7,0.0, 342.5, 0.0,309.5, 358.6, 358.9
229,15,24,26,906,20.3, 16.4, -14.1,0.0, 343.5, 0.0,310.1, 359.6, 358.9
230,15,24,27,414,20.1, 16.4, -13.1,0.0, 349.5, 0.0,310.1, 5.6, 358.9
231,15,24,27,920,21.4, 16.2, -12.9,0.0, 349.5, 0.0,310.1, 5.6, 358.9
232,15,24,28,427,21.4, 16.2, -12.9,0.0, 349.5, 0.0,310.1, 5.6, 358.9
233,15,24,28,934,21.4, 16.2, -12.9,0.0, 349.5, 0.0,310.1, 5.6, 358.9
234,15,24,29,441,21.4, 16.2, -12.9,0.0, 350.2, 0.0,310.1, 6.3, 358.9
235,15,24,29,947,21.4, 16.2, -12.9,0.0, 350.2, 0.0,310.1, 6.3, 358.9
236,15,24,30,454,21.4, 16.2, -12.9,0.0, 350.8, 0.0,309.9, 6.9, 358.9
237,15,24,30,961,21.4, 16.2, -12.9,0.0, 350.8, 0.0,309.9, 6.9, 358.9
238,15,24,31,468,21.4, 16.2, -12.9,0.0, 350.8, 0.0,309.9, 6.9, 358.9
239,15,24,31,975,21.4, 16.2, -12.9,0.0, 350.8, 0.0,309.9, 6.9, 358.9
240,15,24,32,481,21.4, 16.2, -12.9,0.0, 350.8, 0.0,309.9, 6.9, 358.9
241,15,24,32,988,21.4, 16.2, -12.9,0.0, 350.8, 0.0,309.9, 6.9, 358.9
242,15,24,33,494,21.4, 16.2, -12.9,0.0, 350.8, 0.0,309.9, 6.9, 358.9
243,15,24,34,2,21.4, 16.2, -12.9,0.0, 350.9, 0.0,309.8, 7.0, 358.9
244,15,24,34,508,21.4, 16.2, -12.9,0.0, 350.9, 0.0,309.8, 7.0, 358.9
245,15,24,35,14,21.4, 16.2, -12.9,0.0, 350.9, 0.0,309.8, 7.0, 358.9
246,15,24,35,521,21.4, 16.2, -12.9,0.0, 350.9, 0.0,309.8, 7.0, 358.9
247,15,24,36,27,21.4, 16.2, -12.9,0.0, 350.9, 0.0,309.8, 7.0, 358.9
248,15,24,36,534,21.4, 16.2, -12.9,0.0, 350.9, 0.0,309.8, 7.0, 358.9
249,15,24,37,41,21.4, 16.2, -12.9,0.0, 350.9, 0.0,309.8, 7.0, 358.9
250,15,24,37,548,21.4, 16.2, -12.9,0.0, 350.9, 0.0,309.8, 7.0, 358.9
251,15,24,38,54,21.4, 16.2, -12.9,0.0, 351.0, 0.0,309.7, 7.1, 358.9
252,15,24,38,561,21.4, 16.2, -12.9,0.0, 351.0, 0.0,309.7, 7.1, 358.9
253,15,24,39,67,21.4, 16.2, -12.9,0.0, 351.0, 0.0,309.7, 7.1, 358.9
254,15,24,39,574,21.4, 16.2, -12.9,0.0, 351.1, 0.0,309.7, 7.2, 358.9
255,15,24,40,80,21.4, 16.2, -12.9,0.0, 340.3, 0.0,308.3, 356.5, 358.9
256,15,24,40,588,21.4, 16.2, -12.9,0.0, 340.3, 0.0,307.5, 356.5, 358.8
257,15,24,41,107,21.4, 16.2, -12.9,0.0, 337.8, 0.0,308.0, 354.0, 358.9
258,15,24,41,614,21.4, 16.2, -12.9,0.0, 337.9, 0.0,307.9, 354.1, 358.8
259,15,24,42,122,21.4, 16.2, -12.9,0.0, 338.0, 0.0,307.6, 354.2, 358.8
260,15,24,42,627,21.4, 16.2, -12.9,0.0, 338.0, 0.0,307.6, 354.2, 358.8
261,15,24,43,133,21.4, 16.2, -12.9,0.0, 338.0, 0.0,307.6, 354.2, 358.8
262,15,24,43,640,21.4, 16.2, -12.9,0.0, 338.0, 0.0,307.6, 354.2, 358.8
263,15,24,44,147,21.4, 16.2, -12.9,0.0, 338.0, 0.0,307.6, 354.2, 358.8
264,15,24,44,654,21.4, 16.2, -12.9,0.0, 338.0, 0.0,307.6, 354.2, 358.8
265,15,24,45,160,20.3, 16.4, -13.3,0.0, 338.0, 0.0,307.6, 354.2, 358.8
266,15,24,45,667,20.3, 16.4, -13.3,0.0, 338.1, 0.0,307.6, 354.3, 358.8
267,15,24,46,174,19.7, 16.4, -11.3,0.0, 345.3, 0.0,307.6, 1.5, 358.8
268,15,24,46,681,19.5, 16.4, -8.8,0.0, 347.1, 0.0,306.4, 3.3, 358.8
269,15,24,47,188,19.3, 17.0, -6.4,0.0, 349.9, 0.0,306.1, 6.1, 358.8
270,15,24,47,694,19.5, 17.5, -3.9,0.0, 349.9, 0.0,305.6, 6.2, 358.8
271,15,24,48,202,20.5, 18.0, -1.7,0.0, 344.9, 0.0,304.3, 1.2, 358.7
272,15,24,48,708,20.0, 18.5, 0.6,0.0, 345.3, 0.0,303.7, 1.6, 358.7
273,15,24,49,215,20.0, 18.7, 3.1,0.0, 347.9, 0.0,303.1, 4.3, 358.7
274,15,24,49,722,19.5, 18.7, 5.6,0.0, 348.1, 0.0,302.9, 4.5, 358.7
275,15,24,50,228,20.3, 18.7, 7.9,0.0, 348.1, 0.0,302.9, 4.5, 358.7
276,15,24,50,736,19.7, 18.7, 10.5,0.0, 346.1, 0.0,303.1, 2.5, 358.7
277,15,24,51,242,19.4, 18.7, 12.9,0.0, 348.3, 0.0,302.2, 4.7, 358.7
278,15,24,51,749,19.0, 18.7, 15.4,0.0, 350.0, 0.0,301.5, 6.4, 358.6
279,15,24,52,254,19.5, 18.7, 17.8,0.0, 350.0, 0.0,301.5, 6.4, 358.6
280,15,24,52,761,19.8, 18.7, 20.1,0.0, 344.6, 0.0,300.3, 1.1, 358.6
281,15,24,53,268,19.4, 18.7, 22.6,0.0, 347.1, 0.0,300.0, 3.6, 358.6
282,15,24,53,774,19.3, 18.7, 25.1,0.0, 347.1, 0.0,300.0, 3.6, 358.6
283,15,24,54,281,19.1, 18.7, 27.6,0.0, 347.1, 0.0,300.0, 3.6, 358.6
284,15,24,54,788,18.6, 18.7, 30.0,0.0, 348.6, 0.0,299.7, 5.1, 358.6
285,15,24,55,294,18.9, 18.7, 32.6,0.0, 349.4, 0.0,298.8, 6.0, 358.5
286,15,24,55,801,18.8, 18.7, 35.0,0.0, 350.3, 0.0,297.4, 6.9, 358.5
287,15,24,56,308,18.4, 18.7, 37.5,0.0, 354.5, 0.0,296.1, 11.2, 358.4
288,15,24,56,815,18.7, 18.7, 40.0,0.0, 44.5, 0.0,284.5, 62.5, 357.2
289,15,24,57,317,20.7, 18.8, 40.1,0.0, 132.7, 0.0,270.5, 230.5, 277.8
290,15,24,57,825,19.7, 18.7, 41.5,0.0, 148.7, 0.0,273.4, 68.1, 99.4
291,15,24,58,332,18.3, 18.7, 43.6,0.0, 137.8, 0.0,277.1, 58.3, 100.5
292,15,24,58,840,17.6, 18.8, 45.8,0.0, 145.4, 0.0,277.8, 66.0, 100.7
293,15,24,59,346,18.1, 18.7, 48.3,0.0, 144.9, 0.0,278.2, 65.7, 100.8
294,15,24,59,853,18.8, 18.7, 50.8,0.0, 155.0, 0.0,280.4, 76.2, 101.2
295,15,25,00,360,19.8, 18.7, 53.1,0.0, 160.2, 0.0,283.5, 81.9, 101.7
296,15,25,00,866,19.3, 18.7, 55.4,0.0, 155.7, 0.0,283.5, 78.2, 100.9
297,15,25,01,372,17.4, 18.8, 56.8,0.0, 82.9, 0.0,283.4, 23.6, 83.2
298,15,25,01,881,17.3, 18.8, 56.5,0.0, 93.0, 0.0,283.4, 18.9, 97.6
299,15,25,02,387,17.3, 18.8, 55.3,0.0, 46.8, 0.0,283.3, 337.9, 92.5
300,15,25,02,894,18.1, 18.7, 56.8,0.0, 6.9, 0.0,283.4, 310.1, 80.7
301,15,25,03,401,18.1, 18.7, 56.8,0.0, 3.0, 0.0,285.5, 288.2, 98.8
302,15,25,03,907,18.1, 18.7, 56.8,0.0, 0.8, 0.0,285.3, 297.3, 87.9
303,15,25,04,414,18.6, 18.7, 58.2,0.0, 0.9, 0.0,285.3, 298.5, 86.8
304,15,25,04,921,18.6, 18.7, 60.7,0.0, 0.9, 0.0,285.3, 298.5, 86.8
305,15,25,05,427,18.6, 18.7, 63.2,0.0, 1.3, 0.0,285.4, 300.8, 85.0
306,15,25,05,935,18.7, 18.7, 65.8,0.0, 1.5, 0.0,285.3, 296.5, 89.4
307,15,25,06,442,18.9, 18.9, 68.2,0.0, 11.5, 0.0,286.9, 293.5, 102.1
308,15,25,06,948,19.5, 18.4, 70.6,0.0, 11.2, 0.0,287.2, 293.3, 102.1
309,15,25,07,455,20.0, 18.1, 73.2,0.0, 7.1, 0.0,289.5, 289.3, 102.2
310,15,25,07,962,20.3, 17.8, 75.6,0.0, 10.3, 0.0,291.7, 292.6, 102.3
311,15,25,08,469,21.1, 17.5, 77.9,0.0, 13.0, 0.0,293.9, 295.4, 102.4
312,15,25,08,975,21.7, 17.5, 80.5,0.0, 13.1, 0.0,294.5, 295.5, 102.4
313,15,25,09,481,22.3, 17.5, 82.9,0.0, 13.7, 0.0,294.9, 296.1, 102.4
314,15,25,09,988,22.9, 17.5, 85.3,0.0, 13.9, 0.0,295.1, 296.2, 102.4
315,15,25,10,496,23.5, 17.5, 87.9,0.0, 15.1, 0.0,295.9, 297.4, 102.4
316,15,25,11,3,24.2, 17.4, 90.3,0.0, 15.5, 0.0,298.5, 297.8, 102.3
317,15,25,11,509,26.0, 17.5, 91.9,0.0, 15.3, 0.0,299.8, 297.5, 102.2
318,15,25,12,15,27.7, 17.4, 93.7,0.0, 355.3, 0.0,307.1, 276.8, 101.5
319,15,25,12,521,26.4, 17.1, 95.7,0.0, 317.4, 0.0,326.7, 234.0, 96.6
320,15,25,13,28,26.7, 16.7, 98.0,0.0, 355.6, 0.0,326.6, 281.0, 91.4
321,15,25,13,549,26.7, 16.6, 100.2,0.0, 283.6, 0.0,331.1, 198.2, 94.6
322,15,25,14,52,25.5, 16.8, 102.4,0.0, 292.0, 0.0,331.4, 209.6, 92.9
323,15,25,14,560,26.0, 17.1, 104.7,0.0, 357.3, 0.0,331.2, 281.2, 89.8
324,15,25,15,67,28.1, 17.1, 106.0,0.0, 53.8, 0.0,331.9, 350.9, 83.5
325,15,25,15,574,30.2, 17.3, 107.4,0.0, 54.0, 0.0,331.9, 351.2, 83.5
326,15,25,16,80,32.2, 17.6, 109.0,0.0, 50.5, 0.0,331.8, 346.8, 83.9
327,15,25,16,587,34.0, 17.8, 110.6,0.0, 47.0, 0.0,331.8, 342.9, 84.1
328,15,25,17,95,35.0, 17.8, 113.0,0.0, 94.7, 0.0,331.4, 23.7, 87.4
329,15,25,17,611,36.6, 17.6, 111.4,0.0, 175.6, 0.0,331.3, 94.4, 92.3
330,15,25,18,119,39.1, 17.4, 111.0,0.0, 177.7, 0.0,331.3, 98.7, 91.2
331,15,25,18,625,39.7, 17.3, 113.2,0.0, 180.2, 0.0,331.3, 99.5, 92.1
332,15,25,19,132,40.0, 17.4, 115.7,0.0, 188.3, 0.0,333.6, 101.6, 93.3
333,15,25,19,639,40.4, 17.1, 118.2,0.0, 175.5, 0.0,335.0, 88.0, 92.5
334,15,25,20,142,40.8, 17.1, 120.7,0.0, 115.8, 0.0,338.0, 26.5, 90.5
335,15,25,20,652,40.9, 17.3, 123.1,0.0, 82.7, 0.0,338.0, 355.8, 89.6
336,15,25,21,160,42.8, 17.0, 124.7,0.0, 82.1, 0.0,338.0, 355.7, 89.4
337,15,25,21,686,45.4, 16.8, 125.2,0.0, 74.9, 0.0,338.1, 350.4, 88.7
338,15,25,22,200,47.8, 16.7, 126.1,0.0, 67.6, 0.0,338.1, 342.7, 88.9
339,15,25,22,707,50.1, 16.6, 127.0,0.0, 67.8, 0.0,338.1, 344.1, 88.4
340,15,25,23,215,52.6, 16.5, 127.9,0.0, 70.9, 0.0,338.1, 345.5, 89.0
341,15,25,23,722,54.9, 16.5, 128.8,0.0, 64.9, 0.0,338.1, 339.1, 89.2
342,15,25,24,229,57.2, 16.5, 129.8,0.0, 66.1, 0.0,338.0, 339.3, 89.6
343,15,25,24,736,59.7, 16.5, 130.5,0.0, 79.9, 0.0,338.9, 349.8, 90.0
344,15,25,25,243,62.1, 16.6, 131.0,0.0, 79.8, 0.0,339.0, 349.7, 89.9
345,15,25,25,748,64.6, 16.8, 131.4,0.0, 79.8, 0.0,339.0, 349.7, 89.9
346,15,25,26,255,67.1, 16.9, 131.9,0.0, 79.0, 0.0,339.0, 348.8, 89.9
347,15,25,26,762,69.6, 17.0, 132.3,0.0, 80.6, 0.0,339.3, 350.3, 89.7
348,15,25,27,269,72.0, 17.2, 132.7,0.0, 80.0, 0.0,339.5, 349.5, 89.5
349,15,25,27,776,74.6, 17.5, 133.1,0.0, 79.9, 0.0,339.7, 349.2, 89.3
350,15,25,28,282,77.0, 17.8, 133.6,0.0, 80.0, 0.0,339.8, 349.2, 89.3
351,15,25,28,789,79.5, 17.8, 134.0,0.0, 82.2, 0.0,340.1, 351.2, 89.0
352,15,25,29,295,82.1, 17.5, 134.1,0.0, 87.8, 0.0,340.3, 357.1, 88.8
353,15,25,29,801,84.5, 17.0, 134.2,0.0, 87.9, 0.0,340.3, 357.2, 88.8
354,15,25,30,308,86.9, 16.3, 134.1,0.0, 142.9, 0.0,343.7, 48.8, 85.9
355,15,25,30,813,87.0, 16.2, 133.2,0.0, 275.3, 0.0,350.3, 171.8, 76.5
356,15,25,31,317,87.0, 16.2, 133.2,0.0, 274.9, 0.0,350.4, 171.2, 76.3
357,15,25,31,825,87.0, 16.2, 133.2,0.0, 276.6, 0.0,350.6, 172.5, 75.9
358,15,25,32,332,87.0, 16.2, 133.2,0.0, 275.2, 0.0,350.9, 171.0, 75.3
359,15,25,32,840,87.0, 16.2, 133.2,0.0, 275.2, 0.0,350.9, 171.0, 75.3
360,15,25,33,347,87.0, 16.2, 133.2,0.0, 275.2, 0.0,350.9, 171.0, 75.3
361,15,25,33,853,87.0, 16.2, 133.2,0.0, 275.2, 0.0,350.9, 171.0, 75.3
362,15,25,34,361,87.0, 16.2, 133.2,0.0, 275.2, 0.0,350.9, 171.0, 75.3
363,15,25,34,867,87.0, 16.2, 133.2,0.0, 275.2, 0.0,350.9, 171.0, 75.3
364,15,25,35,374,87.0, 16.2, 133.2,0.0, 275.2, 0.0,350.9, 171.0, 75.3
365,15,25,35,881,87.0, 16.2, 133.2,0.0, 275.2, 0.0,350.9, 171.0, 75.3
366,15,25,36,387,87.0, 16.2, 133.2,0.0, 275.2, 0.0,350.9, 171.0, 75.3
367,15,25,36,894,87.0, 16.2, 133.2,0.0, 275.2, 0.0,350.9, 171.0, 75.3
368,15,25,37,400,87.0, 16.2, 133.2,0.0, 275.2, 0.0,350.9, 171.0, 75.3
369,15,25,37,918,87.0, 16.2, 133.2,0.0, 275.2, 0.0,350.9, 171.0, 75.3
370,15,25,38,425,87.0, 16.2, 133.2,0.0, 275.2, 0.0,350.9, 171.0, 75.3
371,15,25,38,934,87.0, 16.2, 133.2,0.0, 275.2, 0.0,350.9, 171.0, 75.3
372,15,25,39,440,87.0, 16.2, 133.2,0.0, 275.2, 0.0,350.9, 171.0, 75.3
373,15,25,39,947,87.0, 16.2, 133.2,0.0, 275.2, 0.0,350.9, 171.0, 75.3
374,15,25,40,453,87.0, 16.2, 133.2,0.0, 275.2, 0.0,350.9, 171.0, 75.3
375,15,25,40,961,87.0, 16.2, 133.2,0.0, 275.2, 0.0,350.9, 171.0, 75.3
376,15,25,41,469,87.0, 16.2, 133.2,0.0, 275.2, 0.0,350.9, 171.0, 75.3
377,15,25,41,975,87.0, 16.2, 133.2,0.0, 275.2, 0.0,350.9, 171.0, 75.3
378,15,25,42,481,87.0, 16.2, 133.2,0.0, 275.2, 0.0,350.9, 171.0, 75.3
379,15,25,42,988,87.0, 16.2, 133.2,0.0, 275.2, 0.0,350.9, 171.0, 75.3
380,15,25,43,495,87.0, 16.2, 133.2,0.0, 275.2, 0.0,350.9, 171.0, 75.3
381,15,25,44,2,87.0, 16.2, 133.2,0.0, 275.2, 0.0,350.9, 171.0, 75.3
382,15,25,44,508,87.0, 16.2, 133.2,0.0, 275.2, 0.0,350.9, 171.0, 75.3
383,15,25,45,15,87.0, 16.2, 133.2,0.0, 275.2, 0.0,350.9, 171.0, 75.3
384,15,25,45,522,87.0, 16.2, 133.2,0.0, 275.2, 0.0,350.9, 171.0, 75.3
385,15,25,46,29,87.0, 16.2, 133.2,0.0, 275.2, 0.0,350.9, 171.0, 75.3
386,15,25,46,535,87.0, 16.2, 133.2,0.0, 275.2, 0.0,350.9, 171.0, 75.3
387,15,25,47,42,87.0, 16.2, 133.2,0.0, 275.2, 0.0,350.9, 171.0, 75.3
388,15,25,47,548,87.0, 16.2, 133.2,0.0, 275.2, 0.0,350.9, 171.0, 75.3
389,15,25,48,55,87.0, 16.2, 133.2,0.0, 275.2, 0.0,350.9, 171.0, 75.3
390,15,25,48,562,87.0, 16.2, 133.2,0.0, 275.2, 0.0,350.9, 171.0, 75.3
391,15,25,49,68,87.0, 16.2, 133.2,0.0, 275.2, 0.0,350.9, 171.0, 75.3
392,15,25,49,575,87.0, 16.2, 133.2,0.0, 275.2, 0.0,350.9, 171.0, 75.3
393,15,25,50,82,87.0, 16.2, 133.2,0.0, 275.2, 0.0,350.9, 171.0, 75.3
394,15,25,50,589,87.0, 16.2, 133.2,0.0, 275.2, 0.0,350.9, 171.0, 75.3
395,15,25,51,95,87.0, 16.2, 133.2,0.0, 275.2, 0.0,350.9, 171.0, 75.3
396,15,25,51,602,87.0, 16.2, 133.2,0.0, 275.2, 0.0,350.9, 171.0, 75.3
397,15,25,52,108,87.0, 16.2, 133.2,0.0, 275.2, 0.0,350.9, 171.0, 75.3
398,15,25,52,614,87.0, 16.2, 133.2,0.0, 275.2, 0.0,350.9, 171.0, 75.3
399,15,25,53,121,87.0, 16.2, 133.2,0.0, 275.2, 0.0,350.9, 171.0, 75.3
400,15,25,53,628,87.0, 16.2, 133.2,0.0, 275.2, 0.0,350.9, 171.0, 75.3
401,15,25,54,135,87.0, 16.2, 133.2,0.0, 275.2, 0.0,350.9, 171.0, 75.3
402,15,25,54,641,87.0, 16.2, 133.2,0.0, 275.2, 0.0,350.9, 171.0, 75.3
403,15,25,55,148,87.0, 16.2, 133.2,0.0, 275.2, 0.0,350.9, 171.0, 75.3
404,15,25,55,655,87.0, 16.2, 133.2,0.0, 275.2, 0.0,350.9, 171.0, 75.3
405,15,25,56,162,87.0, 16.2, 133.2,0.0, 275.2, 0.0,350.9, 171.0, 75.3
406,15,25,56,668,87.0, 16.2, 133.2,0.0, 275.2, 0.0,350.9, 171.0, 75.3
407,15,25,57,175,87.0, 16.2, 133.2,0.0, 275.2, 0.0,350.9, 171.0, 75.3
408,15,25,57,681,87.0, 16.2, 133.2,0.0, 275.2, 0.0,350.9, 171.0, 75.3
409,15,25,58,189,87.0, 16.2, 133.2,0.0, 275.2, 0.0,350.9, 171.0, 75.3
410,15,25,58,696,87.0, 16.2, 133.2,0.0, 275.2, 0.0,350.9, 171.0, 75.3
411,15,25,59,202,87.0, 16.2, 133.2,0.0, 275.2, 0.0,350.9, 171.0, 75.3
412,15,25,59,709,87.0, 16.2, 133.2,0.0, 275.2, 0.0,350.9, 171.0, 75.3
413,15,26,00,216,87.0, 16.2, 133.2,0.0, 275.2, 0.0,350.9, 171.0, 75.3
414,15,26,00,722,87.0, 16.2, 133.2,0.0, 275.2, 0.0,350.9, 171.0, 75.3
415,15,26,01,229,87.0, 16.2, 133.2,0.0, 275.2, 0.0,350.9, 171.0, 75.3
416,15,26,01,735,87.0, 16.2, 133.2,0.0, 275.2, 0.0,350.9, 171.0, 75.3
417,15,26,02,242,87.0, 16.2, 133.2,0.0, 275.2, 0.0,350.9, 171.0, 75.3
418,15,26,02,749,87.0, 16.2, 133.2,0.0, 275.2, 0.0,350.9, 171.0, 75.3
419,15,26,03,255,87.0, 16.2, 133.2,0.0, 275.2, 0.0,350.9, 171.0, 75.3
420,15,26,03,762,87.0, 16.2, 133.2,0.0, 275.2, 0.0,350.9, 171.0, 75.3
421,15,26,04,269,87.0, 16.2, 133.2,0.0, 275.2, 0.0,350.9, 171.0, 75.3
422,15,26,04,775,87.0, 16.2, 133.2,0.0, 275.2, 0.0,350.9, 171.0, 75.3
423,15,26,05,282,87.0, 16.2, 133.2,0.0, 275.2, 0.0,350.9, 171.0, 75.3
424,15,26,05,789,87.0, 16.2, 133.2,0.0, 275.2, 0.0,350.9, 171.0, 75.3
425,15,26,06,296,87.0, 16.2, 133.2,0.0, 275.2, 0.0,350.9, 171.0, 75.3
426,15,26,06,802,87.0, 16.2, 133.2,0.0, 275.2, 0.0,350.9, 171.0, 75.3
427,15,26,07,309,87.0, 16.2, 133.2,0.0, 275.2, 0.0,350.9, 171.0, 75.3
428,15,26,07,815,87.0, 16.2, 133.2,0.0, 275.2, 0.0,350.9, 171.0, 75.3
429,15,26,08,322,87.0, 16.2, 133.2,0.0, 275.2, 0.0,350.9, 171.0, 75.3
430,15,26,08,829,87.0, 16.2, 133.2,0.0, 275.2, 0.0,350.9, 171.0, 75.3
431,15,26,09,335,87.0, 16.2, 133.2,0.0, 275.2, 0.0,350.9, 171.0, 75.3
432,15,26,09,842,87.0, 16.2, 133.2,0.0, 275.2, 0.0,350.9, 171.0, 75.3
433,15,26,10,349,87.0, 16.2, 133.2,0.0, 275.2, 0.0,350.9, 171.0, 75.3
434,15,26,10,855,87.0, 16.2, 133.2,0.0, 275.2, 0.0,350.9, 171.0, 75.3
435,15,26,11,362,87.0, 16.2, 133.2,0.0, 275.2, 0.0,350.9, 171.0, 75.3
436,15,26,11,868,87.0, 16.2, 133.2,0.0, 275.2, 0.0,350.9, 171.0, 75.3
437,15,26,12,375,87.0, 16.2, 133.2,0.0, 275.2, 0.0,350.9, 171.0, 75.3
438,15,26,12,882,87.0, 16.2, 133.2,0.0, 275.2, 0.0,350.9, 171.0, 75.3
439,15,26,13,389,87.0, 16.2, 133.2,0.0, 275.2, 0.0,350.9, 171.0, 75.3
440,15,26,13,893,87.0, 16.2, 133.2,0.0, 275.2, 0.0,350.9, 171.0, 75.3
441,15,26,14,401,87.0, 16.2, 133.2,0.0, 275.2, 0.0,350.9, 171.0, 75.3
442,15,26,14,907,87.0, 16.2, 133.2,0.0, 275.2, 0.0,350.9, 171.0, 75.3
443,15,26,15,414,87.0, 16.2, 133.2,0.0, 275.2, 0.0,350.9, 171.0, 75.3
444,15,26,15,921,87.0, 16.2, 133.2,0.0, 275.2, 0.0,350.9, 171.0, 75.3
445,15,26,16,428,87.0, 16.2, 133.2,0.0, 275.2, 0.0,350.9, 171.0, 75.3
446,15,26,16,935,87.0, 16.2, 133.2,0.0, 275.2, 0.0,350.9, 171.0, 75.3
447,15,26,17,443,87.0, 16.2, 133.2,0.0, 275.2, 0.0,350.9, 171.0, 75.3
448,15,26,17,950,87.0, 16.2, 133.2,0.0, 275.2, 0.0,350.9, 171.0, 75.3
449,15,26,18,456,87.0, 16.2, 133.2,0.0, 275.2, 0.0,350.9, 171.0, 75.3
450,15,26,18,962,87.0, 16.2, 133.2,0.0, 275.2, 0.0,350.9, 171.0, 75.3
451,15,26,19,469,87.0, 16.2, 133.2,0.0, 275.2, 0.0,350.9, 171.0, 75.3
452,15,26,19,975,87.0, 16.2, 133.2,0.0, 275.2, 0.0,350.9, 171.0, 75.3
453,15,26,20,482,87.0, 16.2, 133.2,0.0, 275.2, 0.0,350.9, 171.0, 75.3
454,15,26,20,989,87.0, 16.2, 133.2,0.0, 275.2, 0.0,350.9, 171.0, 75.3
455,15,26,21,495,87.0, 16.2, 133.2,0.0, 275.2, 0.0,350.9, 171.0, 75.3
456,15,26,22,1,87.0, 16.2, 133.2,0.0, 275.2, 0.0,350.9, 171.0, 75.3
457,15,26,22,508,87.0, 16.2, 133.2,0.0, 275.2, 0.0,350.9, 171.0, 75.3
458,15,26,23,13,-102.0, 16.8, -89.0,0.0, 275.2, 0.0,350.9, 171.0, 75.3
459,15,26,23,522,-102.0, 16.8, -89.0,0.0, 275.2, 0.0,350.9, 171.0, 75.3
460,15,26,24,29,-102.0, 16.8, -89.0,0.0, 275.2, 0.0,350.9, 171.0, 75.3
461,15,26,24,536,-102.0, 16.8, -89.0,0.0, 291.3, 0.0,351.2, 165.8, 54.5
462,15,26,25,43,-102.0, 16.8, -89.0,0.0, 289.0, 0.0,349.4, 159.9, 50.9
463,15,26,25,549,-102.0, 16.8, -89.0,0.0, 209.9, 0.0,19.1, 117.5, 53.8
464,15,26,26,56,-102.0, 16.8, -89.0,0.0, 203.0, 0.0,22.0, 115.0, 55.4
465,15,26,26,562,-102.0, 16.8, -89.0,0.0, 205.7, 0.0,24.2, 121.2, 56.7
466,15,26,27,69,-102.0, 16.8, -89.0,0.0, 205.7, 0.0,24.2, 121.2, 56.7
467,15,26,27,575,-102.0, 16.8, -89.0,0.0, 205.7, 0.0,24.2, 121.2, 56.7
468,15,26,28,82,-102.0, 16.8, -89.0,0.0, 205.7, 0.0,24.2, 121.2, 56.7
469,15,26,28,589,-102.0, 16.8, -89.0,0.0, 205.7, 0.0,24.2, 121.2, 56.7
470,15,26,29,96,-102.0, 16.8, -89.0,0.0, 205.7, 0.0,24.2, 121.2, 56.7
471,15,26,29,603,-102.0, 16.8, -89.0,0.0, 205.7, 0.0,24.2, 121.2, 56.7
472,15,26,30,109,-102.0, 16.8, -89.0,0.0, 205.7, 0.0,24.2, 121.2, 56.7
473,15,26,30,615,-102.0, 16.8, -89.0,0.0, 205.7, 0.0,24.2, 121.2, 56.7
474,15,26,31,122,-102.0, 16.8, -89.0,0.0, 205.7, 0.0,24.2, 121.2, 56.7
475,15,26,31,629,-102.0, 16.8, -89.0,0.0, 205.7, 0.0,24.2, 121.2, 56.7
476,15,26,32,136,-102.0, 16.8, -89.0,0.0, 205.7, 0.0,24.2, 121.2, 56.7
477,15,26,32,642,-102.0, 16.8, -89.0,0.0, 205.7, 0.0,24.2, 121.2, 56.7
478,15,26,33,150,-102.0, 16.8, -89.0,0.0, 205.7, 0.0,24.2, 121.2, 56.7
479,15,26,33,656,-102.0, 16.8, -89.0,0.0, 205.7, 0.0,24.2, 121.2, 56.7
480,15,26,34,163,-102.0, 16.8, -89.0,0.0, 205.7, 0.0,24.2, 121.2, 56.7
481,15,26,34,670,-102.0, 16.8, -89.0,0.0, 205.7, 0.0,24.2, 121.2, 56.7
482,15,26,35,176,-102.0, 16.8, -89.0,0.0, 205.7, 0.0,24.2, 121.2, 56.7
483,15,26,35,684,-102.0, 16.8, -89.0,0.0, 205.7, 0.0,24.2, 121.2, 56.7
484,15,26,36,190,-102.0, 16.8, -89.0,0.0, 205.7, 0.0,24.2, 121.2, 56.7
485,15,26,36,696,-102.0, 16.8, -89.0,0.0, 205.7, 0.0,24.2, 121.2, 56.7
486,15,26,37,203,-102.0, 16.8, -89.0,0.0, 205.7, 0.0,24.2, 121.2, 56.7
487,15,26,37,710,-102.0, 16.8, -89.0,0.0, 205.7, 0.0,24.2, 121.2, 56.7
488,15,26,38,216,-102.0, 16.8, -89.0,0.0, 205.7, 0.0,24.2, 121.2, 56.7
489,15,26,38,723,-102.0, 16.8, -89.0,0.0, 205.7, 0.0,24.2, 121.2, 56.7
490,15,26,39,230,-102.0, 16.8, -89.0,0.0, 205.7, 0.0,24.2, 121.2, 56.7
491,15,26,39,736,-102.0, 16.8, -89.0,0.0, 205.7, 0.0,24.2, 121.2, 56.7
492,15,26,40,243,-102.0, 16.8, -89.0,0.0, 205.7, 0.0,24.2, 121.2, 56.7
493,15,26,40,750,-102.0, 16.8, -89.0,0.0, 205.7, 0.0,24.2, 121.2, 56.7
494,15,26,41,256,-102.0, 16.8, -89.0,0.0, 205.7, 0.0,24.2, 121.2, 56.7
495,15,26,41,764,-102.0, 16.8, -89.0,0.0, 205.7, 0.0,24.2, 121.2, 56.7
496,15,26,42,270,-102.0, 16.8, -89.0,0.0, 205.7, 0.0,24.2, 121.2, 56.7
497,15,26,42,776,-102.0, 16.8, -89.0,0.0, 205.7, 0.0,24.2, 121.2, 56.7
498,15,26,43,283,-102.0, 16.8, -89.0,0.0, 205.7, 0.0,24.2, 121.2, 56.7
499,15,26,43,790,-102.0, 16.8, -89.0,0.0, 205.7, 0.0,24.2, 121.2, 56.7
500,15,26,44,296,-102.0, 16.8, -89.0,0.0, 205.7, 0.0,24.2, 121.2, 56.7
501,15,26,44,803,-102.0, 16.8, -89.0,0.0, 205.7, 0.0,24.2, 121.2, 56.7
502,15,26,45,310,-102.0, 16.8, -89.0,0.0, 205.7, 0.0,24.2, 121.2, 56.7
503,15,26,45,817,-102.0, 16.8, -89.0,0.0, 205.7, 0.0,24.2, 121.2, 56.7
504,15,26,46,324,-102.0, 16.8, -89.0,0.0, 205.7, 0.0,24.2, 121.2, 56.7
505,15,26,46,830,-102.0, 16.8, -89.0,0.0, 205.7, 0.0,24.2, 121.2, 56.7
506,15,26,47,337,-102.0, 16.8, -89.0,0.0, 205.7, 0.0,24.2, 121.2, 56.7
507,15,26,47,843,-102.0, 16.8, -89.0,0.0, 205.7, 0.0,24.2, 121.2, 56.7
508,15,26,48,350,-102.0, 16.8, -89.0,0.0, 205.7, 0.0,24.2, 121.2, 56.7
509,15,26,48,856,-102.0, 16.8, -89.0,0.0, 205.7, 0.0,24.2, 121.2, 56.7
510,15,26,49,363,-102.0, 16.8, -89.0,0.0, 205.7, 0.0,24.2, 121.2, 56.7
511,15,26,49,869,-102.0, 16.8, -89.0,0.0, 205.7, 0.0,24.2, 121.2, 56.7
512,15,26,50,376,-102.0, 16.8, -89.0,0.0, 205.7, 0.0,24.2, 121.2, 56.7
513,15,26,50,883,-102.0, 16.8, -89.0,0.0, 205.7, 0.0,24.2, 121.2, 56.7
514,15,26,51,390,-102.0, 16.8, -89.0,0.0, 205.7, 0.0,24.2, 121.2, 56.7
515,15,26,51,897,-102.0, 16.8, -89.0,0.0, 205.7, 0.0,24.2, 121.2, 56.7
516,15,26,52,404,-102.0, 16.8, -89.0,0.0, 205.7, 0.0,24.2, 121.2, 56.7
517,15,26,52,910,-102.0, 16.8, -89.0,0.0, 205.7, 0.0,24.2, 121.2, 56.7
518,15,26,53,417,-102.0, 16.8, -89.0,0.0, 205.7, 0.0,24.2, 121.2, 56.7
519,15,26,53,924,-102.0, 16.8, -89.0,0.0, 205.7, 0.0,24.2, 121.2, 56.7
520,15,26,54,431,-102.0, 16.8, -89.0,0.0, 205.7, 0.0,24.2, 121.2, 56.7
521,15,26,54,937,-102.0, 16.8, -89.0,0.0, 205.7, 0.0,24.2, 121.2, 56.7
522,15,26,55,466,-102.0, 16.8, -89.0,0.0, 205.7, 0.0,24.2, 121.2, 56.7
523,15,26,55,967,-102.0, 16.8, -89.0,0.0, 205.7, 0.0,24.2, 121.2, 56.7
524,15,26,56,479,-102.0, 16.8, -89.0,0.0, 205.7, 0.0,24.2, 121.2, 56.7
525,15,26,56,986,-102.0, 16.8, -89.0,0.0, 205.7, 0.0,24.2, 121.2, 56.7
526,15,26,57,493,-102.0, 16.8, -89.0,0.0, 205.7, 0.0,24.2, 121.2, 56.7
527,15,26,58,1,-102.0, 16.8, -89.0,0.0, 205.7, 0.0,24.2, 121.2, 56.7
528,15,26,58,508,-102.0, 16.8, -89.0,0.0, 205.7, 0.0,24.2, 121.2, 56.7
529,15,26,59,15,-102.0, 16.8, -89.0,0.0, 205.7, 0.0,24.2, 121.2, 56.7
530,15,26,59,523,-102.0, 16.8, -89.0,0.0, 205.7, 0.0,24.2, 121.2, 56.7
531,15,27,00,29,-102.0, 16.8, -89.0,0.0, 205.7, 0.0,24.2, 121.2, 56.7
532,15,27,00,536,-102.0, 16.8, -89.0,0.0, 205.7, 0.0,24.2, 121.2, 56.7
533,15,27,01,43,-102.0, 16.8, -89.0,0.0, 205.7, 0.0,24.2, 121.2, 56.7
534,15,27,01,550,-102.0, 16.8, -89.0,0.0, 205.7, 0.0,24.2, 121.2, 56.7
535,15,27,02,56,-102.0, 16.8, -89.0,0.0, 205.7, 0.0,24.2, 121.2, 56.7
536,15,27,02,563,-102.0, 16.8, -89.0,0.0, 205.7, 0.0,24.2, 121.2, 56.7
537,15,27,03,70,-102.0, 16.8, -89.0,0.0, 205.7, 0.0,24.2, 121.2, 56.7
538,15,27,03,576,-102.0, 16.8, -89.0,0.0, 205.7, 0.0,24.2, 121.2, 56.7
539,15,27,04,83,-102.0, 16.8, -89.0,0.0, 205.7, 0.0,24.2, 121.2, 56.7
540,15,27,04,590,-102.0, 16.8, -89.0,0.0, 205.7, 0.0,24.2, 121.2, 56.7
541,15,27,05,96,-102.0, 16.8, -89.0,0.0, 205.7, 0.0,24.2, 121.2, 56.7
542,15,27,05,603,-102.0, 16.8, -89.0,0.0, 205.7, 0.0,24.2, 121.2, 56.7
543,15,27,06,110,-102.0, 16.8, -89.0,0.0, 205.7, 0.0,24.2, 121.2, 56.7
544,15,27,06,617,-102.0, 16.8, -89.0,0.0, 205.7, 0.0,24.2, 121.2, 56.7
545,15,27,07,123,-102.0, 16.8, -89.0,0.0, 205.7, 0.0,24.2, 121.2, 56.7
546,15,27,07,630,-102.0, 16.8, -89.0,0.0, 205.7, 0.0,24.2, 121.2, 56.7
547,15,27,08,137,-102.0, 16.8, -89.0,0.0, 205.7, 0.0,24.2, 121.2, 56.7
548,15,27,08,644,-102.0, 16.8, -89.0,0.0, 205.7, 0.0,24.2, 121.2, 56.7
549,15,27,09,151,-102.0, 16.8, -89.0,0.0, 205.7, 0.0,24.2, 121.2, 56.7
550,15,27,09,657,-102.0, 16.8, -89.0,0.0, 205.7, 0.0,24.2, 121.2, 56.7
551,15,27,10,164,-102.0, 16.8, -89.0,0.0, 205.7, 0.0,24.2, 121.2, 56.7
552,15,27,10,670,-102.0, 16.8, -89.0,0.0, 205.7, 0.0,24.2, 121.2, 56.7
553,15,27,11,177,-102.0, 16.8, -89.0,0.0, 205.7, 0.0,24.2, 121.2, 56.7
554,15,27,11,684,-102.0, 16.8, -89.0,0.0, 205.7, 0.0,24.2, 121.2, 56.7
555,15,27,12,190,-102.0, 16.8, -89.0,0.0, 205.7, 0.0,24.2, 121.2, 56.7
556,15,27,12,697,-102.0, 16.8, -89.0,0.0, 205.7, 0.0,24.2, 121.2, 56.7
557,15,27,13,204,-102.0, 16.8, -89.0,0.0, 205.7, 0.0,24.2, 121.2, 56.7
558,15,27,13,710,-102.0, 16.8, -89.0,0.0, 205.7, 0.0,24.2, 121.2, 56.7
559,15,27,14,217,-102.0, 16.8, -89.0,0.0, 205.7, 0.0,24.2, 121.2, 56.7
560,15,27,14,724,-102.0, 16.8, -89.0,0.0, 205.7, 0.0,24.2, 121.2, 56.7
561,15,27,15,231,-102.0, 16.8, -89.0,0.0, 205.7, 0.0,24.2, 121.2, 56.7
562,15,27,15,737,-102.0, 16.8, -89.0,0.0, 205.7, 0.0,24.2, 121.2, 56.7
563,15,27,16,244,-102.0, 16.8, -89.0,0.0, 205.7, 0.0,24.2, 121.2, 56.7
564,15,27,16,750,-102.0, 16.8, -89.0,0.0, 205.7, 0.0,24.2, 121.2, 56.7
565,15,27,17,257,-102.0, 16.8, -89.0,0.0, 205.7, 0.0,24.2, 121.2, 56.7
566,15,27,17,764,-102.0, 16.8, -89.0,0.0, 205.7, 0.0,24.2, 121.2, 56.7
567,15,27,18,271,-102.0, 16.8, -89.0,0.0, 205.7, 0.0,24.2, 121.2, 56.7
568,15,27,18,777,-102.0, 16.8, -89.0,0.0, 205.7, 0.0,24.2, 121.2, 56.7
569,15,27,19,284,-102.0, 16.8, -89.0,0.0, 205.7, 0.0,24.2, 121.2, 56.7
570,15,27,19,790,-102.0, 16.8, -89.0,0.0, 205.7, 0.0,24.2, 121.2, 56.7
571,15,27,20,297,-102.0, 16.8, -89.0,0.0, 205.7, 0.0,24.2, 121.2, 56.7
572,15,27,20,803,-102.0, 16.8, -89.0,0.0, 205.7, 0.0,24.2, 121.2, 56.7
573,15,27,21,310,-102.0, 16.8, -89.0,0.0, 205.7, 0.0,24.2, 121.2, 56.7
574,15,27,21,817,-102.0, 16.8, -89.0,0.0, 205.7, 0.0,24.2, 121.2, 56.7
575,15,27,22,320,-102.0, 16.8, -89.0,0.0, 205.7, 0.0,24.2, 121.2, 56.7
576,15,27,22,828,-102.0, 16.8, -89.0,0.0, 205.7, 0.0,24.2, 121.2, 56.7
577,15,27,23,335,-102.0, 16.8, -89.0,0.0, 205.7, 0.0,24.2, 121.2, 56.7
578,15,27,23,842,-102.0, 16.8, -89.0,0.0, 205.7, 0.0,24.2, 121.2, 56.7
579,15,27,24,349,-102.0, 16.8, -89.0,0.0, 205.7, 0.0,24.2, 121.2, 56.7
580,15,27,24,856,-102.0, 16.8, -89.0,0.0, 205.7, 0.0,24.2, 121.2, 56.7
581,15,27,25,363,-102.0, 16.8, -89.0,0.0, 205.7, 0.0,24.2, 121.2, 56.7
582,15,27,25,871,-102.0, 16.8, -89.0,0.0, 205.7, 0.0,24.2, 121.2, 56.7
583,15,27,26,377,-102.0, 16.8, -89.0,0.0, 205.7, 0.0,24.2, 121.2, 56.7
584,15,27,26,884,-102.0, 16.8, -89.0,0.0, 205.7, 0.0,24.2, 121.2, 56.7
585,15,27,27,391,-102.0, 16.8, -89.0,0.0, 205.7, 0.0,24.2, 121.2, 56.7
586,15,27,27,897,-102.0, 16.8, -89.0,0.0, 205.7, 0.0,24.2, 121.2, 56.7
587,15,27,28,404,-102.0, 16.8, -89.0,0.0, 205.7, 0.0,24.2, 121.2, 56.7
588,15,27,28,911,-102.0, 16.8, -89.0,0.0, 205.7, 0.0,24.2, 121.2, 56.7
589,15,27,29,418,-102.0, 16.8, -89.0,0.0, 205.7, 0.0,24.2, 121.2, 56.7
590,15,27,29,924,-102.0, 16.8, -89.0,0.0, 205.7, 0.0,24.2, 121.2, 56.7
591,15,27,30,431,-102.0, 16.8, -89.0,0.0, 205.7, 0.0,24.2, 121.2, 56.7
592,15,27,30,937,-102.0, 16.8, -89.0,0.0, 205.7, 0.0,24.2, 121.2, 56.7
593,15,27,31,444,-102.0, 16.8, -89.0,0.0, 205.7, 0.0,24.2, 121.2, 56.7
594,15,27,31,951,-102.0, 16.8, -89.0,0.0, 205.7, 0.0,24.2, 121.2, 56.7
595,15,27,32,457,-102.0, 16.8, -89.0,0.0, 205.7, 0.0,24.2, 121.2, 56.7
596,15,27,32,964,-102.0, 16.8, -89.0,0.0, 205.7, 0.0,24.2, 121.2, 56.7
597,15,27,33,471,-102.0, 16.8, -89.0,0.0, 205.7, 0.0,24.2, 121.2, 56.7
598,15,27,33,977,-102.0, 16.8, -89.0,0.0, 205.7, 0.0,24.2, 121.2, 56.7
599,15,27,34,483,-102.0, 16.8, -89.0,0.0, 205.7, 0.0,24.2, 121.2, 56.7
600,15,27,34,990,-102.0, 16.8, -89.0,0.0, 205.7, 0.0,24.2, 121.2, 56.7
601,15,27,35,497,-102.0, 16.8, -89.0,0.0, 205.7, 0.0,24.2, 121.2, 56.7
602,15,27,36,4,-102.0, 16.8, -89.0,0.0, 205.7, 0.0,24.2, 121.2, 56.7
603,15,27,36,510,-102.0, 16.8, -89.0,0.0, 205.7, 0.0,24.2, 121.2, 56.7
604,15,27,37,17,-102.0, 16.8, -89.0,0.0, 205.7, 0.0,24.2, 121.2, 56.7
605,15,27,37,524,-102.0, 16.8, -89.0,0.0, 205.7, 0.0,24.2, 121.2, 56.7
606,15,27,38,30,-102.0, 16.8, -89.0,0.0, 205.7, 0.0,24.2, 121.2, 56.7
607,15,27,38,537,-102.0, 16.8, -89.0,0.0, 205.7, 0.0,24.2, 121.2, 56.7
608,15,27,39,43,-102.0, 16.8, -89.0,0.0, 205.7, 0.0,24.2, 121.2, 56.7
609,15,27,39,550,-102.0, 16.8, -89.0,0.0, 205.7, 0.0,24.2, 121.2, 56.7
610,15,27,40,57,-102.0, 16.8, -89.0,0.0, 205.7, 0.0,24.2, 121.2, 56.7
611,15,27,40,563,-102.0, 16.8, -89.0,0.0, 205.7, 0.0,24.2, 121.2, 56.7
612,15,27,41,70,-102.0, 16.8, -89.0,0.0, 205.7, 0.0,24.2, 121.2, 56.7
613,15,27,41,577,-102.0, 16.8, -89.0,0.0, 205.7, 0.0,24.2, 121.2, 56.7
614,15,27,42,84,-102.0, 16.8, -89.0,0.0, 205.7, 0.0,24.2, 121.2, 56.7
615,15,27,42,590,-102.0, 16.8, -89.0,0.0, 205.7, 0.0,24.2, 121.2, 56.7
616,15,27,43,98,-102.0, 16.8, -89.0,0.0, 205.7, 0.0,24.2, 121.2, 56.7
617,15,27,43,604,-102.0, 16.8, -89.0,0.0, 205.7, 0.0,24.2, 121.2, 56.7
618,15,27,44,111,-102.0, 16.8, -89.0,0.0, 205.7, 0.0,24.2, 121.2, 56.7
619,15,27,44,617,-102.0, 16.8, -89.0,0.0, 205.7, 0.0,24.2, 121.2, 56.7
620,15,27,45,124,-102.0, 16.8, -89.0,0.0, 205.7, 0.0,24.2, 121.2, 56.7
621,15,27,45,631,-102.0, 16.8, -89.0,0.0, 205.7, 0.0,24.2, 121.2, 56.7
622,15,27,46,138,-102.0, 16.8, -89.0,0.0, 205.7, 0.0,24.2, 121.2, 56.7
623,15,27,46,644,-102.0, 16.8, -89.0,0.0, 205.7, 0.0,24.2, 121.2, 56.7
624,15,27,47,151,-102.0, 16.8, -89.0,0.0, 205.7, 0.0,24.2, 121.2, 56.7
625,15,27,47,658,-102.0, 16.8, -89.0,0.0, 205.7, 0.0,24.2, 121.2, 56.7
626,15,27,48,164,-102.0, 16.8, -89.0,0.0, 205.7, 0.0,24.2, 121.2, 56.7
627,15,27,48,671,-102.0, 16.8, -89.0,0.0, 205.7, 0.0,24.2, 121.2, 56.7
628,15,27,49,177,-102.0, 16.8, -89.0,0.0, 205.7, 0.0,24.2, 121.2, 56.7
629,15,27,49,684,-102.0, 16.8, -89.0,0.0, 205.7, 0.0,24.2, 121.2, 56.7
630,15,27,50,191,-102.0, 16.8, -89.0,0.0, 205.7, 0.0,24.2, 121.2, 56.7
631,15,27,50,697,-102.0, 16.8, -89.0,0.0, 205.7, 0.0,24.2, 121.2, 56.7
632,15,27,51,204,-102.0, 16.8, -89.0,0.0, 205.7, 0.0,24.2, 121.2, 56.7
633,15,27,51,711,-102.0, 16.8, -89.0,0.0, 205.7, 0.0,24.2, 121.2, 56.7
634,15,27,52,217,-102.0, 16.8, -89.0,0.0, 205.7, 0.0,24.2, 121.2, 56.7
635,15,27,52,724,-102.0, 16.8, -89.0,0.0, 205.7, 0.0,24.2, 121.2, 56.7
636,15,27,53,231,-102.0, 16.8, -89.0,0.0, 205.7, 0.0,24.2, 121.2, 56.7
637,15,27,53,737,-102.0, 16.8, -89.0,0.0, 205.7, 0.0,24.2, 121.2, 56.7
638,15,27,54,244,-102.0, 16.8, -89.0,0.0, 205.7, 0.0,24.2, 121.2, 56.7
639,15,27,54,751,-102.0, 16.8, -89.0,0.0, 205.7, 0.0,24.2, 121.2, 56.7
640,15,27,55,257,-102.0, 16.8, -89.0,0.0, 205.7, 0.0,24.2, 121.2, 56.7
641,15,27,55,764,-102.0, 16.8, -89.0,0.0, 205.7, 0.0,24.2, 121.2, 56.7
642,15,27,56,271,-102.0, 16.8, -89.0,0.0, 205.7, 0.0,24.2, 121.2, 56.7
643,15,27,56,777,-102.0, 16.8, -89.0,0.0, 205.7, 0.0,24.2, 121.2, 56.7
644,15,27,57,284,-102.0, 16.8, -89.0,0.0, 205.7, 0.0,24.2, 121.2, 56.7
645,15,27,57,790,-102.0, 16.8, -89.0,0.0, 205.7, 0.0,24.2, 121.2, 56.7
646,15,27,58,297,-102.0, 16.8, -89.0,0.0, 205.7, 0.0,24.2, 121.2, 56.7
647,15,27,58,804,-102.0, 16.8, -89.0,0.0, 205.7, 0.0,24.2, 121.2, 56.7
648,15,27,59,310,-102.0, 16.8, -89.0,0.0, 205.7, 0.0,24.2, 121.2, 56.7
649,15,27,59,817,-102.0, 16.8, -89.0,0.0, 205.7, 0.0,24.2, 121.2, 56.7
650,15,28,00,323,-102.0, 16.8, -89.0,0.0, 205.7, 0.0,24.2, 121.2, 56.7
651,15,28,00,832,-102.0, 16.8, -89.0,0.0, 205.7, 0.0,24.2, 121.2, 56.7
652,15,28,01,338,-102.0, 16.8, -89.0,0.0, 205.7, 0.0,24.2, 121.2, 56.7
653,15,28,01,845,-102.0, 16.8, -89.0,0.0, 205.7, 0.0,24.2, 121.2, 56.7
654,15,28,02,351,-102.0, 16.8, -89.0,0.0, 205.7, 0.0,24.2, 121.2, 56.7
655,15,28,02,858,-102.0, 16.8, -89.0,0.0, 205.7, 0.0,24.2, 121.2, 56.7
656,15,28,03,364,-102.0, 16.8, -89.0,0.0, 205.7, 0.0,24.2, 121.2, 56.7
657,15,28,03,871,-102.0, 16.8, -89.0,0.0, 205.7, 0.0,24.2, 121.2, 56.7
658,15,28,04,378,-102.0, 16.8, -89.0,0.0, 205.7, 0.0,24.2, 121.2, 56.7
659,15,28,04,884,-102.0, 16.8, -89.0,0.0, 205.7, 0.0,24.2, 121.2, 56.7
660,15,28,05,391,-102.0, 16.8, -89.0,0.0, 205.7, 0.0,24.2, 121.2, 56.7
661,15,28,05,898,-102.0, 16.8, -89.0,0.0, 205.7, 0.0,24.2, 121.2, 56.7
662,15,28,06,404,-102.0, 16.8, -89.0,0.0, 205.7, 0.0,24.2, 121.2, 56.7
663,15,28,06,911,-102.0, 16.8, -89.0,0.0, 205.7, 0.0,24.2, 121.2, 56.7
664,15,28,07,418,-102.0, 16.8, -89.0,0.0, 205.7, 0.0,24.2, 121.2, 56.7
665,15,28,07,924,-102.0, 16.8, -89.0,0.0, 205.7, 0.0,24.2, 121.2, 56.7
666,15,28,08,431,-102.0, 16.8, -89.0,0.0, 205.7, 0.0,24.2, 121.2, 56.7
667,15,28,08,938,-102.0, 16.8, -89.0,0.0, 205.7, 0.0,24.2, 121.2, 56.7
668,15,28,09,444,-102.0, 16.8, -89.0,0.0, 205.7, 0.0,24.2, 121.2, 56.7
669,15,28,09,951,-102.0, 16.8, -89.0,0.0, 205.7, 0.0,24.2, 121.2, 56.7
670,15,28,10,458,-102.0, 16.8, -89.0,0.0, 205.7, 0.0,24.2, 121.2, 56.7
671,15,28,10,964,-102.0, 16.8, -89.0,0.0, 205.7, 0.0,24.2, 121.2, 56.7
672,15,28,11,471,-102.0, 16.8, -89.0,0.0, 205.7, 0.0,24.2, 121.2, 56.7
673,15,28,11,978,-102.0, 16.8, -89.0,0.0, 205.7, 0.0,24.2, 121.2, 56.7
674,15,28,12,484,-102.0, 16.8, -89.0,0.0, 205.7, 0.0,24.2, 121.2, 56.7
675,15,28,12,991,-102.0, 16.8, -89.0,0.0, 205.7, 0.0,24.2, 121.2, 56.7
676,15,28,13,498,-102.0, 16.8, -89.0,0.0, 205.7, 0.0,24.2, 121.2, 56.7
677,15,28,14,4,-102.0, 16.8, -89.0,0.0, 205.7, 0.0,24.2, 121.2, 56.7
678,15,28,14,511,-102.0, 16.8, -89.0,0.0, 205.7, 0.0,24.2, 121.2, 56.7
679,15,28,15,18,-102.0, 16.8, -89.0,0.0, 205.7, 0.0,24.2, 121.2, 56.7
680,15,28,15,524,-102.0, 16.8, -89.0,0.0, 205.7, 0.0,24.2, 121.2, 56.7
681,15,28,16,31,-102.0, 16.8, -89.0,0.0, 205.7, 0.0,24.2, 121.2, 56.7
682,15,28,16,538,-102.0, 16.8, -89.0,0.0, 205.7, 0.0,24.2, 121.2, 56.7
683,15,28,17,44,-102.0, 16.8, -89.0,0.0, 205.7, 0.0,24.2, 121.2, 56.7
684,15,28,17,551,-102.0, 16.8, -89.0,0.0, 205.7, 0.0,24.2, 121.2, 56.7
685,15,28,18,59,-102.0, 16.8, -89.0,0.0, 205.7, 0.0,24.2, 121.2, 56.7
686,15,28,18,565,-102.0, 16.8, -89.0,0.0, 205.7, 0.0,24.2, 121.2, 56.7
687,15,28,19,72,-102.0, 16.8, -89.0,0.0, 205.7, 0.0,24.2, 121.2, 56.7
688,15,28,19,579,-102.0, 16.8, -89.0,0.0, 205.7, 0.0,24.2, 121.2, 56.7
689,15,28,20,85,-102.0, 16.8, -89.0,0.0, 205.7, 0.0,24.2, 121.2, 56.7
690,15,28,20,592,-102.0, 16.8, -89.0,0.0, 205.7, 0.0,24.2, 121.2, 56.7
691,15,28,21,98,-102.0, 16.8, -89.0,0.0, 205.7, 0.0,24.2, 121.2, 56.7
692,15,28,21,605,-102.0, 16.8, -89.0,0.0, 205.7, 0.0,24.2, 121.2, 56.7
693,15,28,22,110,-102.0, 16.8, -89.0,0.0, 205.7, 0.0,24.2, 121.2, 56.7
694,15,28,22,617,-102.0, 16.8, -89.0,0.0, 205.7, 0.0,24.2, 121.2, 56.7
695,15,28,23,124,-102.0, 16.8, -89.0,0.0, 205.7, 0.0,24.2, 121.2, 56.7
696,15,28,23,631,-102.0, 16.8, -89.0,0.0, 205.7, 0.0,24.2, 121.2, 56.7
697,15,28,24,138,-102.0, 16.8, -89.0,0.0, 205.7, 0.0,24.2, 121.2, 56.7
698,15,28,24,644,-102.0, 16.8, -89.0,0.0, 205.7, 0.0,24.2, 121.2, 56.7
699,15,28,25,151,-102.0, 16.8, -89.0,0.0, 205.7, 0.0,24.2, 121.2, 56.7
700,15,28,25,658,-102.0, 16.8, -89.0,0.0, 205.7, 0.0,24.2, 121.2, 56.7
701,15,28,26,165,-102.0, 16.8, -89.0,0.0, 205.7, 0.0,24.2, 121.2, 56.7
702,15,28,26,671,-102.0, 16.8, -89.0,0.0, 205.7, 0.0,24.2, 121.2, 56.7
703,15,28,27,178,-102.0, 16.8, -89.0,0.0, 205.7, 0.0,24.2, 121.2, 56.7
704,15,28,27,685,-102.0, 16.8, -89.0,0.0, 205.7, 0.0,24.2, 121.2, 56.7
705,15,28,28,191,-102.0, 16.8, -89.0,0.0, 205.7, 0.0,24.2, 121.2, 56.7
706,15,28,28,698,-102.0, 16.8, -89.0,0.0, 205.7, 0.0,24.2, 121.2, 56.7
707,15,28,29,204,-102.0, 16.8, -89.0,0.0, 205.7, 0.0,24.2, 121.2, 56.7
708,15,28,29,711,-102.0, 16.8, -89.0,0.0, 205.7, 0.0,24.2, 121.2, 56.7
709,15,28,30,218,-102.0, 16.8, -89.0,0.0, 205.7, 0.0,24.2, 121.2, 56.7
710,15,28,30,725,-102.0, 16.8, -89.0,0.0, 205.7, 0.0,24.2, 121.2, 56.7
711,15,28,31,232,-102.0, 16.8, -89.0,0.0, 205.7, 0.0,24.2, 121.2, 56.7
712,15,28,31,739,-102.0, 16.8, -89.0,0.0, 205.7, 0.0,24.2, 121.2, 56.7
713,15,28,32,245,-102.0, 16.8, -89.0,0.0, 205.7, 0.0,24.2, 121.2, 56.7
714,15,28,32,752,-102.0, 16.8, -89.0,0.0, 205.7, 0.0,24.2, 121.2, 56.7
715,15,28,33,258,-102.0, 16.8, -89.0,0.0, 205.7, 0.0,24.2, 121.2, 56.7
716,15,28,33,765,-102.0, 16.8, -89.0,0.0, 205.7, 0.0,24.2, 121.2, 56.7
717,15,28,34,272,-102.0, 16.8, -89.0,0.0, 205.7, 0.0,24.2, 121.2, 56.7
718,15,28,34,778,-102.0, 16.8, -89.0,0.0, 205.7, 0.0,24.2, 121.2, 56.7
719,15,28,35,285,-102.0, 16.8, -89.0,0.0, 205.7, 0.0,24.2, 121.2, 56.7
720,15,28,35,792,-102.0, 16.8, -89.0,0.0, 205.7, 0.0,24.2, 121.2, 56.7
721,15,28,36,299,-102.0, 16.8, -89.0,0.0, 205.7, 0.0,24.2, 121.2, 56.7
722,15,28,36,806,-102.0, 16.8, -89.0,0.0, 205.7, 0.0,24.2, 121.2, 56.7
723,15,28,37,312,-102.0, 16.8, -89.0,0.0, 205.7, 0.0,24.2, 121.2, 56.7
724,15,28,37,819,-102.0, 16.8, -89.0,0.0, 205.7, 0.0,24.2, 121.2, 56.7
725,15,28,38,325,-102.0, 16.8, -89.0,0.0, 205.7, 0.0,24.2, 121.2, 56.7
726,15,28,38,832,-102.0, 16.8, -89.0,0.0, 205.7, 0.0,24.2, 121.2, 56.7
727,15,28,39,339,-102.0, 16.8, -89.0,0.0, 205.7, 0.0,24.2, 121.2, 56.7
728,15,28,39,845,-102.0, 16.8, -89.0,0.0, 205.7, 0.0,24.2, 121.2, 56.7
729,15,28,40,352,-102.0, 16.8, -89.0,0.0, 205.7, 0.0,24.2, 121.2, 56.7
730,15,28,40,859,-102.0, 16.8, -89.0,0.0, 205.7, 0.0,24.2, 121.2, 56.7
731,15,28,41,365,-102.0, 16.8, -89.0,0.0, 205.7, 0.0,24.2, 121.2, 56.7
732,15,28,41,872,-102.0, 16.8, -89.0,0.0, 205.7, 0.0,24.2, 121.2, 56.7
733,15,28,42,378,-102.0, 16.8, -89.0,0.0, 205.7, 0.0,24.2, 121.2, 56.7
734,15,28,42,885,-102.0, 16.8, -89.0,0.0, 205.7, 0.0,24.2, 121.2, 56.7
735,15,28,43,392,-102.0, 16.8, -89.0,0.0, 205.7, 0.0,24.2, 121.2, 56.7
736,15,28,43,898,-102.0, 16.8, -89.0,0.0, 205.7, 0.0,24.2, 121.2, 56.7
737,15,28,44,405,-102.0, 16.8, -89.0,0.0, 205.7, 0.0,24.2, 121.2, 56.7
738,15,28,44,912,-102.0, 16.8, -89.0,0.0, 205.7, 0.0,24.2, 121.2, 56.7
739,15,28,45,418,-102.0, 16.8, -89.0,0.0, 205.7, 0.0,24.2, 121.2, 56.7
740,15,28,45,925,-102.0, 16.8, -89.0,0.0, 205.7, 0.0,24.2, 121.2, 56.7
741,15,28,46,432,-102.0, 16.8, -89.0,0.0, 205.7, 0.0,24.2, 121.2, 56.7
742,15,28,46,938,-102.0, 16.8, -89.0,0.0, 205.7, 0.0,24.2, 121.2, 56.7
743,15,28,47,444,-102.0, 16.8, -89.0,0.0, 205.7, 0.0,24.2, 121.2, 56.7
744,15,28,47,952,-102.0, 16.8, -89.0,0.0, 205.7, 0.0,24.2, 121.2, 56.7
745,15,28,48,458,-102.0, 16.8, -89.0,0.0, 205.7, 0.0,24.2, 121.2, 56.7
746,15,28,48,965,-102.0, 16.8, -89.0,0.0, 205.7, 0.0,24.2, 121.2, 56.7
747,15,28,49,472,-102.0, 16.8, -89.0,0.0, 205.7, 0.0,24.2, 121.2, 56.7
748,15,28,49,978,-102.0, 16.8, -89.0,0.0, 205.7, 0.0,24.2, 121.2, 56.7
749,15,28,50,485,-102.0, 16.8, -89.0,0.0, 205.7, 0.0,24.2, 121.2, 56.7
750,15,28,50,992,-102.0, 16.8, -89.0,0.0, 205.7, 0.0,24.2, 121.2, 56.7
751,15,28,51,498,-102.0, 16.8, -89.0,0.0, 205.7, 0.0,24.2, 121.2, 56.7
752,15,28,52,4,-102.0, 16.8, -89.0,0.0, 205.7, 0.0,24.2, 121.2, 56.7
753,15,28,52,512,-102.0, 16.8, -89.0,0.0, 205.7, 0.0,24.2, 121.2, 56.7
754,15,28,53,19,-102.0, 16.8, -89.0,0.0, 205.7, 0.0,24.2, 121.2, 56.7
755,15,28,53,525,-102.0, 16.8, -89.0,0.0, 205.7, 0.0,24.2, 121.2, 56.7
756,15,28,54,32,-102.0, 16.8, -89.0,0.0, 205.7, 0.0,24.2, 121.2, 56.7
757,15,28,54,539,-102.0, 16.8, -89.0,0.0, 205.7, 0.0,24.2, 121.2, 56.7
758,15,28,55,45,-102.0, 16.8, -89.0,0.0, 205.7, 0.0,24.2, 121.2, 56.7
759,15,28,55,552,-102.0, 16.8, -89.0,0.0, 205.7, 0.0,24.2, 121.2, 56.7
760,15,28,56,59,-102.0, 16.8, -89.0,0.0, 205.7, 0.0,24.2, 121.2, 56.7
761,15,28,56,566,-102.0, 16.8, -89.0,0.0, 205.7, 0.0,24.2, 121.2, 56.7
762,15,28,57,72,-102.0, 16.8, -89.0,0.0, 205.7, 0.0,24.2, 121.2, 56.7
763,15,28,57,579,-102.0, 16.8, -89.0,0.0, 205.7, 0.0,24.2, 121.2, 56.7
764,15,28,58,86,-102.0, 16.8, -89.0,0.0, 205.7, 0.0,24.2, 121.2, 56.7
765,15,28,58,592,-102.0, 16.8, -89.0,0.0, 205.7, 0.0,24.2, 121.2, 56.7
766,15,28,59,99,-102.0, 16.8, -89.0,0.0, 205.7, 0.0,24.2, 121.2, 56.7
767,15,28,59,605,-102.0, 16.8, -89.0,0.0, 205.7, 0.0,24.2, 121.2, 56.7
768,15,29,00,112,-102.0, 16.8, -89.0,0.0, 205.7, 0.0,24.2, 121.2, 56.7
769,15,29,00,619,-102.0, 16.8, -89.0,0.0, 205.7, 0.0,24.2, 121.2, 56.7
770,15,29,01,125,-102.0, 16.8, -89.0,0.0, 205.7, 0.0,24.2, 121.2, 56.7
771,15,29,01,632,-102.0, 16.8, -89.0,0.0, 205.7, 0.0,24.2, 121.2, 56.7
772,15,29,02,139,-102.0, 16.8, -89.0,0.0, 205.7, 0.0,24.2, 121.2, 56.7
773,15,29,02,645,-102.0, 16.8, -89.0,0.0, 205.7, 0.0,24.2, 121.2, 56.7
774,15,29,03,152,-102.0, 16.8, -89.0,0.0, 205.7, 0.0,24.2, 121.2, 56.7
775,15,29,03,659,-102.0, 16.8, -89.0,0.0, 205.7, 0.0,24.2, 121.2, 56.7
776,15,29,04,165,-102.0, 16.8, -89.0,0.0, 205.7, 0.0,24.2, 121.2, 56.7
777,15,29,04,672,-102.0, 16.8, -89.0,0.0, 205.7, 0.0,24.2, 121.2, 56.7
778,15,29,05,178,-102.0, 16.8, -89.0,0.0, 205.7, 0.0,24.2, 121.2, 56.7
779,15,29,05,685,-102.0, 16.8, -89.0,0.0, 205.7, 0.0,24.2, 121.2, 56.7
780,15,29,06,192,-102.0, 16.8, -89.0,0.0, 205.7, 0.0,24.2, 121.2, 56.7
781,15,29,06,699,-102.0, 16.8, -89.0,0.0, 205.7, 0.0,24.2, 121.2, 56.7
782,15,29,07,205,-102.0, 16.8, -89.0,0.0, 205.7, 0.0,24.2, 121.2, 56.7
783,15,29,07,712,-102.0, 16.8, -89.0,0.0, 205.7, 0.0,24.2, 121.2, 56.7
784,15,29,08,219,-102.0, 16.8, -89.0,0.0, 205.7, 0.0,24.2, 121.2, 56.7
785,15,29,08,725,-102.0, 16.8, -89.0,0.0, 205.7, 0.0,24.2, 121.2, 56.7
786,15,29,09,232,-102.0, 16.8, -89.0,0.0, 205.7, 0.0,24.2, 121.2, 56.7
787,15,29,09,739,-102.0, 16.8, -89.0,0.0, 205.7, 0.0,24.2, 121.2, 56.7
788,15,29,10,245,-102.0, 16.8, -89.0,0.0, 205.7, 0.0,24.2, 121.2, 56.7
789,15,29,10,753,-102.0, 16.8, -89.0,0.0, 205.7, 0.0,24.2, 121.2, 56.7
790,15,29,11,260,-102.0, 16.8, -89.0,0.0, 205.7, 0.0,24.2, 121.2, 56.7
791,15,29,11,766,-102.0, 16.8, -89.0,0.0, 205.7, 0.0,24.2, 121.2, 56.7
792,15,29,12,273,-102.0, 16.8, -89.0,0.0, 205.7, 0.0,24.2, 121.2, 56.7
793,15,29,12,779,-102.0, 16.8, -89.0,0.0, 205.7, 0.0,24.2, 121.2, 56.7
794,15,29,13,286,-102.0, 16.8, -89.0,0.0, 205.7, 0.0,24.2, 121.2, 56.7
795,15,29,13,793,-102.0, 16.8, -89.0,0.0, 205.7, 0.0,24.2, 121.2, 56.7
796,15,29,14,299,-102.0, 16.8, -89.0,0.0, 205.7, 0.0,24.2, 121.2, 56.7
797,15,29,14,806,-102.0, 16.8, -89.0,0.0, 205.7, 0.0,24.2, 121.2, 56.7
798,15,29,15,312,-102.0, 16.8, -89.0,0.0, 205.7, 0.0,24.2, 121.2, 56.7
799,15,29,15,819,-102.0, 16.8, -89.0,0.0, 205.7, 0.0,24.2, 121.2, 56.7
800,15,29,16,326,-102.0, 16.8, -89.0,0.0, 205.7, 0.0,24.2, 121.2, 56.7
801,15,29,16,833,-102.0, 16.8, -89.0,0.0, 205.7, 0.0,24.2, 121.2, 56.7
802,15,29,17,339,-102.0, 16.8, -89.0,0.0, 205.7, 0.0,24.2, 121.2, 56.7
803,15,29,17,846,-102.0, 16.8, -89.0,0.0, 205.7, 0.0,24.2, 121.2, 56.7
804,15,29,18,352,-102.0, 16.8, -89.0,0.0, 205.7, 0.0,24.2, 121.2, 56.7
805,15,29,18,859,-102.0, 16.8, -89.0,0.0, 205.7, 0.0,24.2, 121.2, 56.7
806,15,29,19,365,-102.0, 16.8, -89.0,0.0, 205.7, 0.0,24.2, 121.2, 56.7
807,15,29,19,872,-102.0, 16.8, -89.0,0.0, 205.7, 0.0,24.2, 121.2, 56.7
808,15,29,20,379,-102.0, 16.8, -89.0,0.0, 205.7, 0.0,24.2, 121.2, 56.7
809,15,29,20,885,-102.0, 16.8, -89.0,0.0, 205.7, 0.0,24.2, 121.2, 56.7
810,15,29,21,392,-102.0, 16.8, -89.0,0.0, 205.7, 0.0,24.2, 121.2, 56.7
811,15,29,21,899,-102.0, 16.8, -89.0,0.0, 205.7, 0.0,24.2, 121.2, 56.7
812,15,29,22,405,-102.0, 16.8, -89.0,0.0, 205.7, 0.0,24.2, 121.2, 56.7
813,15,29,22,912,-102.0, 16.8, -89.0,0.0, 205.7, 0.0,24.2, 121.2, 56.7
814,15,29,23,419,-102.0, 16.8, -89.0,0.0, 205.7, 0.0,24.2, 121.2, 56.7
815,15,29,23,926,-102.0, 16.8, -89.0,0.0, 205.7, 0.0,24.2, 121.2, 56.7
816,15,29,24,432,-102.0, 16.8, -89.0,0.0, 205.7, 0.0,24.2, 121.2, 56.7
817,15,29,24,939,-102.0, 16.8, -89.0,0.0, 205.7, 0.0,24.2, 121.2, 56.7
818,15,29,25,445,-102.0, 16.8, -89.0,0.0, 205.7, 0.0,24.2, 121.2, 56.7
819,15,29,25,952,-102.0, 16.8, -89.0,0.0, 205.7, 0.0,24.2, 121.2, 56.7
820,15,29,26,459,-102.0, 16.8, -89.0,0.0, 205.7, 0.0,24.2, 121.2, 56.7
821,15,29,26,965,-102.0, 16.8, -89.0,0.0, 205.7, 0.0,24.2, 121.2, 56.7
822,15,29,27,472,-102.0, 16.8, -89.0,0.0, 205.7, 0.0,24.2, 121.2, 56.7
823,15,29,27,980,-102.0, 16.8, -89.0,0.0, 205.7, 0.0,24.2, 121.2, 56.7
824,15,29,28,486,-102.0, 16.8, -89.0,0.0, 205.7, 0.0,24.2, 121.2, 56.7
825,15,29,28,993,-102.0, 16.8, -89.0,0.0, 205.7, 0.0,24.2, 121.2, 56.7
826,15,29,29,499,-102.0, 16.8, -89.0,0.0, 205.7, 0.0,24.2, 121.2, 56.7
827,15,29,30,6,-102.0, 16.8, -89.0,0.0, 205.7, 0.0,24.2, 121.2, 56.7
828,15,29,30,513,-102.0, 16.8, -89.0,0.0, 205.7, 0.0,24.2, 121.2, 56.7
829,15,29,31,20,-102.0, 16.8, -89.0,0.0, 205.7, 0.0,24.2, 121.2, 56.7
830,15,29,31,526,-102.0, 16.8, -89.0,0.0, 205.7, 0.0,24.2, 121.2, 56.7
831,15,29,32,33,-102.0, 16.8, -89.0,0.0, 205.7, 0.0,24.2, 121.2, 56.7
832,15,29,32,539,-102.0, 16.8, -89.0,0.0, 205.7, 0.0,24.2, 121.2, 56.7
833,15,29,33,46,-102.0, 16.8, -89.0,0.0, 205.7, 0.0,24.2, 121.2, 56.7
834,15,29,33,553,-102.0, 16.8, -89.0,0.0, 205.7, 0.0,24.2, 121.2, 56.7
835,15,29,34,59,-102.0, 16.8, -89.0,0.0, 205.7, 0.0,24.2, 121.2, 56.7
836,15,29,34,566,-102.0, 16.8, -89.0,0.0, 205.7, 0.0,24.2, 121.2, 56.7
837,15,29,35,73,-102.0, 16.8, -89.0,0.0, 205.7, 0.0,24.2, 121.2, 56.7
838,15,29,35,579,-102.0, 16.8, -89.0,0.0, 205.7, 0.0,24.2, 121.2, 56.7
839,15,29,36,86,-102.0, 16.8, -89.0,0.0, 205.7, 0.0,24.2, 121.2, 56.7
840,15,29,36,593,-102.0, 16.8, -89.0,0.0, 205.7, 0.0,24.2, 121.2, 56.7
841,15,29,37,99,-102.0, 16.8, -89.0,0.0, 205.7, 0.0,24.2, 121.2, 56.7
842,15,29,37,606,-102.0, 16.8, -89.0,0.0, 205.7, 0.0,24.2, 121.2, 56.7
843,15,29,38,113,-102.0, 16.8, -89.0,0.0, 205.7, 0.0,24.2, 121.2, 56.7
844,15,29,38,619,-102.0, 16.8, -89.0,0.0, 205.7, 0.0,24.2, 121.2, 56.7
845,15,29,39,126,-102.0, 16.8, -89.0,0.0, 205.7, 0.0,24.2, 121.2, 56.7
846,15,29,39,633,-102.0, 16.8, -89.0,0.0, 205.7, 0.0,24.2, 121.2, 56.7
847,15,29,40,139,-102.0, 16.8, -89.0,0.0, 205.7, 0.0,24.2, 121.2, 56.7
848,15,29,40,646,-102.0, 16.8, -89.0,0.0, 205.7, 0.0,24.2, 121.2, 56.7
849,15,29,41,153,-102.0, 16.8, -89.0,0.0, 205.7, 0.0,24.2, 121.2, 56.7
850,15,29,41,659,-102.0, 16.8, -89.0,0.0, 205.7, 0.0,24.2, 121.2, 56.7
851,15,29,42,166,-102.0, 16.8, -89.0,0.0, 205.7, 0.0,24.2, 121.2, 56.7
852,15,29,42,672,-102.0, 16.8, -89.0,0.0, 205.7, 0.0,24.2, 121.2, 56.7
853,15,29,43,179,-102.0, 16.8, -89.0,0.0, 205.7, 0.0,24.2, 121.2, 56.7
854,15,29,43,686,-102.0, 16.8, -89.0,0.0, 205.7, 0.0,24.2, 121.2, 56.7
855,15,29,44,193,-102.0, 16.8, -89.0,0.0, 205.7, 0.0,24.2, 121.2, 56.7
856,15,29,44,699,-102.0, 16.8, -89.0,0.0, 205.7, 0.0,24.2, 121.2, 56.7
857,15,29,45,206,-102.0, 16.8, -89.0,0.0, 205.7, 0.0,24.2, 121.2, 56.7
858,15,29,45,714,-102.0, 16.8, -89.0,0.0, 205.7, 0.0,24.2, 121.2, 56.7
859,15,29,46,220,-102.0, 16.8, -89.0,0.0, 205.7, 0.0,24.2, 121.2, 56.7
860,15,29,46,726,-102.0, 16.8, -89.0,0.0, 205.7, 0.0,24.2, 121.2, 56.7
861,15,29,47,233,-102.0, 16.8, -89.0,0.0, 205.7, 0.0,24.2, 121.2, 56.7
862,15,29,47,740,-102.0, 16.8, -89.0,0.0, 205.7, 0.0,24.2, 121.2, 56.7
863,15,29,48,247,-102.0, 16.8, -89.0,0.0, 205.7, 0.0,24.2, 121.2, 56.7
864,15,29,48,754,-102.0, 16.8, -89.0,0.0, 205.7, 0.0,24.2, 121.2, 56.7
865,15,29,49,260,-102.0, 16.8, -89.0,0.0, 205.7, 0.0,24.2, 121.2, 56.7
866,15,29,49,767,-102.0, 16.8, -89.0,0.0, 205.7, 0.0,24.2, 121.2, 56.7
867,15,29,50,273,-102.0, 16.8, -89.0,0.0, 205.7, 0.0,24.2, 121.2, 56.7
868,15,29,50,780,-102.0, 16.8, -89.0,0.0, 205.7, 0.0,24.2, 121.2, 56.7
869,15,29,51,286,-102.0, 16.8, -89.0,0.0, 205.7, 0.0,24.2, 121.2, 56.7
870,15,29,51,793,-102.0, 16.8, -89.0,0.0, 205.7, 0.0,24.2, 121.2, 56.7
871,15,29,52,297,-102.0, 16.8, -89.0,0.0, 205.7, 0.0,24.2, 121.2, 56.7
872,15,29,52,805,-102.0, 16.8, -89.0,0.0, 205.7, 0.0,24.2, 121.2, 56.7
873,15,29,53,311,-102.0, 16.8, -89.0,0.0, 205.7, 0.0,24.2, 121.2, 56.7
874,15,29,53,819,-102.0, 16.8, -89.0,0.0, 205.7, 0.0,24.2, 121.2, 56.7
875,15,29,54,326,-102.0, 16.8, -89.0,0.0, 205.7, 0.0,24.2, 121.2, 56.7
876,15,29,54,833,-102.0, 16.8, -89.0,0.0, 205.7, 0.0,24.2, 121.2, 56.7
877,15,29,55,339,-102.0, 16.8, -89.0,0.0, 205.7, 0.0,24.2, 121.2, 56.7
878,15,29,55,846,-102.0, 16.8, -89.0,0.0, 205.7, 0.0,24.2, 121.2, 56.7
879,15,29,56,353,-102.0, 16.8, -89.0,0.0, 205.7, 0.0,24.2, 121.2, 56.7
880,15,29,56,860,-102.0, 16.8, -89.0,0.0, 205.7, 0.0,24.2, 121.2, 56.7
881,15,29,57,366,-102.0, 16.8, -89.0,0.0, 205.7, 0.0,24.2, 121.2, 56.7
882,15,29,57,873,-102.0, 16.8, -89.0,0.0, 205.7, 0.0,24.2, 121.2, 56.7
883,15,29,58,380,-102.0, 16.8, -89.0,0.0, 205.7, 0.0,24.2, 121.2, 56.7
884,15,29,58,886,-102.0, 16.8, -89.0,0.0, 205.7, 0.0,24.2, 121.2, 56.7
885,15,29,59,393,-102.0, 16.8, -89.0,0.0, 205.7, 0.0,24.2, 121.2, 56.7
886,15,29,59,899,-102.0, 16.8, -89.0,0.0, 205.7, 0.0,24.2, 121.2, 56.7
887,15,30,00,407,-102.0, 16.8, -89.0,0.0, 205.7, 0.0,24.2, 121.2, 56.7
888,15,30,00,913,-102.0, 16.8, -89.0,0.0, 205.7, 0.0,24.2, 121.2, 56.7
889,15,30,01,420,-102.0, 16.8, -89.0,0.0, 205.7, 0.0,24.2, 121.2, 56.7
890,15,30,01,926,-102.0, 16.8, -89.0,0.0, 205.7, 0.0,24.2, 121.2, 56.7
891,15,30,02,433,-102.0, 16.8, -89.0,0.0, 205.7, 0.0,24.2, 121.2, 56.7
892,15,30,02,940,-102.0, 16.8, -89.0,0.0, 205.7, 0.0,24.2, 121.2, 56.7
893,15,30,03,447,-102.0, 16.8, -89.0,0.0, 205.7, 0.0,24.2, 121.2, 56.7
894,15,30,03,954,-102.0, 16.8, -89.0,0.0, 205.7, 0.0,24.2, 121.2, 56.7
895,15,30,04,460,-102.0, 16.8, -89.0,0.0, 205.7, 0.0,24.2, 121.2, 56.7
896,15,30,04,967,-102.0, 16.8, -89.0,0.0, 205.7, 0.0,24.2, 121.2, 56.7
897,15,30,05,474,-102.0, 16.8, -89.0,0.0, 205.7, 0.0,24.2, 121.2, 56.7
898,15,30,05,980,-102.0, 16.8, -89.0,0.0, 205.7, 0.0,24.2, 121.2, 56.7
899,15,30,06,487,-102.0, 16.8, -89.0,0.0, 205.7, 0.0,24.2, 121.2, 56.7
900,15,30,06,994,-102.0, 16.8, -89.0,0.0, 205.7, 0.0,24.2, 121.2, 56.7
901,15,30,07,500,-102.0, 16.8, -89.0,0.0, 205.7, 0.0,24.2, 121.2, 56.7
