id,hour,min,sec,ms,xpos,ypos,zpos,uMousePos,vMousePos,wMousePos,uGazePos,vGazePos,wGazePos
0,14,43,25,80,80.8, 18.8, 134.0,0.0, 238.7, 0.0,6.4, 107.2, 9.1
1,14,43,25,985,80.8, 17.6, 134.0,0.0, 238.7, 0.0,6.4, 107.2, 9.1
2,14,43,26,500,80.8, 17.6, 134.0,0.0, 238.7, 0.0,6.4, 107.2, 9.1
3,14,43,27,9,80.8, 17.6, 134.0,0.0, 238.7, 0.0,6.4, 107.2, 9.1
4,14,43,27,517,80.8, 17.6, 134.0,0.0, 238.7, 0.0,6.4, 107.2, 9.1
5,14,43,28,25,80.8, 17.6, 134.0,0.0, 238.7, 0.0,6.4, 107.2, 9.1
6,14,43,28,532,80.8, 17.6, 134.0,0.0, 238.7, 0.0,6.4, 107.2, 9.1
7,14,43,29,40,80.8, 17.6, 134.0,0.0, 239.5, 0.0,5.6, 107.9, 9.1
8,14,43,29,546,80.8, 17.6, 134.0,0.0, 314.7, 0.0,318.4, 174.1, 12.1
9,14,43,30,52,80.8, 17.6, 134.0,0.0, 314.7, 0.0,318.4, 174.1, 12.1
10,14,43,30,560,80.8, 17.6, 134.0,0.0, 314.7, 0.0,318.4, 174.1, 12.1
11,14,43,31,67,80.8, 17.6, 134.0,0.0, 314.7, 0.0,318.4, 174.1, 12.1
12,14,43,31,574,80.8, 17.6, 134.0,0.0, 314.7, 0.0,318.4, 174.1, 12.1
13,14,43,32,82,80.8, 17.6, 134.0,0.0, 314.7, 0.0,318.4, 174.1, 12.1
14,14,43,32,588,80.8, 17.6, 134.0,0.0, 310.0, 0.0,297.8, 160.0, 19.7
15,14,43,33,95,80.8, 17.6, 134.0,0.0, 297.2, 0.0,287.9, 140.7, 23.5
16,14,43,33,603,80.8, 17.6, 134.0,0.0, 296.2, 0.0,288.1, 139.9, 23.3
17,14,43,34,109,80.8, 17.6, 134.0,0.0, 296.2, 0.0,288.1, 139.9, 23.3
18,14,43,34,616,80.8, 17.6, 134.0,0.0, 296.2, 0.0,288.1, 139.9, 23.3
19,14,43,35,122,80.8, 17.6, 134.0,0.0, 296.2, 0.0,288.1, 139.9, 23.3
20,14,43,35,629,80.8, 17.6, 134.0,0.0, 296.2, 0.0,288.1, 139.9, 23.3
21,14,43,36,136,80.8, 17.6, 134.0,0.0, 296.2, 0.0,288.1, 139.9, 23.3
22,14,43,36,643,80.8, 17.6, 134.0,0.0, 296.2, 0.0,288.1, 139.9, 23.3
23,14,43,37,150,80.8, 17.6, 134.0,0.0, 296.2, 0.0,288.1, 139.9, 23.3
24,14,43,37,657,80.8, 17.6, 134.0,0.0, 296.2, 0.0,288.1, 139.9, 23.3
25,14,43,38,163,80.8, 17.6, 134.0,0.0, 296.2, 0.0,288.1, 139.9, 23.3
26,14,43,38,670,80.8, 17.6, 134.0,0.0, 296.2, 0.0,288.1, 139.9, 23.3
27,14,43,39,174,80.8, 17.6, 134.0,0.0, 296.2, 0.0,288.1, 139.9, 23.3
28,14,43,39,691,80.8, 17.6, 134.0,0.0, 296.2, 0.0,288.1, 139.9, 23.3
29,14,43,40,199,80.8, 17.6, 134.0,0.0, 296.2, 0.0,288.1, 139.9, 23.3
30,14,43,40,706,80.8, 17.6, 134.0,0.0, 296.2, 0.0,288.1, 139.9, 23.3
31,14,43,41,213,80.8, 17.6, 134.0,0.0, 296.2, 0.0,288.1, 139.9, 23.3
32,14,43,41,720,80.8, 17.6, 134.0,0.0, 296.2, 0.0,288.1, 139.9, 23.3
33,14,43,42,227,80.8, 17.6, 134.0,0.0, 296.2, 0.0,288.1, 139.9, 23.3
34,14,43,42,735,80.8, 17.6, 134.0,0.0, 296.2, 0.0,288.1, 139.9, 23.3
35,14,43,43,242,80.8, 17.6, 134.0,0.0, 296.2, 0.0,288.1, 139.9, 23.3
36,14,43,43,749,80.8, 17.6, 134.0,0.0, 296.2, 0.0,288.1, 139.9, 23.3
37,14,43,44,256,80.8, 17.6, 134.0,0.0, 296.2, 0.0,288.1, 139.9, 23.3
38,14,43,44,763,80.8, 17.6, 134.0,0.0, 296.2, 0.0,288.1, 139.9, 23.3
39,14,43,45,269,80.8, 17.6, 134.0,0.0, 296.2, 0.0,288.1, 139.9, 23.3
40,14,43,45,776,80.8, 17.6, 134.0,0.0, 296.2, 0.0,288.1, 139.9, 23.3
41,14,43,46,283,80.8, 17.6, 134.0,0.0, 278.8, 0.0,282.4, 121.0, 22.2
42,14,43,46,787,80.8, 17.6, 134.0,0.0, 281.2, 0.0,304.5, 139.3, 5.4
43,14,43,47,292,80.8, 17.6, 134.0,0.0, 290.5, 0.0,304.5, 148.6, 5.4
44,14,43,47,797,79.9, 17.7, 133.8,0.0, 258.4, 0.0,300.5, 115.7, 6.0
45,14,43,48,307,79.1, 17.8, 133.8,0.0, 276.4, 0.0,303.9, 134.4, 5.5
46,14,43,48,812,76.6, 17.8, 134.0,0.0, 269.8, 0.0,306.0, 128.1, 5.2
47,14,43,49,318,74.0, 17.4, 133.8,0.0, 267.2, 0.0,301.5, 124.7, 5.9
48,14,43,49,825,71.5, 17.2, 133.7,0.0, 267.3, 0.0,301.4, 124.8, 5.9
49,14,43,50,335,69.1, 17.1, 133.3,0.0, 256.5, 0.0,303.3, 114.4, 5.6
50,14,43,50,839,66.5, 17.0, 132.8,0.0, 263.8, 0.0,304.7, 121.9, 5.4
51,14,43,51,347,64.0, 16.7, 132.5,0.0, 261.6, 0.0,305.1, 119.8, 5.3
52,14,43,51,865,61.5, 16.5, 131.8,0.0, 251.2, 0.0,305.5, 109.4, 5.3
53,14,43,52,372,59.2, 16.5, 131.0,0.0, 254.2, 0.0,304.5, 112.3, 5.4
54,14,43,52,879,56.7, 16.6, 130.4,0.0, 255.0, 0.0,304.5, 113.1, 5.4
55,14,43,53,384,54.2, 16.7, 129.8,0.0, 258.8, 0.0,303.4, 116.7, 5.6
56,14,43,53,893,51.8, 16.7, 129.1,0.0, 251.2, 0.0,310.2, 110.1, 4.7
57,14,43,54,402,49.5, 16.8, 128.0,0.0, 243.8, 0.0,308.3, 102.5, 4.9
58,14,43,54,905,47.1, 17.0, 127.4,0.0, 232.6, 0.0,307.6, 91.2, 5.0
59,14,43,55,414,45.1, 16.9, 126.3,0.0, 211.9, 0.0,307.6, 70.5, 5.0
60,14,43,55,934,43.4, 16.9, 124.3,0.0, 211.9, 0.0,307.6, 70.5, 5.0
61,14,43,56,456,41.0, 17.3, 123.7,0.0, 208.3, 0.0,307.9, 66.9, 5.0
62,14,43,56,962,38.5, 17.7, 122.9,0.0, 204.1, 0.0,308.2, 62.7, 5.0
63,14,43,57,468,36.7, 17.8, 122.5,0.0, 198.5, 0.0,308.4, 57.2, 4.9
64,14,43,57,974,36.7, 17.8, 122.5,0.0, 180.4, 0.0,308.6, 39.1, 4.9
65,14,43,58,482,36.7, 17.8, 122.5,0.0, 165.4, 0.0,309.6, 24.2, 4.8
66,14,43,58,990,36.7, 17.8, 122.5,0.0, 153.8, 0.0,310.2, 12.7, 4.7
67,14,43,59,496,36.7, 17.8, 122.5,0.0, 132.4, 0.0,310.2, 351.3, 4.7
68,14,44,00,3,38.1, 17.7, 122.2,0.0, 99.1, 0.0,310.8, 318.1, 4.7
69,14,44,00,510,39.0, 17.6, 122.1,0.0, 141.6, 0.0,308.6, 0.3, 4.9
70,14,44,01,32,39.1, 17.4, 120.7,0.0, 194.8, 0.0,304.5, 52.9, 5.4
71,14,44,01,558,38.1, 17.4, 118.3,0.0, 227.3, 0.0,307.6, 85.9, 5.0
72,14,44,02,64,36.0, 17.7, 117.1,0.0, 259.5, 0.0,305.7, 117.8, 5.3
73,14,44,02,574,33.6, 17.8, 116.5,0.0, 252.4, 0.0,305.7, 110.7, 5.3
74,14,44,03,80,31.5, 18.0, 115.2,0.0, 220.3, 0.0,307.9, 78.9, 5.0
75,14,44,03,587,29.7, 17.9, 113.5,0.0, 206.1, 0.0,317.9, 65.9, 4.1
76,14,44,04,94,27.5, 17.9, 112.4,0.0, 206.2, 0.0,322.6, 66.4, 3.9
77,14,44,04,600,26.1, 18.0, 110.3,0.0, 212.4, 0.0,346.1, 74.2, 3.2
78,14,44,05,108,24.9, 18.0, 108.2,0.0, 219.6, 0.0,355.4, 81.9, 3.1
79,14,44,05,614,23.2, 17.8, 106.3,0.0, 218.6, 0.0,333.0, 79.6, 3.4
80,14,44,06,124,21.4, 17.7, 104.4,0.0, 216.4, 0.0,324.5, 76.8, 3.8
81,14,44,06,628,20.1, 17.6, 102.3,0.0, 205.9, 0.0,323.0, 66.1, 3.8
82,14,44,07,135,17.9, 17.9, 101.1,0.0, 191.9, 0.0,320.3, 51.9, 4.0
83,14,44,07,644,15.6, 18.3, 100.2,0.0, 183.7, 0.0,318.1, 43.5, 4.1
84,14,44,08,149,13.3, 18.7, 99.6,0.0, 183.4, 0.0,318.1, 43.2, 4.1
85,14,44,08,656,11.5, 18.9, 97.9,0.0, 183.4, 0.0,318.1, 43.2, 4.1
86,14,44,09,163,9.5, 19.2, 96.3,0.0, 178.6, 0.0,319.0, 38.5, 4.1
87,14,44,09,669,7.9, 19.4, 94.4,0.0, 176.3, 0.0,320.6, 36.3, 4.0
88,14,44,10,189,5.8, 19.8, 92.9,0.0, 169.9, 0.0,323.1, 30.1, 3.8
89,14,44,10,696,4.4, 19.9, 90.9,0.0, 167.3, 0.0,323.3, 27.6, 3.8
90,14,44,11,215,2.7, 20.0, 89.0,0.0, 164.9, 0.0,323.6, 25.2, 3.8
91,14,44,11,724,0.8, 19.8, 87.2,0.0, 164.9, 0.0,323.6, 25.2, 3.8
92,14,44,12,228,-0.6, 20.0, 86.3,0.0, 150.2, 0.0,327.5, 10.8, 3.6
93,14,44,12,737,-0.1, 19.1, 84.8,0.0, 140.8, 0.0,329.4, 1.5, 3.6
94,14,44,13,243,-1.6, 19.1, 82.8,0.0, 132.7, 0.0,330.5, 353.5, 3.5
95,14,44,13,751,-1.5, 19.1, 82.9,0.0, 133.6, 0.0,330.5, 354.4, 3.5
96,14,44,14,254,-0.8, 19.0, 83.5,0.0, 145.5, 0.0,330.5, 6.3, 3.5
97,14,44,14,763,0.8, 18.6, 82.4,0.0, 145.2, 0.0,330.7, 6.0, 3.5
98,14,44,15,270,1.4, 18.6, 83.6,0.0, 145.2, 0.0,330.7, 6.0, 3.5
99,14,44,15,776,3.3, 18.5, 85.1,0.0, 134.8, 0.0,330.8, 355.6, 3.5
100,14,44,16,283,5.0, 18.5, 87.0,0.0, 131.4, 0.0,330.2, 352.2, 3.5
101,14,44,16,790,7.5, 18.2, 87.2,0.0, 139.8, 0.0,328.6, 0.5, 3.6
102,14,44,17,291,9.0, 18.0, 87.8,0.0, 163.9, 0.0,320.0, 23.9, 4.0
103,14,44,17,802,7.0, 18.4, 86.3,0.0, 168.8, 0.0,325.5, 29.2, 3.7
104,14,44,18,323,5.2, 18.7, 84.5,0.0, 160.4, 0.0,327.9, 21.0, 3.6
105,14,44,18,843,3.1, 18.5, 83.1,0.0, 158.4, 0.0,328.5, 19.1, 3.6
106,14,44,19,350,0.9, 18.5, 82.0,0.0, 165.7, 0.0,330.0, 26.5, 3.5
107,14,44,19,858,-1.2, 18.8, 81.6,0.0, 180.7, 0.0,339.3, 42.1, 3.3
108,14,44,20,367,-1.5, 18.6, 79.2,0.0, 160.6, 0.0,339.3, 22.0, 3.3
109,14,44,20,869,-3.1, 18.6, 77.4,0.0, 130.3, 0.0,336.4, 351.5, 3.3
110,14,44,21,376,-1.7, 18.6, 78.5,0.0, 127.0, 0.0,336.5, 348.2, 3.3
111,14,44,21,883,0.6, 18.8, 77.6,0.0, 122.0, 0.0,337.4, 343.3, 3.3
112,14,44,22,390,2.8, 19.2, 76.5,0.0, 119.5, 0.0,337.8, 340.8, 3.3
113,14,44,22,896,4.9, 19.4, 75.3,0.0, 116.7, 0.0,339.5, 338.1, 3.3
114,14,44,23,405,7.2, 18.7, 74.3,0.0, 127.0, 0.0,332.4, 347.9, 3.5
115,14,44,23,910,9.1, 18.4, 72.7,0.0, 126.1, 0.0,333.0, 347.1, 3.4
116,14,44,24,417,11.2, 18.2, 71.4,0.0, 126.6, 0.0,332.2, 347.5, 3.5
117,14,44,24,925,13.7, 18.0, 71.1,0.0, 138.7, 0.0,333.6, 359.7, 3.4
118,14,44,25,431,16.0, 18.2, 70.3,0.0, 166.2, 0.0,332.8, 27.2, 3.4
119,14,44,25,936,17.7, 18.8, 68.6,0.0, 171.1, 0.0,332.4, 32.0, 3.5
120,14,44,26,444,18.1, 18.7, 66.0,0.0, 165.2, 0.0,333.0, 26.2, 3.4
121,14,44,26,950,17.8, 18.7, 63.6,0.0, 157.6, 0.0,333.3, 18.6, 3.4
122,14,44,27,458,18.3, 18.7, 61.2,0.0, 173.8, 0.0,331.1, 34.6, 3.5
123,14,44,27,962,18.9, 18.7, 58.7,0.0, 176.4, 0.0,330.8, 37.2, 3.5
124,14,44,28,469,19.0, 18.7, 56.2,0.0, 176.4, 0.0,330.8, 37.2, 3.5
125,14,44,28,976,19.0, 18.7, 53.7,0.0, 176.4, 0.0,330.8, 37.2, 3.5
126,14,44,29,484,18.9, 18.7, 51.2,0.0, 174.1, 0.0,332.0, 35.0, 3.5
127,14,44,29,991,19.1, 18.7, 48.7,0.0, 163.0, 0.0,335.9, 24.2, 3.4
128,14,44,30,498,18.4, 18.7, 46.4,0.0, 155.2, 0.0,340.3, 16.6, 3.3
129,14,44,31,5,18.3, 18.7, 43.8,0.0, 155.2, 0.0,340.3, 16.6, 3.3
130,14,44,31,511,17.8, 18.8, 41.4,0.0, 151.1, 0.0,341.6, 12.6, 3.2
131,14,44,32,18,17.8, 18.8, 39.0,0.0, 142.8, 0.0,345.1, 4.5, 3.2
132,14,44,32,525,18.1, 18.7, 36.4,0.0, 139.6, 0.0,345.9, 1.4, 3.2
133,14,44,33,31,19.4, 18.7, 34.4,0.0, 132.7, 0.0,349.8, 354.7, 3.1
134,14,44,33,538,18.0, 18.8, 32.3,0.0, 138.0, 0.0,352.2, 0.1, 3.1
135,14,44,34,45,18.4, 18.7, 29.8,0.0, 158.8, 0.0,352.4, 20.9, 3.1
136,14,44,34,552,18.0, 19.1, 27.5,0.0, 149.0, 0.0,353.4, 11.2, 3.1
137,14,44,35,57,19.1, 18.7, 25.4,0.0, 135.6, 0.0,22.3, 359.4, 3.3
138,14,44,35,565,19.7, 18.7, 24.7,0.0, 142.5, 0.0,45.9, 8.2, 4.4
139,14,44,36,71,20.5, 18.7, 23.8,0.0, 119.3, 0.0,84.2, 130.2, 148.2
140,14,44,36,577,20.5, 18.7, 23.8,0.0, 119.3, 0.0,84.2, 130.2, 148.2
141,14,44,37,84,20.5, 18.7, 23.8,0.0, 128.7, 0.0,86.9, 76.5, 85.3
142,14,44,37,591,20.5, 18.7, 23.8,0.0, 130.3, 0.0,86.2, 46.5, 53.7
143,14,44,38,97,20.5, 18.7, 23.8,0.0, 144.2, 0.0,74.3, 17.7, 11.3
144,14,44,38,604,20.5, 18.7, 23.8,0.0, 116.8, 0.0,77.8, 353.6, 14.6
145,14,44,39,111,20.5, 18.7, 23.8,0.0, 93.7, 0.0,80.4, 334.8, 18.8
146,14,44,39,618,20.5, 18.7, 23.8,0.0, 131.2, 0.0,76.1, 6.2, 12.9
147,14,44,40,124,21.2, 18.8, 22.8,0.0, 132.8, 0.0,72.9, 5.3, 10.4
148,14,44,40,636,19.5, 18.7, 21.9,0.0, 190.7, 0.0,60.2, 58.6, 6.2
149,14,44,41,149,19.7, 18.7, 21.1,0.0, 182.0, 0.0,55.5, 49.0, 5.4
150,14,44,41,656,20.3, 18.7, 19.1,0.0, 177.4, 0.0,50.9, 43.7, 4.9
151,14,44,42,163,20.2, 18.7, 16.5,0.0, 160.6, 0.0,35.7, 25.3, 3.8
152,14,44,42,670,19.3, 18.7, 14.2,0.0, 160.6, 0.0,35.7, 25.3, 3.8
153,14,44,43,177,20.0, 18.7, 11.8,0.0, 167.2, 0.0,36.1, 32.0, 3.8
154,14,44,43,682,19.9, 18.7, 9.2,0.0, 178.8, 0.0,36.3, 43.6, 3.8
155,14,44,44,189,20.1, 18.7, 6.7,0.0, 172.7, 0.0,40.7, 37.9, 4.0
156,14,44,44,696,20.2, 18.7, 4.3,0.0, 172.5, 0.0,40.9, 37.7, 4.0
157,14,44,45,203,20.4, 18.7, 1.7,0.0, 179.5, 0.0,39.3, 44.5, 4.0
158,14,44,45,710,20.3, 18.2, -0.8,0.0, 179.2, 0.0,37.3, 44.1, 3.8
159,14,44,46,217,20.5, 17.6, -3.2,0.0, 166.4, 0.0,42.2, 31.7, 4.1
160,14,44,46,724,20.1, 17.1, -5.6,0.0, 163.7, 0.0,42.1, 29.0, 4.1
161,14,44,47,232,20.9, 16.6, -7.9,0.0, 106.3, 0.0,39.5, 331.4, 4.0
162,14,44,47,737,19.8, 16.3, -9.9,0.0, 95.4, 0.0,40.4, 320.5, 4.0
163,14,44,48,244,19.2, 16.5, -12.3,0.0, 92.6, 0.0,41.6, 317.9, 4.1
164,14,44,48,749,19.2, 16.5, -12.5,0.0, 65.3, 0.0,44.6, 290.9, 4.3
165,14,44,49,256,19.2, 16.5, -12.5,0.0, 71.3, 0.0,42.4, 296.6, 4.1
166,14,44,49,762,19.4, 16.6, -13.8,0.0, 112.7, 0.0,39.6, 337.8, 4.0
167,14,44,50,270,20.8, 16.4, -15.7,0.0, 149.3, 0.0,35.3, 14.0, 3.7
168,14,44,50,777,22.2, 16.3, -17.8,0.0, 156.9, 0.0,9.1, 19.9, 3.1
169,14,44,51,284,22.0, 16.4, -18.9,0.0, 202.3, 0.0,15.4, 65.7, 3.2
170,14,44,51,791,20.3, 16.6, -20.7,0.0, 221.2, 0.0,17.5, 84.7, 3.2
171,14,44,52,305,18.1, 16.9, -21.4,0.0, 246.1, 0.0,15.8, 109.5, 3.2
172,14,44,52,815,15.7, 17.0, -22.0,0.0, 258.7, 0.0,27.3, 122.8, 3.4
173,14,44,53,324,13.1, 17.0, -22.3,0.0, 265.8, 0.0,48.8, 131.8, 4.6
174,14,44,53,829,10.6, 17.0, -22.3,0.0, 266.4, 0.0,50.1, 132.6, 4.8
175,14,44,54,332,8.2, 16.9, -22.1,0.0, 287.8, 0.0,61.5, 156.0, 6.4
176,14,44,54,840,7.0, 16.7, -21.6,0.0, 294.1, 0.0,57.5, 161.5, 5.7
177,14,44,55,347,7.0, 16.7, -21.6,0.0, 295.2, 0.0,56.9, 162.4, 5.6
178,14,44,55,855,5.4, 16.4, -23.4,0.0, 300.7, 0.0,56.9, 167.9, 5.6
179,14,44,56,360,4.1, 16.3, -24.5,0.0, 315.0, 0.0,51.6, 181.4, 4.9
180,14,44,56,866,4.1, 16.3, -24.5,0.0, 315.0, 0.0,51.6, 181.4, 4.9
181,14,44,57,388,4.1, 16.3, -24.5,0.0, 315.0, 0.0,51.6, 181.4, 4.9
182,14,44,57,908,3.4, 16.2, -23.8,0.0, 315.0, 0.0,51.6, 181.4, 4.9
183,14,44,58,414,2.2, 16.0, -22.5,0.0, 315.0, 0.0,51.6, 181.4, 4.9
184,14,44,58,922,2.2, 16.0, -22.5,0.0, 308.5, 0.0,50.4, 174.8, 4.8
185,14,44,59,443,3.6, 16.0, -20.4,0.0, 320.9, 0.0,51.3, 187.3, 4.9
186,14,44,59,949,4.2, 16.0, -19.5,0.0, 336.4, 0.0,50.0, 202.6, 4.8
187,14,45,00,454,2.1, 15.7, -20.0,0.0, 346.0, 0.0,43.9, 211.5, 4.2
188,14,45,00,962,1.2, 15.3, -17.9,0.0, 348.4, 0.0,41.4, 213.6, 4.1
189,14,45,01,483,0.1, 15.1, -17.8,0.0, 335.6, 0.0,38.8, 200.6, 3.9
190,14,45,01,987,0.1, 15.1, -17.8,0.0, 310.3, 0.0,36.1, 175.1, 3.8
191,14,45,02,495,-0.8, 15.0, -17.5,0.0, 288.9, 0.0,35.8, 153.6, 3.8
192,14,45,03,2,-0.8, 15.0, -17.5,0.0, 273.2, 0.0,35.9, 138.0, 3.8
193,14,45,03,509,-1.0, 14.9, -16.9,0.0, 244.4, 0.0,40.3, 109.5, 4.0
194,14,45,04,16,-2.0, 14.6, -16.1,0.0, 243.2, 0.0,40.3, 108.3, 4.0
195,14,45,04,525,-4.2, 14.9, -17.4,0.0, 237.1, 0.0,42.1, 102.4, 4.1
196,14,45,05,31,-6.0, 15.6, -18.9,0.0, 234.6, 0.0,43.1, 100.0, 4.2
197,14,45,05,538,-7.0, 16.5, -20.9,0.0, 234.6, 0.0,43.1, 100.0, 4.2
198,14,45,06,45,-8.2, 17.1, -22.8,0.0, 234.6, 0.0,43.1, 100.0, 4.2
199,14,45,06,551,-7.2, 17.4, -25.0,0.0, 229.3, 0.0,43.9, 94.8, 4.2
200,14,45,07,56,-5.4, 17.0, -26.6,0.0, 192.7, 0.0,46.0, 58.4, 4.4
201,14,45,07,564,-3.7, 16.7, -28.4,0.0, 168.4, 0.0,46.7, 34.2, 4.5
202,14,45,08,70,-2.1, 16.8, -30.2,0.0, 181.8, 0.0,44.4, 47.3, 4.3
203,14,45,08,576,-0.8, 16.9, -32.3,0.0, 188.0, 0.0,41.3, 53.2, 4.1
204,14,45,09,82,-0.2, 17.0, -34.8,0.0, 202.3, 0.0,37.8, 67.2, 3.9
205,14,45,09,590,0.3, 17.0, -37.2,0.0, 221.1, 0.0,31.0, 85.5, 3.6
206,14,45,10,97,-0.9, 17.0, -38.6,0.0, 186.5, 0.0,30.1, 50.8, 3.5
207,14,45,10,605,-0.9, 17.0, -38.7,0.0, 190.3, 0.0,28.8, 54.5, 3.5
208,14,45,11,111,-0.9, 17.3, -37.8,0.0, 226.5, 0.0,27.2, 90.6, 3.4
209,14,45,11,636,-0.2, 17.0, -35.3,0.0, 283.3, 0.0,32.8, 147.8, 3.6
210,14,45,12,148,0.6, 16.9, -32.9,0.0, 294.5, 0.0,39.1, 159.5, 3.9
211,14,45,12,655,1.6, 16.8, -30.6,0.0, 293.7, 0.0,40.1, 158.8, 4.0
212,14,45,13,163,0.2, 16.6, -28.9,0.0, 276.4, 0.0,42.0, 141.7, 4.1
213,14,45,13,669,-1.9, 16.6, -28.1,0.0, 153.5, 0.0,44.3, 19.0, 4.3
214,14,45,14,176,-1.1, 16.6, -28.9,0.0, 136.2, 0.0,46.4, 2.0, 4.4
215,14,45,14,701,0.8, 16.8, -30.7,0.0, 107.2, 0.0,46.5, 333.0, 4.4
216,14,45,15,214,2.4, 16.9, -32.5,0.0, 79.4, 0.0,45.3, 305.0, 4.3
217,14,45,15,721,4.3, 17.0, -32.6,0.0, 27.2, 0.0,49.9, 253.4, 4.8
218,14,45,16,225,5.5, 16.9, -30.6,0.0, 345.4, 0.0,59.6, 213.2, 6.1
219,14,45,16,734,4.2, 16.7, -28.5,0.0, 333.1, 0.0,60.1, 201.0, 6.1
220,14,45,17,242,2.2, 16.4, -27.0,0.0, 299.5, 0.0,60.8, 167.5, 6.3
221,14,45,17,748,0.2, 16.2, -25.6,0.0, 292.0, 0.0,63.7, 160.7, 6.9
222,14,45,18,256,-2.2, 16.3, -24.6,0.0, 294.2, 0.0,59.1, 161.9, 6.0
223,14,45,18,763,-4.6, 16.8, -24.2,0.0, 276.1, 0.0,61.5, 144.3, 6.4
224,14,45,19,270,-6.9, 17.2, -24.0,0.0, 260.3, 0.0,61.9, 128.6, 6.5
225,14,45,19,777,-8.9, 17.4, -24.3,0.0, 262.0, 0.0,61.5, 130.2, 6.4
226,14,45,20,284,-11.2, 17.5, -25.3,0.0, 245.2, 0.0,59.9, 113.0, 6.1
227,14,45,20,791,-13.1, 17.8, -25.4,0.0, 233.2, 0.0,60.6, 101.2, 6.2
228,14,45,21,297,-14.2, 18.0, -26.0,0.0, 235.3, 0.0,59.2, 103.0, 6.0
229,14,45,21,806,-15.9, 17.4, -27.8,0.0, 227.0, 0.0,57.2, 94.3, 5.7
230,14,45,22,313,-17.3, 18.1, -29.4,0.0, 213.1, 0.0,51.1, 79.4, 4.9
231,14,45,22,819,-17.2, 18.5, -30.0,0.0, 219.0, 0.0,53.1, 85.6, 5.1
232,14,45,23,326,-17.6, 18.2, -29.8,0.0, 224.9, 0.0,53.5, 91.6, 5.2
233,14,45,23,832,-18.9, 17.8, -29.8,0.0, 228.2, 0.0,59.0, 95.8, 6.0
234,14,45,24,339,-20.3, 17.5, -30.1,0.0, 207.9, 0.0,57.8, 75.3, 5.8
235,14,45,24,846,-20.1, 17.5, -30.1,0.0, 191.6, 0.0,48.9, 57.6, 4.7
236,14,45,25,351,-18.0, 18.1, -29.6,0.0, 162.1, 0.0,47.5, 28.0, 4.5
237,14,45,25,858,-16.7, 18.7, -30.4,0.0, 172.6, 0.0,48.7, 38.6, 4.6
238,14,45,26,365,-16.5, 18.7, -30.5,0.0, 200.9, 0.0,54.6, 67.8, 5.3
239,14,45,26,872,-16.5, 18.7, -30.5,0.0, 233.6, 0.0,59.8, 101.4, 6.1
240,14,45,27,378,-16.3, 18.8, -30.6,0.0, 212.1, 0.0,59.3, 79.8, 6.0
241,14,45,27,885,-16.4, 18.7, -30.6,0.0, 247.6, 0.0,60.9, 115.7, 6.3
242,14,45,28,391,-17.8, 18.2, -29.7,0.0, 254.8, 0.0,80.2, 135.3, 18.2
243,14,45,28,898,-16.4, 18.7, -30.6,0.0, 244.8, 0.0,60.8, 112.8, 6.3
244,14,45,29,408,-16.3, 18.8, -30.7,0.0, 291.1, 0.0,52.5, 157.6, 5.0
245,14,45,29,910,-16.3, 18.8, -30.7,0.0, 247.0, 0.0,48.1, 113.0, 4.6
246,14,45,30,417,-16.3, 18.8, -30.7,0.0, 247.0, 0.0,48.1, 113.0, 4.6
247,14,45,30,924,-17.5, 18.4, -29.9,0.0, 241.9, 0.0,46.5, 107.7, 4.4
248,14,45,31,431,-17.6, 18.3, -29.8,0.0, 245.9, 0.0,44.3, 111.4, 4.3
249,14,45,31,938,-17.6, 18.3, -29.8,0.0, 249.2, 0.0,42.3, 114.5, 4.1
250,14,45,32,445,-17.6, 18.3, -29.8,0.0, 249.3, 0.0,43.0, 114.7, 4.2
251,14,45,32,952,-18.1, 17.5, -28.5,0.0, 249.3, 0.0,42.0, 114.6, 4.1
252,14,45,33,453,-18.1, 17.5, -28.5,0.0, 305.1, 0.0,56.7, 172.3, 5.6
253,14,45,33,961,-16.6, 17.7, -27.0,0.0, 323.4, 0.0,84.7, 221.0, 35.2
254,14,45,34,468,-16.2, 17.8, -26.4,0.0, 315.1, 0.0,85.5, 314.4, 136.7
255,14,45,34,976,-16.3, 17.3, -24.2,0.0, 332.6, 0.0,72.7, 352.6, 160.0
256,14,45,35,479,-16.3, 16.0, -22.2,0.0, 326.4, 0.0,83.1, 265.9, 81.7
257,14,45,35,988,-17.1, 14.6, -21.1,0.0, 328.5, 0.0,44.2, 193.0, 9.5
258,14,45,36,495,-17.2, 13.5, -19.3,0.0, 329.0, 0.0,46.1, 194.0, 9.8
259,14,45,37,2,-16.8, 12.2, -17.3,0.0, 326.2, 0.0,22.8, 186.9, 7.4
260,14,45,37,509,-16.7, 10.2, -14.9,0.0, 322.0, 0.0,15.4, 181.7, 7.1
261,14,45,38,16,-16.4, 9.4, -12.5,0.0, 317.6, 0.0,11.0, 176.8, 6.9
262,14,45,38,524,-16.4, 9.5, -9.9,0.0, 313.3, 0.0,6.9, 172.0, 6.9
263,14,45,39,31,-17.4, 9.4, -7.7,0.0, 319.6, 0.0,3.7, 177.9, 6.8
264,14,45,39,539,-17.4, 9.8, -5.2,0.0, 324.4, 0.0,2.1, 182.5, 6.8
265,14,45,40,45,-17.7, 9.9, -2.6,0.0, 315.4, 0.0,2.4, 173.5, 6.8
266,14,45,40,552,-17.8, 10.2, -0.2,0.0, 328.3, 0.0,2.6, 186.5, 6.8
267,14,45,41,58,-18.5, 10.7, 2.1,0.0, 330.4, 0.0,0.1, 188.3, 6.8
268,14,45,41,565,-19.7, 10.8, 4.4,0.0, 347.9, 0.0,359.6, 205.7, 6.8
269,14,45,42,70,-21.5, 10.6, 6.0,0.0, 353.6, 0.0,18.5, 213.7, 7.2
270,14,45,42,577,-22.2, 10.7, 8.4,0.0, 356.5, 0.0,39.6, 220.0, 8.9
271,14,45,43,81,-22.8, 10.6, 10.7,0.0, 34.4, 0.0,69.4, 270.8, 19.7
272,14,45,43,589,-23.6, 10.7, 12.7,0.0, 43.9, 0.0,78.2, 46.7, 144.4
273,14,45,44,97,-25.2, 10.7, 14.6,0.0, 53.8, 0.0,73.3, 68.2, 155.6
274,14,45,44,602,-27.1, 10.7, 15.2,0.0, 346.5, 0.0,78.6, 348.1, 143.2
275,14,45,45,109,-29.1, 10.4, 13.8,0.0, 291.1, 0.0,81.6, 274.8, 125.5
276,14,45,45,617,-31.2, 10.7, 15.0,0.0, 300.4, 0.0,82.1, 278.8, 120.3
277,14,45,46,124,-33.1, 11.0, 16.8,0.0, 312.6, 0.0,63.3, 184.2, 15.3
278,14,45,46,631,-35.0, 11.3, 18.2,0.0, 294.4, 0.0,60.0, 164.2, 13.7
279,14,45,47,138,-37.4, 11.6, 18.9,0.0, 294.3, 0.0,59.7, 163.9, 13.6
280,14,45,47,644,-39.6, 11.7, 20.1,0.0, 292.3, 0.0,63.0, 163.7, 15.1
281,14,45,48,151,-41.6, 11.5, 21.7,0.0, 318.4, 0.0,64.5, 190.8, 16.0
282,14,45,48,657,-43.7, 11.5, 22.9,0.0, 313.0, 0.0,66.2, 186.5, 17.1
283,14,45,49,165,-45.6, 11.4, 24.6,0.0, 310.6, 0.0,65.8, 183.9, 16.8
284,14,45,49,672,-47.8, 11.4, 25.7,0.0, 296.9, 0.0,67.0, 171.1, 17.7
285,14,45,50,178,-49.7, 11.4, 27.3,0.0, 296.9, 0.0,67.0, 171.1, 17.7
286,14,45,50,685,-51.8, 11.4, 28.8,0.0, 295.2, 0.0,65.7, 168.4, 16.7
287,14,45,51,192,-53.3, 11.6, 30.6,0.0, 295.2, 0.0,65.7, 168.4, 16.7
288,14,45,51,698,-54.6, 11.8, 32.7,0.0, 313.6, 0.0,65.0, 186.3, 16.3
289,14,45,52,203,-55.7, 12.2, 34.9,0.0, 346.5, 0.0,58.5, 215.6, 13.1
290,14,45,52,711,-57.8, 12.6, 36.3,0.0, 355.8, 0.0,55.9, 223.8, 12.2
291,14,45,53,217,-59.6, 13.1, 38.0,0.0, 359.4, 0.0,53.9, 226.7, 11.6
292,14,45,53,725,-61.0, 13.4, 40.1,0.0, 13.7, 0.0,51.2, 240.1, 10.9
293,14,45,54,226,-62.0, 13.9, 42.3,0.0, 35.5, 0.0,57.5, 264.1, 12.7
294,14,45,54,736,-62.9, 14.4, 44.5,0.0, 13.8, 0.0,53.0, 240.8, 11.4
295,14,45,55,244,-63.5, 15.0, 46.9,0.0, 16.3, 0.0,52.7, 243.2, 11.3
296,14,45,55,753,-62.4, 15.5, 49.0,0.0, 19.1, 0.0,52.1, 245.8, 11.1
297,14,45,56,257,-62.0, 16.0, 51.4,0.0, 17.7, 0.0,52.0, 244.3, 11.1
298,14,45,56,765,-61.3, 16.8, 53.6,0.0, 9.7, 0.0,52.9, 236.6, 11.3
299,14,45,57,272,-61.2, 17.4, 56.0,0.0, 9.7, 0.0,52.9, 236.6, 11.3
300,14,45,57,779,-60.5, 17.8, 58.4,0.0, 13.7, 0.0,56.7, 242.0, 12.5
301,14,45,58,287,-59.8, 18.5, 60.8,0.0, 0.5, 0.0,57.3, 229.1, 12.7
302,14,45,58,793,-58.7, 19.2, 62.9,0.0, 343.6, 0.0,56.0, 211.6, 12.2
303,14,45,59,299,-57.7, 20.0, 65.0,0.0, 328.3, 0.0,58.1, 197.2, 13.0
304,14,45,59,806,-58.5, 20.6, 67.4,0.0, 302.5, 0.0,64.0, 174.5, 15.7
305,14,46,00,318,-59.6, 21.1, 69.6,0.0, 286.6, 0.0,66.7, 160.6, 17.5
306,14,46,00,819,-61.0, 21.6, 71.6,0.0, 281.9, 0.0,68.0, 156.9, 18.4
307,14,46,01,326,-62.9, 22.3, 73.1,0.0, 267.5, 0.0,65.3, 140.4, 16.5
308,14,46,01,833,-65.0, 23.1, 73.5,0.0, 254.9, 0.0,65.3, 127.8, 16.5
309,14,46,02,340,-67.2, 24.1, 73.9,0.0, 245.5, 0.0,65.2, 118.3, 16.4
310,14,46,02,846,-69.5, 24.9, 73.0,0.0, 240.4, 0.0,62.7, 111.6, 15.0
311,14,46,03,353,-71.8, 25.6, 73.0,0.0, 234.0, 0.0,62.9, 105.3, 15.1
312,14,46,03,857,-73.4, 26.3, 71.3,0.0, 205.2, 0.0,65.0, 77.9, 16.3
313,14,46,04,359,-74.6, 27.0, 69.3,0.0, 148.6, 0.0,83.0, 82.4, 76.1
314,14,46,04,870,-77.0, 27.8, 69.3,0.0, 148.9, 0.0,83.1, 107.6, 100.7
315,14,46,05,389,-78.3, 28.7, 67.8,0.0, 144.7, 0.0,80.9, 134.1, 131.2
316,14,46,05,898,-80.1, 29.7, 66.8,0.0, 149.6, 0.0,80.5, 142.2, 134.3
317,14,46,06,405,-82.0, 30.8, 65.7,0.0, 164.8, 0.0,79.6, 162.1, 139.0
318,14,46,06,910,-83.9, 31.8, 64.9,0.0, 215.8, 0.0,82.6, 187.5, 113.6
319,14,46,07,417,-85.6, 32.6, 63.5,0.0, 258.4, 0.0,82.3, 178.3, 62.3
320,14,46,07,925,-87.4, 33.5, 61.9,0.0, 280.2, 0.0,78.4, 173.7, 36.2
321,14,46,08,432,-89.6, 34.3, 62.0,0.0, 301.6, 0.0,77.2, 191.1, 32.3
322,14,46,08,939,-91.8, 35.4, 62.4,0.0, 326.8, 0.0,76.4, 214.2, 30.3
323,14,46,09,446,-94.0, 36.5, 63.3,0.0, 332.5, 0.0,76.6, 220.4, 30.7
324,14,46,09,952,-94.6, 37.4, 65.5,0.0, 346.2, 0.0,75.5, 231.6, 28.3
325,14,46,10,459,-94.5, 38.5, 67.7,0.0, 346.6, 0.0,75.3, 231.5, 27.8
326,14,46,10,966,-93.7, 39.6, 69.8,0.0, 346.0, 0.0,75.1, 230.5, 27.5
327,14,46,11,473,-92.8, 40.5, 71.9,0.0, 345.5, 0.0,75.3, 230.5, 28.0
328,14,46,11,979,-93.0, 41.4, 74.1,0.0, 333.7, 0.0,77.2, 223.2, 32.3
329,14,46,12,486,-92.3, 42.1, 76.5,0.0, 331.1, 0.0,77.9, 222.9, 34.5
330,14,46,12,993,-92.1, 43.0, 78.8,0.0, 329.8, 0.0,77.8, 221.1, 34.0
331,14,46,13,499,-92.0, 43.9, 81.1,0.0, 318.1, 0.0,79.1, 214.4, 39.0
332,14,46,14,6,-92.4, 44.8, 83.5,0.0, 302.9, 0.0,80.9, 208.7, 48.4
333,14,46,14,514,-92.3, 45.8, 85.7,0.0, 307.3, 0.0,82.7, 233.5, 68.5
334,14,46,15,21,-93.4, 46.6, 87.6,0.0, 240.5, 0.0,79.3, 239.2, 140.4
335,14,46,15,530,-94.0, 47.5, 89.8,0.0, 180.2, 0.0,62.5, 198.9, 161.3
336,14,46,16,57,-93.6, 48.0, 92.4,0.0, 190.6, 0.0,54.6, 207.8, 161.9
337,14,46,16,564,-93.2, 48.3, 94.7,0.0, 190.3, 0.0,54.1, 207.8, 162.1
338,14,46,17,78,-92.4, 48.4, 94.8,0.0, 229.7, 0.0,52.0, 247.2, 162.5
339,14,46,17,590,-92.6, 48.2, 93.9,0.0, 251.9, 0.0,70.8, 250.4, 145.6
340,14,46,18,98,-94.5, 48.2, 93.4,0.0, 283.6, 0.0,77.1, 259.7, 123.9
341,14,46,18,604,-94.4, 48.2, 93.5,0.0, 315.4, 0.0,69.6, 316.4, 147.8
342,14,46,19,111,-94.0, 48.7, 95.9,0.0, 11.9, 0.0,64.0, 20.5, 154.9
343,14,46,19,618,-93.5, 49.1, 97.6,0.0, 19.0, 0.0,47.2, 36.1, 162.9
344,14,46,20,125,-92.2, 49.2, 99.1,0.0, 15.4, 0.0,25.2, 31.1, 164.3
345,14,46,20,632,-91.1, 49.2, 99.3,0.0, 21.9, 0.0,22.2, 37.4, 164.5
346,14,46,21,138,-90.5, 49.4, 100.0,0.0, 27.2, 0.0,18.6, 42.6, 164.6
347,14,46,21,645,-90.7, 49.2, 99.1,0.0, 13.6, 0.0,18.0, 29.0, 164.6
348,14,46,22,152,-92.0, 49.4, 100.1,0.0, 33.3, 0.0,16.3, 48.6, 164.7
349,14,46,22,658,-93.7, 50.1, 101.9,0.0, 57.4, 0.0,13.2, 72.7, 164.7
350,14,46,23,160,-94.6, 50.3, 104.1,0.0, 58.7, 0.0,11.2, 73.9, 164.8
351,14,46,23,669,-94.6, 50.2, 106.1,0.0, 39.8, 0.0,11.4, 55.0, 164.8
352,14,46,24,190,-94.4, 50.2, 104.4,0.0, 114.1, 0.0,357.9, 129.2, 164.9
353,14,46,24,695,-93.9, 50.2, 102.6,0.0, 144.0, 0.0,345.6, 159.4, 164.6
354,14,46,25,203,-92.4, 49.7, 101.2,0.0, 141.3, 0.0,324.6, 158.5, 162.8
355,14,46,25,710,-90.3, 49.4, 100.3,0.0, 141.5, 0.0,304.8, 163.8, 157.7
356,14,46,26,217,-88.2, 49.4, 99.2,0.0, 148.6, 0.0,293.8, 178.4, 150.2
357,14,46,26,724,-86.6, 49.1, 97.4,0.0, 145.9, 0.0,287.9, 184.4, 141.5
358,14,46,27,244,-85.3, 49.3, 95.5,0.0, 154.5, 0.0,284.2, 295.5, 39.0
359,14,46,27,764,-85.3, 49.3, 95.5,0.0, 153.8, 0.0,285.2, 298.6, 35.1
360,14,46,28,285,-85.3, 49.3, 95.5,0.0, 143.0, 0.0,286.7, 291.6, 31.4
361,14,46,28,805,-84.4, 49.3, 94.3,0.0, 146.7, 0.0,299.0, 311.2, 15.5
362,14,46,29,325,-84.4, 49.3, 94.3,0.0, 107.9, 0.0,294.4, 269.4, 18.2
363,14,46,29,829,-85.2, 49.3, 95.1,0.0, 28.4, 0.0,284.0, 174.9, 32.3
364,14,46,30,336,-86.9, 49.0, 96.9,0.0, 344.2, 0.0,280.9, 119.6, 43.2
365,14,46,30,844,-89.2, 49.2, 97.7,0.0, 296.7, 0.0,290.8, 314.8, 158.7
366,14,46,31,351,-90.8, 49.3, 99.7,0.0, 269.2, 0.0,296.0, 282.7, 162.9
367,14,46,31,859,-91.0, 49.4, 100.6,0.0, 278.6, 0.0,300.0, 289.7, 165.0
368,14,46,32,366,-90.7, 49.5, 102.4,0.0, 334.0, 0.0,295.3, 348.1, 162.4
369,14,46,32,873,-91.0, 49.5, 104.8,0.0, 19.9, 0.0,280.6, 153.8, 44.7
370,14,46,33,380,-91.8, 49.8, 107.1,0.0, 33.0, 0.0,283.0, 176.9, 34.9
371,14,46,33,887,-92.2, 50.0, 109.6,0.0, 39.4, 0.0,285.2, 188.8, 29.6
372,14,46,34,393,-92.0, 50.1, 112.2,0.0, 57.0, 0.0,292.6, 216.9, 19.6
373,14,46,34,900,-91.8, 50.2, 114.6,0.0, 59.5, 0.0,292.3, 219.1, 19.9
374,14,46,35,406,-90.9, 50.2, 116.8,0.0, 61.1, 0.0,297.0, 224.4, 16.5
375,14,46,35,914,-89.4, 50.3, 118.6,0.0, 3.0, 0.0,306.2, 171.4, 11.6
376,14,46,36,420,-89.3, 50.8, 121.0,0.0, 339.0, 0.0,285.9, 1.6, 154.3
377,14,46,36,928,-87.1, 50.3, 120.3,0.0, 59.6, 0.0,305.6, 227.8, 11.8
378,14,46,37,434,-85.1, 50.2, 121.5,0.0, 66.2, 0.0,319.1, 238.5, 7.7
379,14,46,37,940,-83.4, 50.0, 123.2,0.0, 67.0, 0.0,320.1, 239.5, 7.5
380,14,46,38,447,-81.9, 49.9, 125.2,0.0, 62.1, 0.0,325.4, 235.6, 6.5
381,14,46,38,954,-80.2, 49.8, 126.9,0.0, 62.1, 0.0,325.4, 235.6, 6.5
382,14,46,39,460,-78.2, 49.4, 128.3,0.0, 63.1, 0.0,325.3, 236.6, 6.5
383,14,46,39,967,-76.2, 49.3, 129.8,0.0, 65.4, 0.0,324.8, 238.8, 6.6
384,14,46,40,473,-73.8, 49.3, 130.8,0.0, 66.7, 0.0,328.1, 240.6, 6.1
385,14,46,40,980,-71.5, 49.1, 131.6,0.0, 66.1, 0.0,328.7, 240.1, 6.0
386,14,46,41,487,-69.2, 49.0, 132.5,0.0, 59.2, 0.0,330.5, 233.4, 5.7
387,14,46,41,994,-66.6, 48.7, 133.0,0.0, 49.0, 0.0,332.3, 223.5, 5.5
388,14,46,42,500,-64.3, 48.4, 133.5,0.0, 57.0, 0.0,333.7, 231.6, 5.3
389,14,46,43,7,-62.2, 48.1, 134.8,0.0, 58.9, 0.0,340.2, 234.3, 4.6
390,14,46,43,508,-59.9, 47.8, 135.9,0.0, 75.9, 0.0,343.0, 251.5, 4.4
391,14,46,44,16,-57.4, 47.6, 136.2,0.0, 83.9, 0.0,347.7, 259.9, 4.0
392,14,46,44,524,-55.0, 47.5, 136.5,0.0, 91.9, 0.0,348.7, 268.0, 3.9
393,14,46,45,32,-52.4, 47.5, 136.3,0.0, 95.8, 0.0,357.2, 272.5, 3.3
394,14,46,45,538,-49.9, 47.8, 136.4,0.0, 93.7, 0.0,24.0, 271.5, 2.1
395,14,46,46,43,-49.6, 47.9, 136.5,0.0, 87.6, 0.0,23.8, 265.4, 2.1
396,14,46,46,552,-49.2, 47.9, 136.5,0.0, 88.2, 0.0,23.0, 266.0, 2.0
397,14,46,47,70,-49.2, 47.9, 136.5,0.0, 122.2, 0.0,21.4, 299.9, 2.0
398,14,46,47,578,-49.2, 47.9, 136.5,0.0, 122.3, 0.0,19.2, 299.9, 2.0
399,14,46,48,98,-49.2, 47.9, 136.5,0.0, 132.9, 0.0,12.4, 310.3, 1.9
400,14,46,48,604,-49.2, 47.9, 136.5,0.0, 126.5, 0.0,11.3, 303.9, 1.9
401,14,46,49,125,-49.2, 47.9, 136.5,0.0, 132.5, 0.0,11.5, 309.9, 1.9
402,14,46,49,630,-49.4, 47.9, 136.6,0.0, 29.1, 0.0,3.4, 206.2, 1.9
403,14,46,50,138,-49.6, 47.1, 138.5,0.0, 38.5, 0.0,345.2, 215.0, 1.9
404,14,46,50,644,-48.4, 46.4, 140.5,0.0, 45.7, 0.0,350.2, 222.4, 1.9
405,14,46,51,152,-47.4, 45.9, 142.7,0.0, 47.6, 0.0,356.1, 224.5, 1.9
406,14,46,51,659,-46.3, 45.5, 144.8,0.0, 51.1, 0.0,0.4, 228.1, 1.9
407,14,46,52,165,-45.1, 45.2, 146.9,0.0, 56.2, 0.0,1.8, 233.2, 1.9
408,14,46,52,672,-43.5, 44.8, 148.7,0.0, 64.6, 0.0,14.5, 242.1, 1.9
409,14,46,53,179,-42.1, 44.6, 150.7,0.0, 64.4, 0.0,13.4, 241.8, 1.9
410,14,46,53,685,-39.9, 44.1, 151.9,0.0, 54.7, 0.0,14.9, 232.2, 1.9
411,14,46,54,194,-37.8, 43.5, 153.3,0.0, 49.0, 0.0,11.9, 226.4, 1.9
412,14,46,54,700,-36.1, 43.1, 155.0,0.0, 20.8, 0.0,337.9, 197.0, 2.0
413,14,46,55,206,-33.9, 42.3, 155.2,0.0, 38.5, 0.0,345.6, 215.0, 1.9
414,14,46,55,714,-31.7, 41.8, 156.5,0.0, 25.5, 0.0,340.2, 201.8, 2.0
415,14,46,56,221,-29.7, 41.2, 157.7,0.0, 19.8, 0.0,333.6, 195.8, 2.1
416,14,46,56,727,-28.3, 40.8, 159.6,0.0, 353.8, 0.0,305.0, 168.1, 3.3
417,14,46,57,235,-26.4, 40.2, 159.5,0.0, 39.3, 0.0,314.2, 214.3, 2.7
418,14,46,57,740,-24.5, 39.4, 160.2,0.0, 76.1, 0.0,354.0, 252.9, 1.9
419,14,46,58,246,-23.5, 38.9, 162.3,0.0, 87.1, 0.0,1.0, 264.1, 1.9
420,14,46,58,751,-22.0, 38.6, 164.3,0.0, 113.4, 0.0,12.8, 290.8, 1.9
421,14,46,59,270,-21.6, 38.7, 165.2,0.0, 149.7, 0.0,20.4, 327.4, 2.0
422,14,46,59,776,-21.4, 39.3, 167.0,0.0, 162.7, 0.0,14.6, 340.2, 1.9
423,14,47,00,282,-20.2, 39.0, 167.2,0.0, 201.2, 0.0,3.4, 18.3, 1.9
424,14,47,00,789,-18.5, 38.3, 167.0,0.0, 208.1, 0.0,352.7, 24.8, 1.9
425,14,47,01,297,-17.0, 37.6, 166.5,0.0, 218.9, 0.0,344.1, 35.3, 2.0
426,14,47,01,805,-16.0, 37.9, 167.4,0.0, 219.3, 0.0,347.8, 35.9, 1.9
427,14,47,02,321,-14.6, 37.8, 168.1,0.0, 139.6, 0.0,353.0, 316.3, 1.9
428,14,47,02,827,-12.7, 36.6, 167.1,0.0, 117.7, 0.0,15.4, 295.2, 1.9
429,14,47,03,336,-11.4, 35.1, 165.9,0.0, 127.3, 0.0,18.3, 304.9, 2.0
430,14,47,03,843,-9.9, 33.7, 164.6,0.0, 125.5, 0.0,18.1, 303.1, 2.0
431,14,47,04,352,-8.1, 32.5, 163.4,0.0, 138.6, 0.0,13.6, 316.0, 1.9
432,14,47,04,856,-6.5, 31.4, 161.8,0.0, 112.8, 0.0,13.1, 290.2, 1.9
433,14,47,05,363,-4.6, 30.5, 160.6,0.0, 103.9, 0.0,13.1, 281.3, 1.9
434,14,47,05,871,-3.0, 29.7, 158.7,0.0, 103.9, 0.0,13.1, 281.3, 1.9
435,14,47,06,378,-0.8, 28.9, 158.1,0.0, 100.0, 0.0,12.4, 277.4, 1.9
436,14,47,06,886,0.9, 28.1, 156.6,0.0, 91.3, 0.0,10.7, 268.6, 1.9
437,14,47,07,393,2.4, 27.3, 154.7,0.0, 91.3, 0.0,10.7, 268.6, 1.9
438,14,47,07,901,4.3, 26.5, 153.2,0.0, 91.3, 0.0,10.7, 268.6, 1.9
439,14,47,08,407,6.2, 25.8, 151.9,0.0, 75.4, 0.0,341.5, 251.8, 2.0
440,14,47,08,914,8.6, 25.2, 151.0,0.0, 74.6, 0.0,340.9, 250.9, 2.0
441,14,47,09,420,10.6, 24.5, 150.0,0.0, 65.5, 0.0,323.3, 241.1, 2.3
442,14,47,09,927,12.2, 23.8, 148.2,0.0, 69.7, 0.0,321.2, 245.2, 2.4
443,14,47,10,433,14.4, 23.3, 147.1,0.0, 67.3, 0.0,328.9, 243.1, 2.2
444,14,47,10,941,16.8, 22.8, 146.9,0.0, 70.7, 0.0,334.5, 246.8, 2.1
445,14,47,11,446,19.1, 22.4, 147.5,0.0, 62.4, 0.0,331.1, 238.3, 2.1
446,14,47,11,954,21.6, 21.8, 146.9,0.0, 60.1, 0.0,331.5, 236.1, 2.1
447,14,47,12,459,24.0, 21.7, 146.7,0.0, 59.9, 0.0,331.5, 235.9, 2.1
448,14,47,12,967,26.2, 21.1, 147.8,0.0, 59.9, 0.0,331.5, 235.9, 2.1
449,14,47,13,473,28.7, 20.4, 147.8,0.0, 53.7, 0.0,327.8, 229.5, 2.2
450,14,47,13,981,30.7, 20.4, 149.2,0.0, 50.4, 0.0,323.9, 226.0, 2.3
451,14,47,14,487,33.2, 20.2, 149.4,0.0, 50.5, 0.0,326.1, 226.2, 2.3
452,14,47,14,995,35.4, 20.4, 150.6,0.0, 47.4, 0.0,326.0, 223.1, 2.3
453,14,47,15,502,37.8, 20.3, 151.2,0.0, 27.7, 0.0,316.6, 202.9, 2.6
454,14,47,16,8,40.3, 20.0, 151.4,0.0, 36.8, 0.0,308.5, 211.4, 3.0
455,14,47,16,515,42.7, 20.0, 152.3,0.0, 30.6, 0.0,312.0, 205.5, 2.8
456,14,47,17,22,44.8, 20.2, 153.5,0.0, 26.2, 0.0,314.0, 201.2, 2.7
457,14,47,17,528,46.6, 20.8, 154.9,0.0, 27.1, 0.0,313.3, 202.1, 2.7
458,14,47,18,35,47.6, 21.8, 156.9,0.0, 5.5, 0.0,309.1, 180.2, 3.0
459,14,47,18,542,49.1, 22.7, 158.6,0.0, 350.3, 0.0,306.5, 164.7, 3.2
460,14,47,19,47,48.8, 23.2, 159.6,0.0, 316.6, 0.0,306.5, 131.0, 3.2
461,14,47,19,554,49.2, 23.1, 159.5,0.0, 329.8, 0.0,306.8, 144.3, 3.1
462,14,47,20,63,48.6, 23.2, 159.6,0.0, 20.9, 0.0,315.6, 196.0, 2.6
463,14,47,20,567,49.0, 23.2, 159.6,0.0, 58.9, 0.0,327.3, 234.7, 2.2
464,14,47,21,74,49.6, 23.1, 159.5,0.0, 76.0, 0.0,327.8, 251.8, 2.2
465,14,47,21,579,51.1, 22.7, 159.2,0.0, 144.4, 0.0,16.5, 321.9, 2.0
466,14,47,22,79,50.0, 22.0, 157.6,0.0, 124.2, 0.0,13.8, 301.6, 1.9
467,14,47,22,590,49.7, 20.9, 155.3,0.0, 107.0, 0.0,13.3, 284.4, 1.9
468,14,47,23,97,50.1, 20.0, 153.2,0.0, 102.5, 0.0,11.3, 279.9, 1.9
469,14,47,23,605,52.4, 19.6, 152.6,0.0, 107.3, 0.0,10.5, 284.6, 1.9
470,14,47,24,112,54.8, 19.1, 151.7,0.0, 107.4, 0.0,9.4, 284.7, 1.9
471,14,47,24,620,56.8, 18.7, 150.4,0.0, 107.4, 0.0,9.4, 284.7, 1.9
472,14,47,25,127,59.0, 18.5, 149.3,0.0, 103.7, 0.0,9.4, 281.0, 1.9
473,14,47,25,634,61.4, 18.5, 148.5,0.0, 75.2, 0.0,4.1, 252.3, 1.9
474,14,47,26,142,63.6, 18.3, 147.2,0.0, 71.8, 0.0,2.8, 248.9, 1.9
475,14,47,26,648,65.4, 18.2, 145.6,0.0, 81.6, 0.0,1.6, 258.6, 1.9
476,14,47,27,155,66.6, 18.2, 143.5,0.0, 70.6, 0.0,359.6, 247.6, 1.9
477,14,47,27,661,68.1, 18.1, 142.5,0.0, 48.3, 0.0,353.4, 225.1, 1.9
478,14,47,28,168,70.0, 18.1, 142.9,0.0, 46.5, 0.0,352.0, 223.2, 1.9
479,14,47,28,675,71.3, 18.1, 141.9,0.0, 49.6, 0.0,351.2, 226.3, 1.9
480,14,47,29,182,72.0, 18.2, 142.6,0.0, 40.5, 0.0,345.2, 217.0, 1.9
481,14,47,29,687,72.0, 18.2, 143.6,0.0, 326.5, 0.0,335.9, 142.6, 2.1
482,14,47,30,194,72.0, 18.2, 143.6,0.0, 323.9, 0.0,335.5, 140.0, 2.1
483,14,47,30,699,70.7, 18.1, 142.7,0.0, 323.9, 0.0,335.5, 140.0, 2.1
484,14,47,31,206,71.1, 18.2, 143.0,0.0, 71.3, 0.0,355.1, 248.1, 1.9
485,14,47,31,713,73.6, 18.4, 143.6,0.0, 96.9, 0.0,4.7, 274.0, 1.9
486,14,47,32,220,75.5, 18.5, 143.9,0.0, 106.3, 0.0,18.7, 283.9, 2.0
487,14,47,32,726,75.8, 18.8, 146.3,0.0, 108.7, 0.0,17.5, 286.3, 2.0
488,14,47,33,234,77.9, 18.8, 146.8,0.0, 132.0, 0.0,24.2, 309.8, 2.1
489,14,47,33,740,78.6, 18.6, 146.1,0.0, 132.5, 0.0,25.7, 310.4, 2.1
490,14,47,34,247,80.4, 18.5, 144.4,0.0, 135.2, 0.0,27.8, 313.1, 2.0
491,14,47,34,754,79.3, 18.5, 142.6,0.0, 136.2, 0.0,29.6, 314.2, 2.0
492,14,47,35,260,81.3, 18.3, 141.7,0.0, 124.7, 0.0,59.8, 303.3, 1.4
493,14,47,35,766,81.7, 18.2, 141.3,0.0, 133.5, 0.0,60.1, 312.1, 1.4
494,14,47,36,281,81.7, 17.9, 139.4,0.0, 181.0, 0.0,63.7, 359.6, 1.1
495,14,47,36,804,81.3, 17.4, 136.9,0.0, 187.6, 0.0,57.4, 5.9, 0.9
496,14,47,37,309,82.2, 17.3, 135.0,0.0, 110.8, 0.0,80.2, 289.7, 1.1
497,14,47,37,817,80.1, 17.6, 135.7,0.0, 112.4, 0.0,74.5, 290.9, 0.7
498,14,47,38,324,81.3, 17.6, 137.7,0.0, 128.7, 0.0,75.8, 307.2, 0.8
499,14,47,38,831,82.0, 17.7, 138.5,0.0, 133.4, 0.0,77.6, 312.0, 0.9
500,14,47,39,338,81.3, 17.5, 137.2,0.0, 118.5, 0.0,89.2, 297.5, 1.0
501,14,47,39,846,81.7, 17.8, 138.6,0.0, 101.0, 0.0,89.3, 100.3, 181.3
502,14,47,40,352,81.0, 17.6, 137.8,0.0, 124.5, 0.0,86.9, 123.5, 181.0
503,14,47,40,859,81.0, 17.6, 137.8,0.0, 126.9, 0.0,79.5, 126.0, 181.0
504,14,47,41,366,80.5, 17.5, 137.0,0.0, 135.2, 0.0,74.9, 134.3, 180.9
505,14,47,41,874,80.1, 17.6, 135.8,0.0, 128.6, 0.0,72.4, 127.7, 180.9
506,14,47,42,381,78.6, 17.7, 135.9,0.0, 130.4, 0.0,72.2, 129.5, 180.9
507,14,47,42,887,77.9, 17.8, 135.0,0.0, 132.1, 0.0,72.0, 131.2, 180.9
508,14,47,43,394,78.7, 17.7, 135.8,0.0, 139.6, 0.0,72.0, 138.7, 180.9
509,14,47,43,901,80.0, 17.6, 136.9,0.0, 141.3, 0.0,72.3, 140.4, 180.9
510,14,47,44,426,79.4, 17.6, 136.1,0.0, 256.9, 0.0,80.0, 256.9, 181.7
511,14,47,44,936,76.9, 17.7, 135.8,0.0, 253.0, 0.0,80.1, 253.1, 181.7
512,14,47,45,441,74.5, 17.4, 135.5,0.0, 263.4, 0.0,88.7, 275.4, 193.7
513,14,47,45,950,72.1, 17.1, 134.8,0.0, 265.3, 0.0,84.7, 80.4, 356.7
514,14,47,46,458,69.6, 17.0, 134.3,0.0, 265.3, 0.0,83.9, 80.8, 357.2
515,14,47,46,965,67.2, 16.9, 133.9,0.0, 274.9, 0.0,75.1, 92.1, 358.8
516,14,47,47,473,64.9, 16.8, 132.7,0.0, 266.2, 0.0,75.8, 83.3, 358.8
517,14,47,47,976,62.6, 16.6, 131.9,0.0, 251.7, 0.0,78.1, 68.6, 358.5
518,14,47,48,484,60.2, 16.5, 131.3,0.0, 244.7, 0.0,77.0, 61.7, 358.7
519,14,47,48,991,58.0, 16.5, 130.1,0.0, 238.7, 0.0,78.2, 55.6, 358.5
520,14,47,49,498,55.6, 16.5, 129.0,0.0, 233.8, 0.0,77.5, 50.8, 358.6
521,14,47,50,6,53.5, 16.5, 127.8,0.0, 233.0, 0.0,77.4, 50.0, 358.6
522,14,47,50,513,51.3, 16.4, 126.5,0.0, 233.0, 0.0,77.4, 50.0, 358.6
523,14,47,51,19,49.2, 16.5, 125.1,0.0, 233.0, 0.0,77.4, 50.0, 358.6
524,14,47,51,526,47.1, 16.6, 123.9,0.0, 233.0, 0.0,77.4, 50.0, 358.6
525,14,47,52,33,45.0, 16.7, 122.3,0.0, 226.7, 0.0,76.9, 43.7, 358.7
526,14,47,52,540,43.0, 16.9, 120.8,0.0, 223.5, 0.0,83.1, 39.3, 357.5
527,14,47,53,47,41.2, 17.0, 119.1,0.0, 222.9, 0.0,84.4, 38.1, 356.9
528,14,47,53,554,39.4, 17.2, 117.3,0.0, 222.9, 0.0,84.4, 38.1, 356.9
529,14,47,54,59,37.4, 17.5, 115.9,0.0, 205.2, 0.0,74.5, 22.4, 358.9
530,14,47,54,565,35.4, 17.7, 114.4,0.0, 203.4, 0.0,72.1, 20.8, 359.0
531,14,47,55,86,33.5, 17.7, 112.8,0.0, 214.4, 0.0,75.3, 31.6, 358.8
532,14,47,55,593,31.9, 17.6, 110.7,0.0, 233.5, 0.0,80.5, 50.0, 358.2
533,14,47,56,113,30.2, 17.4, 108.8,0.0, 211.5, 0.0,76.4, 28.6, 358.7
534,14,47,56,619,28.9, 17.2, 106.7,0.0, 211.5, 0.0,76.4, 28.6, 358.7
535,14,47,57,127,27.3, 17.0, 104.8,0.0, 212.7, 0.0,71.2, 30.1, 359.1
536,14,47,57,634,25.6, 16.8, 102.9,0.0, 212.7, 0.0,71.2, 30.1, 359.1
537,14,47,58,139,24.5, 16.8, 100.7,0.0, 197.3, 0.0,69.6, 14.8, 359.1
538,14,47,58,649,22.5, 17.1, 99.3,0.0, 197.3, 0.0,69.6, 14.8, 359.1
539,14,47,59,167,21.6, 17.1, 96.9,0.0, 219.4, 0.0,73.0, 36.7, 359.0
540,14,47,59,672,19.9, 17.2, 95.1,0.0, 225.6, 0.0,74.2, 42.9, 358.9
541,14,48,00,185,18.2, 17.4, 93.1,0.0, 215.2, 0.0,72.9, 32.6, 359.0
542,14,48,00,699,16.8, 17.7, 91.0,0.0, 214.9, 0.0,72.0, 32.3, 359.0
543,14,48,01,206,15.3, 18.0, 89.0,0.0, 212.3, 0.0,71.8, 29.7, 359.0
544,14,48,01,714,14.1, 18.1, 86.7,0.0, 210.8, 0.0,71.9, 28.2, 359.0
545,14,48,02,220,12.7, 18.1, 84.6,0.0, 213.9, 0.0,72.2, 31.3, 359.0
546,14,48,02,740,11.3, 18.5, 82.6,0.0, 213.7, 0.0,71.8, 31.1, 359.0
547,14,48,03,248,10.2, 19.7, 80.7,0.0, 212.2, 0.0,71.2, 29.6, 359.1
548,14,48,03,765,9.1, 21.0, 78.8,0.0, 169.9, 0.0,68.2, 347.5, 359.2
549,14,48,04,273,8.8, 21.7, 76.8,0.0, 152.9, 0.0,67.3, 330.5, 359.2
550,14,48,04,780,9.1, 21.8, 76.0,0.0, 124.5, 0.0,66.4, 302.1, 359.2
551,14,48,05,287,10.8, 23.1, 74.8,0.0, 121.6, 0.0,66.7, 299.2, 359.2
552,14,48,05,794,12.9, 24.4, 74.3,0.0, 92.7, 0.0,67.9, 270.3, 359.2
553,14,48,06,301,14.1, 24.9, 73.3,0.0, 58.0, 0.0,67.9, 235.6, 359.2
554,14,48,06,806,14.8, 24.9, 73.8,0.0, 43.8, 0.0,66.7, 221.4, 359.2
555,14,48,07,314,16.0, 26.0, 75.7,0.0, 35.3, 0.0,66.4, 212.9, 359.2
556,14,48,07,821,16.6, 26.9, 77.8,0.0, 327.1, 0.0,72.4, 144.5, 359.0
557,14,48,08,326,17.5, 27.0, 78.6,0.0, 319.6, 0.0,74.0, 136.9, 358.9
558,14,48,08,834,16.1, 27.0, 79.4,0.0, 254.8, 0.0,77.4, 71.8, 358.6
559,14,48,09,337,14.5, 27.2, 78.9,0.0, 210.6, 0.0,83.1, 211.4, 182.5
560,14,48,09,841,13.6, 27.2, 78.0,0.0, 191.2, 0.0,77.0, 190.8, 181.3
561,14,48,10,363,12.1, 27.2, 78.3,0.0, 192.7, 0.0,73.9, 192.1, 181.1
562,14,48,10,871,11.8, 27.2, 77.1,0.0, 192.1, 0.0,71.8, 191.3, 181.0
563,14,48,11,392,12.4, 27.2, 77.0,0.0, 203.8, 0.0,49.9, 203.0, 180.8
564,14,48,11,898,12.4, 27.2, 77.0,0.0, 196.3, 0.0,35.5, 195.6, 180.7
565,14,48,12,405,12.4, 27.2, 77.0,0.0, 196.3, 0.0,35.5, 195.6, 180.7
566,14,48,12,912,13.7, 27.2, 76.8,0.0, 189.3, 0.0,37.7, 188.6, 180.7
567,14,48,13,420,13.9, 27.2, 76.7,0.0, 189.4, 0.0,38.0, 188.7, 180.7
568,14,48,13,921,13.9, 27.2, 76.7,0.0, 217.3, 0.0,45.2, 216.8, 180.8
569,14,48,14,432,13.8, 27.2, 76.7,0.0, 234.3, 0.0,45.8, 233.8, 180.8
570,14,48,14,939,13.0, 27.2, 76.1,0.0, 251.7, 0.0,45.4, 251.2, 180.8
571,14,48,15,446,13.0, 27.2, 76.1,0.0, 252.7, 0.0,45.2, 252.2, 180.8
572,14,48,15,952,13.0, 27.2, 76.1,0.0, 263.4, 0.0,46.7, 262.9, 180.8
573,14,48,16,460,13.0, 27.2, 77.5,0.0, 281.0, 0.0,49.4, 280.5, 180.9
574,14,48,16,967,13.0, 27.2, 77.5,0.0, 288.2, 0.0,56.2, 287.9, 181.0
575,14,48,17,482,13.0, 27.2, 77.5,0.0, 272.2, 0.0,53.5, 271.8, 181.0
576,14,48,17,993,13.0, 27.2, 77.5,0.0, 282.7, 0.0,54.9, 282.4, 181.0
577,14,48,18,500,13.0, 27.2, 77.5,0.0, 283.6, 0.0,55.3, 283.3, 181.0
578,14,48,19,7,13.0, 27.2, 77.5,0.0, 301.0, 0.0,57.8, 300.8, 181.1
579,14,48,19,514,13.1, 27.2, 77.7,0.0, 301.0, 0.0,57.8, 300.8, 181.1
580,14,48,20,21,13.6, 27.2, 78.5,0.0, 327.9, 0.0,53.6, 327.6, 181.0
581,14,48,20,528,13.6, 27.2, 78.5,0.0, 350.3, 0.0,45.7, 349.8, 180.8
582,14,48,21,34,13.6, 27.2, 78.5,0.0, 350.3, 0.0,45.7, 349.8, 180.8
583,14,48,21,541,13.6, 27.2, 78.5,0.0, 347.9, 0.0,44.6, 347.3, 180.8
584,14,48,22,48,13.6, 27.2, 78.5,0.0, 346.0, 0.0,45.0, 345.4, 180.8
585,14,48,22,555,13.6, 27.2, 78.5,0.0, 354.6, 0.0,46.5, 354.1, 180.8
586,14,48,23,62,13.6, 27.2, 78.5,0.0, 335.9, 0.0,42.2, 335.3, 180.8
587,14,48,23,567,13.6, 27.2, 78.5,0.0, 257.6, 0.0,43.9, 257.0, 180.8
588,14,48,24,70,12.5, 27.2, 77.8,0.0, 229.7, 0.0,22.5, 229.0, 180.7
589,14,48,24,576,12.5, 27.2, 77.8,0.0, 229.7, 0.0,24.1, 229.0, 180.7
590,14,48,25,84,12.6, 27.2, 77.9,0.0, 209.4, 0.0,23.3, 208.7, 180.7
591,14,48,25,588,12.8, 27.2, 78.4,0.0, 147.5, 0.0,13.6, 146.8, 180.7
592,14,48,26,97,13.2, 27.2, 78.8,0.0, 98.0, 0.0,347.5, 97.3, 180.6
593,14,48,26,606,15.0, 27.2, 78.4,0.0, 108.6, 0.0,349.4, 108.0, 180.6
594,14,48,27,106,16.2, 27.0, 79.2,0.0, 154.6, 0.0,351.9, 154.0, 180.6
595,14,48,27,630,17.0, 27.0, 78.7,0.0, 205.4, 0.0,347.0, 204.8, 180.6
596,14,48,28,150,16.1, 26.3, 76.5,0.0, 197.8, 0.0,349.2, 197.2, 180.6
597,14,48,28,656,14.6, 25.2, 74.7,0.0, 244.3, 0.0,343.0, 243.6, 180.7
598,14,48,29,165,13.4, 24.8, 74.0,0.0, 281.8, 0.0,340.7, 281.1, 180.7
599,14,48,29,673,11.5, 23.5, 74.7,0.0, 295.4, 0.0,340.7, 294.7, 180.7
600,14,48,30,179,10.0, 22.3, 76.0,0.0, 336.9, 0.0,340.6, 336.2, 180.7
601,14,48,30,684,8.8, 21.6, 77.6,0.0, 9.3, 0.0,339.2, 8.6, 180.7
602,14,48,31,190,9.6, 20.4, 79.6,0.0, 35.2, 0.0,334.4, 34.5, 180.7
603,14,48,31,701,10.8, 19.2, 81.3,0.0, 83.5, 0.0,343.5, 82.9, 180.6
604,14,48,32,203,12.6, 18.1, 82.0,0.0, 95.1, 0.0,355.6, 94.7, 180.6
605,14,48,32,711,14.5, 17.9, 83.0,0.0, 109.5, 0.0,20.0, 109.3, 180.6
606,14,48,33,219,17.0, 17.8, 82.3,0.0, 113.2, 0.0,21.7, 113.1, 180.7
607,14,48,33,726,18.4, 18.2, 80.6,0.0, 148.9, 0.0,25.9, 148.8, 180.7
608,14,48,34,235,19.8, 17.5, 78.9,0.0, 160.5, 0.0,24.3, 160.4, 180.7
609,14,48,34,738,19.8, 17.7, 76.4,0.0, 167.6, 0.0,27.2, 167.5, 180.7
610,14,48,35,260,19.4, 17.9, 73.9,0.0, 164.6, 0.0,25.7, 164.5, 180.7
611,14,48,35,767,18.9, 18.2, 71.5,0.0, 140.7, 0.0,12.9, 140.4, 180.6
612,14,48,36,274,18.7, 18.7, 69.1,0.0, 133.6, 0.0,358.2, 133.2, 180.6
613,14,48,36,781,18.9, 18.7, 66.6,0.0, 145.2, 0.0,351.2, 144.7, 180.6
614,14,48,37,288,19.7, 18.7, 64.3,0.0, 145.2, 0.0,351.2, 144.7, 180.6
615,14,48,37,813,18.8, 18.7, 61.9,0.0, 165.1, 0.0,352.0, 164.6, 180.6
616,14,48,38,325,19.4, 18.7, 59.4,0.0, 179.9, 0.0,349.0, 179.4, 180.6
617,14,48,38,832,19.1, 18.7, 57.0,0.0, 198.9, 0.0,345.9, 198.4, 180.6
618,14,48,39,339,19.4, 18.7, 54.5,0.0, 158.8, 0.0,356.4, 158.4, 180.6
619,14,48,39,847,19.6, 18.7, 52.0,0.0, 167.5, 0.0,356.0, 167.1, 180.6
620,14,48,40,354,19.4, 18.7, 49.6,0.0, 167.5, 0.0,356.0, 167.1, 180.6
621,14,48,40,860,19.0, 18.7, 47.1,0.0, 158.9, 0.0,356.5, 158.5, 180.6
622,14,48,41,368,18.7, 18.7, 44.6,0.0, 169.3, 0.0,357.5, 168.9, 180.6
623,14,48,41,875,19.0, 18.7, 42.1,0.0, 178.8, 0.0,12.8, 178.5, 180.6
624,14,48,42,382,19.1, 18.7, 39.5,0.0, 178.8, 0.0,13.0, 178.5, 180.6
625,14,48,42,888,19.2, 18.7, 37.0,0.0, 178.1, 0.0,12.7, 177.8, 180.6
626,14,48,43,395,19.4, 18.7, 34.5,0.0, 176.4, 0.0,13.1, 176.2, 180.6
627,14,48,43,902,19.4, 18.7, 32.0,0.0, 178.5, 0.0,23.4, 178.4, 180.7
628,14,48,44,407,19.5, 18.7, 29.5,0.0, 157.3, 0.0,23.0, 157.2, 180.7
629,14,48,44,915,19.3, 18.7, 27.0,0.0, 149.9, 0.0,18.1, 149.7, 180.6
630,14,48,45,422,19.0, 18.7, 24.5,0.0, 139.9, 0.0,15.1, 139.7, 180.6
631,14,48,45,928,18.8, 18.7, 22.0,0.0, 137.4, 0.0,14.6, 137.2, 180.6
632,14,48,46,435,19.3, 18.7, 19.5,0.0, 118.0, 0.0,13.3, 117.8, 180.6
633,14,48,46,942,19.0, 18.7, 17.0,0.0, 150.3, 0.0,25.8, 150.2, 180.7
634,14,48,47,446,19.3, 18.7, 14.5,0.0, 181.8, 0.0,25.4, 181.7, 180.7
635,14,48,47,954,19.5, 18.7, 12.1,0.0, 182.8, 0.0,25.9, 182.7, 180.7
636,14,48,48,461,19.7, 18.7, 9.5,0.0, 183.3, 0.0,24.2, 183.2, 180.7
637,14,48,48,968,19.9, 18.7, 7.1,0.0, 169.0, 0.0,15.0, 168.8, 180.6
638,14,48,49,474,19.6, 18.7, 4.6,0.0, 169.0, 0.0,15.0, 168.8, 180.6
639,14,48,49,981,19.9, 18.7, 2.1,0.0, 169.3, 0.0,14.9, 169.1, 180.6
640,14,48,50,489,20.1, 18.3, -0.3,0.0, 169.0, 0.0,14.5, 168.8, 180.6
641,14,48,50,995,19.2, 17.8, -2.6,0.0, 168.8, 0.0,14.0, 168.6, 180.6
642,14,48,51,502,20.0, 17.3, -4.9,0.0, 149.4, 0.0,17.1, 149.2, 180.6
643,14,48,52,9,20.0, 16.8, -7.3,0.0, 149.5, 0.0,17.2, 149.3, 180.6
644,14,48,52,516,20.6, 16.3, -9.6,0.0, 160.1, 0.0,22.1, 160.0, 180.7
645,14,48,53,23,20.9, 16.2, -12.1,0.0, 161.2, 0.0,40.7, 161.3, 180.8
646,14,48,53,529,20.8, 16.3, -14.6,0.0, 159.8, 0.0,41.4, 159.9, 180.8
647,14,48,54,36,21.8, 16.3, -16.9,0.0, 157.1, 0.0,40.1, 157.2, 180.8
648,14,48,54,543,23.3, 16.3, -18.9,0.0, 143.9, 0.0,39.3, 144.0, 180.8
649,14,48,55,49,25.0, 16.3, -20.7,0.0, 143.6, 0.0,39.5, 143.7, 180.8
650,14,48,55,555,26.5, 16.6, -22.7,0.0, 139.9, 0.0,38.5, 140.0, 180.8
651,14,48,56,62,26.7, 16.6, -22.8,0.0, 141.7, 0.0,38.0, 141.8, 180.8
652,14,48,56,570,26.0, 16.7, -23.3,0.0, 183.1, 0.0,33.4, 183.1, 180.7
653,14,48,57,75,24.1, 16.8, -24.4,0.0, 187.2, 0.0,31.5, 187.2, 180.7
654,14,48,57,582,22.2, 16.9, -26.2,0.0, 193.6, 0.0,33.3, 193.6, 180.7
655,14,48,58,89,21.4, 17.1, -28.5,0.0, 177.5, 0.0,64.4, 178.4, 181.4
656,14,48,58,596,19.2, 17.3, -28.7,0.0, 236.0, 0.0,57.8, 236.6, 181.1
657,14,48,59,108,16.7, 17.1, -29.6,0.0, 259.9, 0.0,54.4, 260.4, 181.0
658,14,48,59,619,14.3, 17.0, -30.4,0.0, 259.9, 0.0,54.4, 260.4, 181.0
659,14,49,00,127,12.2, 16.7, -29.6,0.0, 277.0, 0.0,53.4, 277.4, 181.0
660,14,49,00,632,10.2, 16.9, -29.4,0.0, 226.0, 0.0,51.8, 226.4, 181.0
661,14,49,01,140,8.4, 16.9, -30.6,0.0, 197.8, 0.0,56.1, 198.3, 181.1
662,14,49,01,646,6.5, 16.8, -32.0,0.0, 114.8, 0.0,58.0, 115.4, 181.2
663,14,49,02,154,6.4, 16.8, -32.2,0.0, 191.0, 0.0,58.4, 191.6, 181.2
664,14,49,02,660,4.4, 16.9, -30.8,0.0, 251.2, 0.0,51.1, 251.6, 181.0
665,14,49,03,165,2.1, 16.8, -30.0,0.0, 282.0, 0.0,38.1, 282.1, 180.8
666,14,49,03,672,-0.4, 16.7, -29.4,0.0, 291.1, 0.0,34.0, 291.1, 180.7
667,14,49,04,179,-2.6, 16.6, -28.1,0.0, 296.4, 0.0,26.9, 296.3, 180.7
668,14,49,04,687,-4.9, 16.9, -27.2,0.0, 292.4, 0.0,25.4, 292.3, 180.7
669,14,49,05,192,-6.3, 17.3, -25.6,0.0, 270.3, 0.0,24.9, 270.2, 180.7
670,14,49,05,700,-8.3, 17.4, -24.3,0.0, 240.5, 0.0,25.1, 240.4, 180.7
671,14,49,06,207,-9.6, 17.4, -24.2,0.0, 239.0, 0.0,25.1, 238.9, 180.7
672,14,49,06,714,-10.1, 17.4, -24.4,0.0, 244.8, 0.0,25.1, 244.7, 180.7
673,14,49,07,221,-10.1, 17.4, -24.4,0.0, 236.5, 0.0,27.9, 236.4, 180.7
674,14,49,07,727,-10.1, 17.4, -24.4,0.0, 235.0, 0.0,45.2, 235.2, 180.9
675,14,49,08,234,-10.1, 17.4, -24.4,0.0, 240.6, 0.0,45.2, 240.8, 180.9
676,14,49,08,741,-10.1, 17.4, -24.4,0.0, 240.6, 0.0,45.2, 240.8, 180.9
677,14,49,09,249,-9.1, 17.6, -26.2,0.0, 240.6, 0.0,45.2, 240.8, 180.9
678,14,49,09,755,-10.7, 17.4, -24.8,0.0, 235.9, 0.0,45.8, 236.1, 180.9
679,14,49,10,262,-12.5, 18.0, -25.9,0.0, 234.7, 0.0,46.1, 234.9, 180.9
680,14,49,10,769,-13.0, 18.4, -27.3,0.0, 234.7, 0.0,46.1, 234.9, 180.9
681,14,49,11,275,-14.9, 18.2, -28.7,0.0, 234.7, 0.0,46.1, 234.9, 180.9
682,14,49,11,783,-16.2, 18.7, -30.5,0.0, 232.4, 0.0,46.2, 232.6, 180.9
683,14,49,12,289,-16.3, 18.7, -30.6,0.0, 230.6, 0.0,46.2, 230.8, 180.9
684,14,49,12,794,-16.3, 18.8, -30.6,0.0, 186.0, 0.0,46.7, 186.3, 180.9
685,14,49,13,301,-16.3, 18.8, -30.6,0.0, 231.3, 0.0,49.5, 231.6, 180.9
686,14,49,13,808,-16.3, 18.7, -30.6,0.0, 232.4, 0.0,59.9, 233.1, 181.2
687,14,49,14,315,-16.3, 18.7, -30.6,0.0, 207.7, 0.0,61.2, 208.4, 181.3
688,14,49,14,822,-16.3, 18.7, -30.6,0.0, 209.5, 0.0,61.5, 210.2, 181.3
689,14,49,15,329,-16.3, 18.7, -30.6,0.0, 228.0, 0.0,61.4, 228.7, 181.3
690,14,49,15,835,-16.3, 18.7, -30.6,0.0, 228.2, 0.0,61.4, 228.9, 181.3
691,14,49,16,341,-15.3, 18.3, -29.1,0.0, 259.2, 0.0,66.9, 260.2, 181.6
692,14,49,16,846,-13.6, 18.3, -27.9,0.0, 271.6, 0.0,67.7, 272.7, 181.6
693,14,49,17,352,-12.4, 18.0, -25.9,0.0, 162.8, 0.0,85.3, 169.9, 187.5
694,14,49,17,860,-10.0, 17.6, -25.9,0.0, 159.4, 0.0,80.7, 335.3, 356.2
695,14,49,18,366,-7.6, 17.5, -25.7,0.0, 157.4, 0.0,71.1, 335.2, 358.1
696,14,49,18,874,-5.5, 17.0, -25.0,0.0, 150.5, 0.0,76.1, 327.6, 357.5
697,14,49,19,381,-4.1, 16.6, -23.6,0.0, 137.7, 0.0,79.5, 314.0, 356.6
698,14,49,19,888,-2.2, 16.2, -24.2,0.0, 139.3, 0.0,79.9, 315.5, 356.5
699,14,49,20,395,-0.7, 16.0, -23.0,0.0, 144.0, 0.0,79.0, 320.5, 356.8
700,14,49,20,902,-0.7, 16.0, -23.0,0.0, 155.8, 0.0,76.9, 332.8, 357.3
701,14,49,21,409,-1.2, 16.0, -23.0,0.0, 183.3, 0.0,82.6, 358.2, 355.2
702,14,49,21,932,-1.7, 16.0, -22.9,0.0, 266.5, 0.0,64.9, 267.4, 181.4
703,14,49,22,432,-1.7, 16.0, -22.9,0.0, 291.1, 0.0,43.6, 291.3, 180.8
704,14,49,22,940,-1.0, 15.8, -21.7,0.0, 301.0, 0.0,42.1, 301.2, 180.8
705,14,49,23,446,0.2, 15.5, -19.6,0.0, 303.5, 0.0,41.4, 303.6, 180.8
706,14,49,23,953,1.2, 15.3, -17.8,0.0, 322.2, 0.0,36.1, 322.3, 180.8
707,14,49,24,457,0.8, 14.9, -16.0,0.0, 343.8, 0.0,33.2, 343.8, 180.7
708,14,49,24,976,-0.2, 14.5, -14.7,0.0, 343.8, 0.0,33.2, 343.8, 180.7
709,14,49,25,486,-0.8, 14.3, -13.7,0.0, 343.8, 0.0,33.2, 343.8, 180.7
710,14,49,25,992,-1.4, 13.9, -12.2,0.0, 343.8, 0.0,33.2, 343.8, 180.7
711,14,49,26,498,-2.2, 13.9, -12.5,0.0, 343.8, 0.0,33.2, 343.8, 180.7
712,14,49,27,7,-3.5, 13.9, -12.9,0.0, 337.5, 0.0,32.3, 337.5, 180.7
713,14,49,27,513,-3.9, 13.6, -11.8,0.0, 298.3, 0.0,30.5, 298.3, 180.7
714,14,49,28,21,-3.5, 13.3, -9.5,0.0, 298.1, 0.0,30.5, 298.1, 180.7
715,14,49,28,528,-5.0, 12.9, -7.6,0.0, 300.2, 0.0,29.0, 300.1, 180.7
716,14,49,29,34,-6.8, 12.1, -6.1,0.0, 309.8, 0.0,40.1, 309.9, 180.8
717,14,49,29,542,-8.6, 11.7, -4.3,0.0, 302.9, 0.0,41.4, 303.0, 180.8
718,14,49,30,48,-9.8, 11.6, -2.1,0.0, 296.2, 0.0,41.9, 296.4, 180.8
719,14,49,30,555,-11.2, 11.5, 0.0,0.0, 276.8, 0.0,40.3, 276.9, 180.8
720,14,49,31,62,-12.6, 11.1, 2.1,0.0, 262.1, 0.0,34.1, 262.1, 180.7
721,14,49,31,569,-13.6, 11.2, 4.2,0.0, 254.2, 0.0,30.3, 254.2, 180.7
722,14,49,32,76,-14.2, 11.3, 6.6,0.0, 254.2, 0.0,30.3, 254.2, 180.7
723,14,49,32,582,-15.4, 11.3, 8.7,0.0, 237.3, 0.0,28.9, 237.2, 180.7
724,14,49,33,90,-17.5, 11.2, 10.0,0.0, 237.6, 0.0,28.9, 237.5, 180.7
725,14,49,33,595,-19.1, 10.9, 11.8,0.0, 257.2, 0.0,30.3, 257.2, 180.7
726,14,49,34,99,-21.1, 10.7, 13.3,0.0, 291.2, 0.0,32.1, 291.2, 180.7
727,14,49,34,607,-23.0, 10.6, 14.9,0.0, 312.0, 0.0,35.0, 312.0, 180.7
728,14,49,35,113,-25.1, 10.6, 16.3,0.0, 333.6, 0.0,37.8, 333.7, 180.8
729,14,49,35,620,-27.5, 10.7, 17.1,0.0, 332.8, 0.0,38.7, 332.9, 180.8
730,14,49,36,128,-29.9, 10.7, 17.8,0.0, 319.7, 0.0,43.7, 319.9, 180.8
731,14,49,36,634,-32.3, 10.8, 18.5,0.0, 311.3, 0.0,39.1, 311.4, 180.8
732,14,49,37,142,-34.2, 11.0, 20.2,0.0, 311.2, 0.0,39.0, 311.3, 180.8
733,14,49,37,648,-36.5, 11.0, 21.2,0.0, 314.3, 0.0,37.8, 314.4, 180.8
734,14,49,38,155,-38.9, 11.2, 21.7,0.0, 285.2, 0.0,36.8, 285.3, 180.8
735,14,49,38,662,-41.3, 11.4, 22.7,0.0, 280.7, 0.0,38.3, 280.8, 180.8
736,14,49,39,169,-43.3, 11.3, 24.0,0.0, 306.1, 0.0,40.4, 306.2, 180.8
737,14,49,39,675,-45.6, 11.4, 24.6,0.0, 248.8, 0.0,38.6, 248.9, 180.8
738,14,49,40,182,-47.3, 11.4, 26.4,0.0, 247.4, 0.0,36.8, 247.5, 180.8
739,14,49,40,689,-49.0, 11.5, 26.4,0.0, 227.6, 0.0,27.7, 227.5, 180.7
740,14,49,41,195,-50.8, 12.0, 24.7,0.0, 228.1, 0.0,26.2, 228.0, 180.7
741,14,49,41,702,-52.6, 12.4, 23.0,0.0, 237.0, 0.0,12.1, 236.7, 180.6
742,14,49,42,209,-54.0, 13.0, 21.1,0.0, 239.5, 0.0,13.0, 239.2, 180.6
743,14,49,42,715,-56.0, 13.7, 19.7,0.0, 221.9, 0.0,5.0, 221.6, 180.6
744,14,49,43,222,-58.5, 13.9, 19.5,0.0, 220.5, 0.0,4.4, 220.2, 180.6
745,14,49,43,729,-60.3, 13.6, 17.8,0.0, 208.0, 0.0,5.7, 207.7, 180.6
746,14,49,44,236,-61.1, 13.0, 15.5,0.0, 207.6, 0.0,5.8, 207.3, 180.6
747,14,49,44,743,-60.9, 12.8, 13.7,0.0, 209.2, 0.0,6.5, 208.9, 180.6
748,14,49,45,250,-59.5, 12.9, 11.8,0.0, 214.5, 0.0,8.3, 214.2, 180.6
749,14,49,45,756,-58.9, 12.9, 9.4,0.0, 224.5, 0.0,8.9, 224.2, 180.6
750,14,49,46,263,-58.2, 12.7, 6.9,0.0, 226.5, 0.0,9.5, 226.2, 180.6
751,14,49,46,770,-59.1, 12.8, 4.9,0.0, 242.0, 0.0,9.7, 241.7, 180.6
752,14,49,47,276,-60.2, 13.0, 7.0,0.0, 228.7, 0.0,7.7, 228.4, 180.6
753,14,49,47,783,-62.3, 12.9, 8.5,0.0, 221.2, 0.0,7.2, 220.9, 180.6
754,14,49,48,289,-64.5, 12.8, 9.1,0.0, 199.3, 0.0,5.0, 199.0, 180.6
755,14,49,48,796,-66.9, 13.1, 9.1,0.0, 195.1, 0.0,4.4, 194.8, 180.6
756,14,49,49,301,-69.0, 13.8, 8.1,0.0, 171.5, 0.0,4.0, 171.2, 180.6
757,14,49,49,809,-71.0, 15.0, 7.2,0.0, 167.8, 0.0,2.2, 167.4, 180.6
758,14,49,50,319,-73.1, 15.5, 6.0,0.0, 130.3, 0.0,3.6, 129.9, 180.6
759,14,49,50,831,-74.5, 15.5, 3.9,0.0, 120.3, 0.0,3.8, 119.9, 180.6
760,14,49,51,339,-76.0, 15.9, 2.0,0.0, 114.1, 0.0,3.8, 113.7, 180.6
761,14,49,51,847,-76.7, 16.4, 0.0,0.0, 108.2, 0.0,2.3, 107.8, 180.6
762,14,49,52,353,-77.3, 16.8, 2.2,0.0, 35.8, 0.0,358.5, 35.4, 180.6
763,14,49,52,874,-76.8, 16.5, 4.6,0.0, 36.3, 0.0,358.6, 35.9, 180.6
764,14,49,53,379,-74.9, 16.0, 6.0,0.0, 38.6, 0.0,359.0, 38.2, 180.6
765,14,49,53,887,-73.7, 16.6, 8.2,0.0, 19.0, 0.0,359.4, 18.6, 180.6
766,14,49,54,394,-72.9, 17.2, 10.5,0.0, 9.4, 0.0,358.7, 9.0, 180.6
767,14,49,54,902,-71.4, 17.1, 12.6,0.0, 356.5, 0.0,4.3, 356.2, 180.6
768,14,49,55,408,-71.2, 17.4, 15.0,0.0, 351.4, 0.0,8.7, 351.1, 180.6
769,14,49,55,916,-69.9, 16.8, 17.1,0.0, 359.2, 0.0,7.3, 358.9, 180.6
770,14,49,56,422,-69.0, 16.0, 19.3,0.0, 8.3, 0.0,5.5, 8.0, 180.6
771,14,49,56,928,-68.0, 15.3, 21.3,0.0, 11.1, 0.0,5.2, 10.8, 180.6
772,14,49,57,435,-67.5, 15.2, 23.8,0.0, 11.1, 0.0,5.2, 10.8, 180.6
773,14,49,57,942,-67.1, 15.6, 26.3,0.0, 11.1, 0.0,5.2, 10.8, 180.6
774,14,49,58,449,-67.2, 16.1, 28.6,0.0, 11.1, 0.0,5.2, 10.8, 180.6
775,14,49,58,956,-66.9, 15.7, 31.0,0.0, 9.0, 0.0,6.5, 8.7, 180.6
776,14,49,59,463,-67.0, 15.0, 33.5,0.0, 15.0, 0.0,12.9, 14.7, 180.6
777,14,49,59,966,-66.9, 14.3, 35.9,0.0, 32.5, 0.0,17.1, 32.3, 180.6
778,14,50,00,473,-66.2, 14.1, 38.2,0.0, 11.2, 0.0,16.9, 11.0, 180.6
779,14,50,00,981,-65.6, 14.2, 40.7,0.0, 15.2, 0.0,19.3, 15.0, 180.6
780,14,50,01,487,-65.4, 14.4, 43.2,0.0, 0.6, 0.0,23.8, 0.5, 180.7
781,14,50,01,995,-65.1, 14.8, 45.6,0.0, 7.5, 0.0,28.7, 7.4, 180.7
782,14,50,02,503,-64.7, 15.3, 48.1,0.0, 79.6, 0.0,22.4, 79.5, 180.7
783,14,50,03,5,-64.9, 15.7, 50.5,0.0, 123.8, 0.0,12.3, 123.5, 180.6
784,14,50,03,526,-65.1, 16.4, 52.9,0.0, 131.8, 0.0,9.6, 131.5, 180.6
785,14,50,04,34,-64.6, 17.2, 55.2,0.0, 152.0, 0.0,10.6, 151.7, 180.6
786,14,50,04,542,-62.3, 17.4, 56.3,0.0, 162.0, 0.0,9.2, 161.7, 180.6
787,14,50,05,49,-62.2, 18.0, 58.7,0.0, 162.1, 0.0,9.3, 161.8, 180.6
788,14,50,05,550,-60.3, 18.3, 60.1,0.0, 162.1, 0.0,9.3, 161.8, 180.6
789,14,50,06,59,-58.6, 18.7, 60.7,0.0, 149.8, 0.0,9.8, 149.5, 180.6
790,14,50,06,567,-58.6, 18.7, 60.7,0.0, 150.3, 0.0,9.9, 150.0, 180.6
791,14,50,07,75,-58.6, 18.7, 60.7,0.0, 133.0, 0.0,12.3, 132.7, 180.6
792,14,50,07,582,-58.6, 18.7, 60.7,0.0, 136.8, 0.0,12.4, 136.5, 180.6
793,14,50,08,89,-58.6, 18.7, 60.7,0.0, 139.3, 0.0,11.9, 139.0, 180.6
794,14,50,08,596,-58.6, 18.7, 60.7,0.0, 147.7, 0.0,12.3, 147.4, 180.6
795,14,50,09,115,-58.6, 18.7, 60.7,0.0, 161.5, 0.0,13.1, 161.3, 180.6
796,14,50,09,622,-58.6, 18.7, 60.7,0.0, 164.5, 0.0,11.3, 164.2, 180.6
797,14,50,10,128,-58.6, 18.7, 60.7,0.0, 169.0, 0.0,11.3, 168.7, 180.6
798,14,50,10,636,-58.6, 18.7, 60.7,0.0, 185.7, 0.0,9.2, 185.4, 180.6
799,14,50,11,143,-58.6, 18.7, 60.7,0.0, 194.4, 0.0,8.5, 194.1, 180.6
800,14,50,11,652,-58.6, 18.7, 60.7,0.0, 159.0, 0.0,7.9, 158.7, 180.6
801,14,50,12,165,-58.5, 18.9, 61.7,0.0, 80.0, 0.0,7.2, 79.7, 180.6
802,14,50,12,673,-57.4, 19.7, 63.7,0.0, 43.3, 0.0,7.7, 43.0, 180.6
803,14,50,13,181,-56.8, 20.5, 65.9,0.0, 25.9, 0.0,9.7, 25.6, 180.6
804,14,50,13,688,-58.2, 20.8, 68.0,0.0, 322.3, 0.0,11.0, 322.0, 180.6
805,14,50,14,196,-58.6, 21.2, 70.4,0.0, 311.3, 0.0,10.4, 311.0, 180.6
806,14,50,14,702,-59.6, 21.6, 72.6,0.0, 300.0, 0.0,11.4, 299.7, 180.6
807,14,50,15,210,-62.0, 22.1, 73.0,0.0, 281.8, 0.0,15.6, 281.6, 180.6
808,14,50,15,717,-64.0, 22.8, 74.0,0.0, 267.4, 0.0,19.6, 267.2, 180.6
809,14,50,16,224,-66.3, 23.8, 74.1,0.0, 269.2, 0.0,20.6, 269.0, 180.7
810,14,50,16,730,-68.6, 24.6, 73.8,0.0, 269.2, 0.0,20.3, 269.0, 180.7
811,14,50,17,237,-70.9, 25.3, 73.1,0.0, 240.9, 0.0,18.0, 240.7, 180.6
812,14,50,17,761,-72.5, 26.0, 71.4,0.0, 186.8, 0.0,347.9, 186.3, 180.6
813,14,50,18,261,-71.7, 25.9, 71.3,0.0, 193.6, 0.0,317.8, 192.8, 180.8
814,14,50,18,768,-70.8, 25.8, 70.7,0.0, 198.7, 0.0,299.9, 197.7, 181.0
815,14,50,19,275,-70.6, 26.0, 69.4,0.0, 190.3, 0.0,280.6, 12.3, 358.0
816,14,50,19,781,-70.7, 26.4, 68.4,0.0, 191.2, 0.0,289.3, 12.2, 359.0
817,14,50,20,288,-70.7, 26.4, 68.4,0.0, 185.1, 0.0,312.4, 5.5, 359.6
818,14,50,20,793,-71.4, 26.5, 68.9,0.0, 239.6, 0.0,302.2, 60.1, 359.5
819,14,50,21,302,-73.8, 27.1, 68.4,0.0, 264.4, 0.0,270.4, 131.6, 312.9
820,14,50,21,810,-76.1, 27.9, 67.9,0.0, 266.3, 0.0,270.8, 105.6, 340.8
821,14,50,22,317,-77.6, 29.0, 66.3,0.0, 268.3, 0.0,280.0, 266.9, 181.5
822,14,50,22,824,-79.5, 30.1, 65.0,0.0, 271.5, 0.0,282.8, 270.5, 181.2
823,14,50,23,331,-81.4, 31.2, 63.7,0.0, 270.9, 0.0,283.9, 269.9, 181.1
824,14,50,23,838,-83.5, 32.1, 62.7,0.0, 288.4, 0.0,294.9, 287.9, 180.6
825,14,50,24,345,-85.9, 32.9, 62.3,0.0, 300.5, 0.0,294.5, 300.0, 180.6
826,14,50,24,851,-88.2, 33.8, 62.1,0.0, 307.6, 0.0,295.8, 307.2, 180.6
827,14,50,25,358,-90.4, 34.7, 62.6,0.0, 336.2, 0.0,298.8, 335.8, 180.5
828,14,50,25,865,-92.4, 35.9, 63.7,0.0, 336.2, 0.0,299.5, 335.8, 180.5
829,14,50,26,371,-92.9, 37.0, 65.8,0.0, 357.4, 0.0,298.3, 357.0, 180.5
830,14,50,26,878,-94.0, 38.3, 67.5,0.0, 358.0, 0.0,298.3, 357.6, 180.5
831,14,50,27,385,-94.3, 39.5, 69.6,0.0, 359.9, 0.0,307.4, 359.7, 180.4
832,14,50,27,891,-93.8, 40.5, 71.8,0.0, 348.5, 0.0,305.9, 348.2, 180.4
833,14,50,28,398,-92.9, 41.3, 74.0,0.0, 346.9, 0.0,306.5, 346.6, 180.4
834,14,50,28,905,-92.8, 42.1, 76.4,0.0, 342.3, 0.0,305.6, 342.0, 180.4
835,14,50,29,412,-91.9, 42.9, 78.6,0.0, 333.2, 0.0,305.5, 332.9, 180.4
836,14,50,29,918,-91.4, 43.8, 80.8,0.0, 325.3, 0.0,305.7, 325.0, 180.4
837,14,50,30,425,-91.6, 44.8, 83.2,0.0, 310.9, 0.0,305.7, 310.6, 180.4
838,14,50,30,929,-92.0, 45.8, 85.5,0.0, 306.8, 0.0,305.7, 306.5, 180.4
839,14,50,31,436,-92.7, 46.7, 87.7,0.0, 295.3, 0.0,303.6, 295.0, 180.5
840,14,50,31,943,-93.5, 47.5, 90.0,0.0, 290.0, 0.0,299.2, 289.6, 180.5
841,14,50,32,451,-94.8, 48.0, 92.1,0.0, 270.2, 0.0,311.7, 270.0, 180.4
842,14,50,32,957,-96.2, 48.6, 93.9,0.0, 319.0, 0.0,311.6, 318.8, 180.4
843,14,50,33,463,-97.1, 48.8, 96.2,0.0, 20.8, 0.0,274.8, 17.8, 183.1
844,14,50,33,969,-97.8, 49.4, 98.6,0.0, 34.5, 0.0,282.4, 215.8, 358.8
845,14,50,34,489,-97.4, 49.9, 101.0,0.0, 65.6, 0.0,305.8, 246.0, 359.6
846,14,50,34,995,-97.6, 50.0, 102.8,0.0, 66.5, 0.0,303.6, 247.0, 359.5
847,14,50,35,499,-97.1, 50.3, 104.5,0.0, 37.8, 0.0,313.0, 218.2, 359.6
848,14,50,36,9,-97.8, 50.4, 106.4,0.0, 77.0, 0.0,323.1, 257.3, 359.7
849,14,50,36,528,-96.7, 50.4, 106.8,0.0, 86.8, 0.0,326.2, 267.0, 359.7
850,14,50,37,34,-96.7, 50.4, 106.8,0.0, 106.3, 0.0,335.8, 286.5, 359.8
851,14,50,37,541,-96.7, 50.4, 106.8,0.0, 58.2, 0.0,332.5, 238.4, 359.8
852,14,50,38,42,-94.9, 50.3, 108.2,0.0, 77.2, 0.0,336.5, 257.4, 359.8
853,14,50,38,569,-92.4, 50.0, 107.4,0.0, 127.3, 0.0,358.4, 307.4, 359.9
854,14,50,39,75,-93.8, 50.1, 108.0,0.0, 112.5, 0.0,2.9, 292.6, 359.9
855,14,50,39,582,-92.7, 50.1, 109.2,0.0, 141.1, 0.0,3.0, 321.2, 359.9
856,14,50,40,91,-92.9, 50.1, 108.9,0.0, 135.1, 0.0,338.9, 315.3, 359.9
857,14,50,40,596,-94.5, 50.2, 106.9,0.0, 133.1, 0.0,338.2, 313.3, 359.9
858,14,50,41,104,-94.8, 50.2, 106.6,0.0, 133.1, 0.0,338.2, 313.3, 359.9
859,14,50,41,610,-95.9, 50.3, 105.5,0.0, 128.7, 0.0,337.8, 308.9, 359.9
860,14,50,42,117,-95.9, 50.3, 105.5,0.0, 118.8, 0.0,334.3, 299.0, 359.9
861,14,50,42,625,-95.7, 50.3, 105.8,0.0, 116.2, 0.0,334.6, 296.4, 359.9
862,14,50,43,125,-94.1, 50.2, 106.8,0.0, 98.3, 0.0,337.1, 278.5, 359.9
863,14,50,43,636,-94.4, 50.3, 109.0,0.0, 93.1, 0.0,342.1, 273.3, 359.9
864,14,50,44,154,-94.4, 50.3, 109.4,0.0, 135.1, 0.0,350.0, 315.2, 359.9
865,14,50,44,662,-94.4, 50.3, 109.4,0.0, 135.2, 0.0,349.9, 315.3, 359.9
866,14,50,45,168,-93.5, 50.3, 111.6,0.0, 89.9, 0.0,350.7, 270.0, 359.9
867,14,50,45,675,-93.1, 50.3, 114.0,0.0, 83.6, 0.0,350.4, 263.7, 359.9
868,14,50,46,181,-91.9, 50.3, 116.1,0.0, 82.6, 0.0,350.2, 262.7, 359.9
869,14,50,46,682,-90.6, 50.4, 118.2,0.0, 92.8, 0.0,350.2, 272.9, 359.9
870,14,50,47,195,-89.0, 50.6, 120.1,0.0, 104.5, 0.0,348.1, 284.6, 359.9
871,14,50,47,698,-88.0, 50.8, 122.4,0.0, 77.6, 0.0,346.0, 257.7, 359.9
872,14,50,48,208,-87.6, 50.8, 124.9,0.0, 80.8, 0.0,345.5, 260.9, 359.9
873,14,50,48,715,-85.4, 50.3, 125.9,0.0, 61.2, 0.0,332.0, 241.4, 359.9
874,14,50,49,223,-83.1, 50.0, 126.8,0.0, 54.8, 0.0,302.5, 235.1, 359.8
875,14,50,49,729,-80.6, 49.9, 127.1,0.0, 67.6, 0.0,316.3, 247.8, 359.8
876,14,50,50,237,-78.7, 49.5, 128.6,0.0, 67.6, 0.0,316.3, 247.8, 359.8
877,14,50,50,744,-76.4, 49.3, 129.6,0.0, 67.6, 0.0,316.3, 247.8, 359.8
878,14,50,51,251,-74.1, 49.2, 130.6,0.0, 67.6, 0.0,316.3, 247.8, 359.8
879,14,50,51,757,-71.8, 49.2, 131.5,0.0, 67.6, 0.0,316.3, 247.8, 359.8
880,14,50,52,264,-69.4, 49.1, 132.6,0.0, 65.5, 0.0,320.0, 245.7, 359.8
881,14,50,52,771,-67.2, 48.9, 133.8,0.0, 61.8, 0.0,319.7, 242.0, 359.8
882,14,50,53,278,-64.9, 48.7, 134.9,0.0, 69.1, 0.0,321.2, 249.3, 359.8
883,14,50,53,784,-62.6, 48.2, 135.9,0.0, 69.2, 0.0,321.4, 249.4, 359.8
884,14,50,54,289,-60.3, 47.9, 136.7,0.0, 90.7, 0.0,321.5, 270.9, 359.8
885,14,50,54,794,-58.6, 47.7, 138.5,0.0, 68.1, 0.0,319.7, 248.3, 359.8
886,14,50,55,301,-56.6, 47.3, 139.3,0.0, 54.5, 0.0,307.0, 234.8, 359.8
887,14,50,55,809,-54.0, 47.0, 139.4,0.0, 56.0, 0.0,312.9, 236.2, 359.8
888,14,50,56,316,-52.0, 46.8, 140.7,0.0, 58.9, 0.0,325.2, 239.1, 359.9
889,14,50,56,823,-50.1, 46.3, 142.3,0.0, 56.8, 0.0,325.1, 237.0, 359.9
890,14,50,57,330,-48.4, 45.9, 144.2,0.0, 65.2, 0.0,329.4, 245.4, 359.9
891,14,50,57,837,-47.4, 45.7, 146.4,0.0, 68.3, 0.0,332.4, 248.5, 359.9
892,14,50,58,344,-45.6, 45.3, 148.1,0.0, 73.3, 0.0,335.5, 253.5, 359.9
893,14,50,58,851,-43.7, 44.9, 149.8,0.0, 74.7, 0.0,334.6, 254.9, 359.9
894,14,50,59,357,-42.2, 44.8, 151.8,0.0, 84.6, 0.0,345.0, 264.7, 359.9
895,14,50,59,863,-40.1, 44.3, 152.7,0.0, 91.3, 0.0,354.9, 271.4, 359.9
896,14,51,00,367,-38.1, 43.8, 154.2,0.0, 87.7, 0.0,356.6, 267.8, 359.9
897,14,51,00,874,-36.4, 43.3, 155.8,0.0, 75.8, 0.0,356.9, 255.9, 359.9
898,14,51,01,381,-34.7, 42.7, 157.3,0.0, 43.3, 0.0,1.1, 223.4, 359.9
899,14,51,01,890,-32.4, 42.1, 158.0,0.0, 69.2, 0.0,16.4, 249.3, 359.9
900,14,51,02,396,-30.5, 41.5, 158.8,0.0, 79.5, 0.0,17.8, 259.6, 359.9
901,14,51,02,902,-28.9, 41.3, 160.7,0.0, 90.7, 0.0,14.1, 270.8, 359.9
902,14,51,03,409,-26.9, 40.8, 162.3,0.0, 92.7, 0.0,13.3, 272.8, 359.9
903,14,51,03,915,-24.8, 39.6, 162.6,0.0, 99.4, 0.0,13.1, 279.5, 359.9
904,14,51,04,421,-22.7, 38.7, 163.4,0.0, 99.4, 0.0,13.1, 279.5, 359.9
905,14,51,04,929,-20.4, 37.9, 164.1,0.0, 99.7, 0.0,13.1, 279.8, 359.9
906,14,51,05,436,-18.1, 36.9, 164.0,0.0, 102.1, 0.0,13.4, 282.2, 359.9
907,14,51,05,942,-15.9, 36.1, 164.6,0.0, 103.6, 0.0,13.3, 283.7, 359.9
908,14,51,06,449,-13.6, 35.0, 164.3,0.0, 106.3, 0.0,11.5, 286.4, 359.9
909,14,51,06,955,-11.5, 33.8, 163.6,0.0, 113.7, 0.0,10.9, 293.8, 359.9
910,14,51,07,462,-9.3, 32.8, 163.2,0.0, 114.0, 0.0,10.9, 294.1, 359.9
911,14,51,07,970,-7.1, 31.8, 162.3,0.0, 114.7, 0.0,10.9, 294.8, 359.9
912,14,51,08,477,-5.2, 30.8, 161.2,0.0, 118.0, 0.0,9.8, 298.1, 359.9
913,14,51,08,982,-3.1, 29.8, 160.1,0.0, 115.6, 0.0,8.1, 295.7, 359.9
914,14,51,09,490,-1.3, 29.1, 158.5,0.0, 111.8, 0.0,4.8, 291.9, 359.9
915,14,51,09,996,0.9, 28.3, 157.5,0.0, 113.6, 0.0,355.8, 293.7, 359.9
916,14,51,10,503,2.7, 27.6, 156.2,0.0, 112.2, 0.0,353.6, 292.3, 359.9
917,14,51,11,10,4.2, 26.8, 154.3,0.0, 100.6, 0.0,341.0, 280.7, 359.9
918,14,51,11,518,6.4, 26.1, 153.6,0.0, 81.9, 0.0,323.3, 262.1, 359.9
919,14,51,12,25,7.7, 25.5, 151.7,0.0, 81.4, 0.0,322.1, 261.6, 359.9
920,14,51,12,532,8.8, 24.8, 149.5,0.0, 81.4, 0.0,322.1, 261.6, 359.9
921,14,51,13,38,10.6, 24.1, 148.0,0.0, 82.3, 0.0,321.2, 262.5, 359.9
922,14,51,13,544,11.9, 23.6, 145.9,0.0, 95.5, 0.0,322.1, 275.7, 359.9
923,14,51,14,49,13.9, 23.0, 144.6,0.0, 139.8, 0.0,331.4, 320.0, 359.9
924,14,51,14,568,16.3, 22.5, 144.3,0.0, 154.7, 0.0,329.9, 334.9, 359.9
925,14,51,15,76,18.4, 22.2, 145.3,0.0, 156.6, 0.0,328.8, 336.8, 359.9
926,14,51,15,583,19.8, 22.0, 146.0,0.0, 156.6, 0.0,328.8, 336.8, 359.9
927,14,51,16,90,22.3, 21.6, 145.5,0.0, 155.9, 0.0,328.8, 336.1, 359.9
928,14,51,16,596,24.7, 21.4, 145.0,0.0, 155.0, 0.0,329.2, 335.2, 359.9
929,14,51,17,104,26.9, 21.0, 144.1,0.0, 157.9, 0.0,330.1, 338.1, 359.9
930,14,51,17,606,29.0, 20.5, 144.9,0.0, 125.5, 0.0,337.0, 305.7, 359.9
931,14,51,18,116,29.8, 20.1, 145.5,0.0, 97.2, 0.0,340.6, 277.3, 359.9
932,14,51,18,622,31.8, 19.8, 144.5,0.0, 120.4, 0.0,343.4, 300.5, 359.9
933,14,51,19,141,33.3, 19.9, 142.9,0.0, 175.2, 0.0,351.5, 355.3, 359.9
934,14,51,19,648,35.2, 19.5, 141.2,0.0, 184.6, 0.0,353.0, 4.7, 359.9
935,14,51,20,154,36.4, 19.2, 140.3,0.0, 194.7, 0.0,353.3, 14.8, 359.9
936,14,51,20,662,36.4, 19.2, 140.3,0.0, 194.5, 0.0,353.6, 14.6, 359.9
937,14,51,21,170,36.4, 19.2, 140.3,0.0, 193.1, 0.0,353.8, 13.2, 359.9
938,14,51,21,673,36.4, 19.2, 140.3,0.0, 212.5, 0.0,354.0, 32.6, 359.9
939,14,51,22,174,37.3, 18.9, 139.7,0.0, 187.8, 0.0,356.2, 7.9, 359.9
940,14,51,22,687,39.7, 18.8, 140.4,0.0, 91.1, 0.0,14.6, 271.2, 359.9
941,14,51,23,195,41.6, 18.7, 141.1,0.0, 114.9, 0.0,16.6, 295.0, 359.9
942,14,51,23,701,43.5, 18.6, 139.5,0.0, 116.2, 0.0,14.9, 296.3, 359.9
943,14,51,24,209,43.5, 18.6, 138.7,0.0, 124.8, 0.0,14.2, 304.9, 359.9
944,14,51,24,717,43.7, 19.0, 136.6,0.0, 137.6, 0.0,15.6, 317.7, 359.9
945,14,51,25,222,45.7, 18.5, 136.6,0.0, 139.0, 0.0,16.0, 319.1, 359.9
946,14,51,25,731,47.9, 18.2, 136.4,0.0, 164.8, 0.0,0.4, 344.9, 359.9
947,14,51,26,246,49.3, 17.8, 134.3,0.0, 227.3, 0.0,347.7, 47.4, 359.9
948,14,51,26,769,50.9, 17.2, 132.4,0.0, 226.7, 0.0,333.1, 46.9, 359.9
949,14,51,27,275,51.1, 17.2, 132.3,0.0, 223.6, 0.0,333.4, 43.8, 359.9
950,14,51,27,782,51.8, 17.3, 133.0,0.0, 211.6, 0.0,335.3, 31.8, 359.9
951,14,51,28,289,51.1, 17.4, 133.4,0.0, 222.4, 0.0,335.3, 42.6, 359.9
952,14,51,28,795,51.1, 17.4, 133.4,0.0, 229.7, 0.0,335.0, 49.9, 359.9
953,14,51,29,302,51.1, 17.4, 133.4,0.0, 242.1, 0.0,333.9, 62.3, 359.9
954,14,51,29,809,51.1, 17.4, 133.4,0.0, 250.9, 0.0,333.6, 71.1, 359.9
955,14,51,30,316,51.1, 17.4, 133.4,0.0, 247.3, 0.0,333.5, 67.5, 359.9
956,14,51,30,824,51.1, 17.4, 133.4,0.0, 239.0, 0.0,333.2, 59.2, 359.9
957,14,51,31,342,51.1, 17.4, 133.4,0.0, 235.7, 0.0,333.8, 55.9, 359.9
958,14,51,31,846,51.1, 17.4, 133.4,0.0, 234.4, 0.0,334.1, 54.6, 359.9
959,14,51,32,354,51.1, 17.4, 133.4,0.0, 234.4, 0.0,334.1, 54.6, 359.9
960,14,51,32,862,51.1, 17.4, 133.4,0.0, 234.4, 0.0,334.1, 54.6, 359.9
961,14,51,33,369,51.1, 17.4, 133.4,0.0, 228.7, 0.0,333.6, 48.9, 359.9
962,14,51,33,876,51.1, 17.4, 133.4,0.0, 225.0, 0.0,333.8, 45.2, 359.9
963,14,51,34,383,51.1, 17.4, 133.4,0.0, 225.0, 0.0,333.8, 45.2, 359.9
964,14,51,34,890,51.1, 17.4, 133.4,0.0, 225.0, 0.0,333.8, 45.2, 359.9
965,14,51,35,397,51.1, 17.4, 133.4,0.0, 224.2, 0.0,334.0, 44.4, 359.9
966,14,51,35,904,51.1, 17.4, 133.4,0.0, 224.2, 0.0,334.0, 44.4, 359.9
967,14,51,36,411,51.1, 17.4, 133.4,0.0, 224.2, 0.0,334.0, 44.4, 359.9
968,14,51,36,918,51.1, 17.4, 133.4,0.0, 224.2, 0.0,334.0, 44.4, 359.9
969,14,51,37,424,51.1, 17.4, 133.4,0.0, 224.2, 0.0,334.0, 44.4, 359.9
970,14,51,37,931,51.1, 17.4, 133.4,0.0, 224.1, 0.0,333.8, 44.3, 359.9
971,14,51,38,437,51.1, 17.4, 133.4,0.0, 226.2, 0.0,333.3, 46.4, 359.9
972,14,51,38,944,51.1, 17.4, 133.4,0.0, 209.9, 0.0,334.9, 30.1, 359.9
973,14,51,39,453,50.3, 17.5, 133.7,0.0, 204.4, 0.0,335.0, 24.6, 359.9
974,14,51,39,958,49.7, 17.5, 133.0,0.0, 204.4, 0.0,335.0, 24.6, 359.9
975,14,51,40,464,48.9, 17.8, 132.5,0.0, 202.4, 0.0,335.5, 22.6, 359.9
976,14,51,40,972,48.1, 18.0, 132.7,0.0, 187.9, 0.0,336.7, 8.1, 359.9
977,14,51,41,478,46.6, 17.7, 131.8,0.0, 185.1, 0.0,338.3, 5.2, 359.9
978,14,51,41,998,44.1, 18.1, 131.8,0.0, 185.7, 0.0,338.9, 5.8, 359.9
979,14,51,42,505,41.6, 18.2, 131.7,0.0, 186.1, 0.0,338.8, 6.2, 359.9
980,14,51,43,12,39.0, 18.3, 131.9,0.0, 185.3, 0.0,339.4, 5.4, 359.9
981,14,51,43,518,36.7, 18.4, 131.4,0.0, 185.3, 0.0,339.4, 5.4, 359.9
982,14,51,44,25,38.7, 18.2, 131.2,0.0, 185.3, 0.0,339.4, 5.4, 359.9
983,14,51,44,531,41.3, 18.2, 130.9,0.0, 190.5, 0.0,339.8, 10.6, 359.9
984,14,51,45,38,43.7, 17.9, 130.4,0.0, 198.7, 0.0,340.1, 18.8, 359.9
985,14,51,45,544,45.9, 17.4, 129.2,0.0, 211.8, 0.0,341.2, 31.9, 359.9
986,14,51,46,47,47.2, 17.0, 127.8,0.0, 250.8, 0.0,339.4, 70.9, 359.9
987,14,51,46,559,47.2, 17.0, 127.8,0.0, 239.8, 0.0,340.8, 59.9, 359.9
988,14,51,47,62,47.2, 17.0, 127.8,0.0, 247.0, 0.0,341.6, 67.1, 359.9
989,14,51,47,571,47.2, 17.0, 127.8,0.0, 233.7, 0.0,343.1, 53.8, 359.9
990,14,51,48,73,47.2, 17.0, 127.8,0.0, 233.7, 0.0,343.1, 53.8, 359.9
991,14,51,48,583,47.2, 17.0, 127.8,0.0, 186.9, 0.0,346.8, 7.0, 359.9
992,14,51,49,88,47.2, 17.0, 127.8,0.0, 164.5, 0.0,356.4, 344.6, 359.9
993,14,51,49,612,47.2, 17.0, 127.8,0.0, 215.7, 0.0,353.1, 35.8, 359.9
994,14,51,50,127,47.2, 17.0, 127.8,0.0, 234.0, 0.0,352.3, 54.1, 359.9
995,14,51,50,633,47.2, 17.0, 127.8,0.0, 234.0, 0.0,352.3, 54.1, 359.9
996,14,51,51,142,47.2, 17.0, 127.8,0.0, 234.0, 0.0,352.3, 54.1, 359.9
997,14,51,51,666,47.2, 17.0, 127.8,0.0, 234.0, 0.0,352.3, 54.1, 359.9
998,14,51,52,169,47.2, 17.0, 127.8,0.0, 234.0, 0.0,352.3, 54.1, 359.9
999,14,51,52,677,47.2, 17.0, 127.8,0.0, 234.0, 0.0,352.3, 54.1, 359.9
1000,14,51,53,182,47.2, 17.0, 127.8,0.0, 234.0, 0.0,352.3, 54.1, 359.9
