id,hour,min,sec,ms,xpos,ypos,zpos,uMousePos,vMousePos,wMousePos,uGazePos,vGazePos,wGazePos
0,15,11,20,973,80.8, 18.8, 134.0,0.0, 238.7, 0.0,39.5, 262.9, 10.7
1,15,11,21,980,80.8, 17.6, 134.0,0.0, 238.7, 0.0,39.5, 262.9, 10.7
2,15,11,22,487,80.8, 17.6, 134.0,0.0, 238.7, 0.0,39.5, 262.9, 10.7
3,15,11,22,995,80.8, 17.6, 134.0,0.0, 238.7, 0.0,39.5, 262.9, 10.7
4,15,11,23,503,80.8, 17.6, 134.0,0.0, 238.7, 0.0,39.5, 262.9, 10.7
5,15,11,24,11,80.8, 17.6, 134.0,0.0, 238.7, 0.0,39.5, 262.9, 10.7
6,15,11,24,518,80.8, 17.6, 134.0,0.0, 238.7, 0.0,39.5, 262.9, 10.7
7,15,11,25,26,80.8, 17.6, 134.0,0.0, 238.7, 0.0,39.5, 262.9, 10.7
8,15,11,25,532,80.8, 17.6, 134.0,0.0, 238.7, 0.0,39.5, 262.9, 10.7
9,15,11,26,39,80.8, 17.6, 134.0,0.0, 238.7, 0.0,39.5, 262.9, 10.7
10,15,11,26,545,80.8, 17.6, 134.0,0.0, 238.7, 0.0,39.5, 262.9, 10.7
11,15,11,27,50,80.8, 17.6, 134.0,0.0, 238.7, 0.0,39.5, 262.9, 10.7
12,15,11,27,573,80.8, 17.6, 134.0,0.0, 238.7, 0.0,39.5, 262.9, 10.7
13,15,11,28,79,80.8, 17.6, 134.0,0.0, 238.7, 0.0,39.5, 262.9, 10.7
14,15,11,28,585,80.8, 17.6, 134.0,0.0, 238.7, 0.0,39.5, 262.9, 10.7
15,15,11,29,91,80.8, 17.6, 134.0,0.0, 238.7, 0.0,39.5, 262.9, 10.7
16,15,11,29,613,80.8, 17.6, 134.0,0.0, 238.7, 0.0,39.5, 262.9, 10.7
17,15,11,30,120,80.8, 17.6, 134.0,0.0, 238.7, 0.0,39.5, 262.9, 10.7
18,15,11,30,638,80.8, 17.6, 134.0,0.0, 238.7, 0.0,39.5, 262.9, 10.7
19,15,11,31,144,80.8, 17.6, 134.0,0.0, 238.7, 0.0,39.5, 262.9, 10.7
20,15,11,31,650,80.8, 17.6, 134.0,0.0, 238.7, 0.0,39.5, 262.9, 10.7
21,15,11,32,159,80.8, 17.6, 134.0,0.0, 238.8, 0.0,39.4, 262.9, 10.7
22,15,11,32,665,80.8, 17.6, 134.0,0.0, 240.5, 0.0,39.7, 264.7, 10.8
23,15,11,33,172,80.8, 17.6, 134.0,0.0, 240.6, 0.0,39.8, 264.8, 10.8
24,15,11,33,692,80.8, 17.6, 134.0,0.0, 236.6, 0.0,42.2, 261.4, 11.2
25,15,11,34,211,80.8, 17.6, 134.0,0.0, 236.6, 0.0,42.2, 261.4, 11.2
26,15,11,34,718,80.8, 17.6, 134.0,0.0, 236.6, 0.0,42.2, 261.4, 11.2
27,15,11,35,230,80.8, 17.6, 134.0,0.0, 198.9, 0.0,13.3, 218.1, 8.5
28,15,11,35,732,80.8, 17.6, 134.0,0.0, 201.9, 0.0,19.9, 222.2, 8.8
29,15,11,36,238,80.8, 17.6, 134.0,0.0, 201.9, 0.0,19.9, 222.2, 8.8
30,15,11,36,745,80.8, 17.6, 134.0,0.0, 201.9, 0.0,19.9, 222.2, 8.8
31,15,11,37,253,80.8, 17.6, 134.0,0.0, 203.6, 0.0,23.2, 224.4, 9.0
32,15,11,37,759,80.8, 17.6, 134.0,0.0, 203.6, 0.0,23.3, 224.5, 9.0
33,15,11,38,267,80.8, 17.6, 134.0,0.0, 203.3, 0.0,23.5, 224.2, 9.0
34,15,11,38,773,80.8, 17.6, 134.0,0.0, 198.2, 0.0,22.9, 219.0, 9.0
35,15,11,39,280,80.8, 17.6, 134.0,0.0, 198.6, 0.0,21.4, 219.1, 8.9
36,15,11,39,787,80.8, 17.6, 134.0,0.0, 198.0, 0.0,22.0, 218.6, 8.9
37,15,11,40,294,80.8, 17.6, 133.8,0.0, 198.4, 0.0,21.8, 219.0, 8.9
38,15,11,40,800,79.8, 17.7, 131.5,0.0, 210.3, 0.0,20.4, 230.7, 8.8
39,15,11,41,305,79.5, 17.7, 131.1,0.0, 255.0, 0.0,15.4, 274.6, 8.6
40,15,11,41,812,77.6, 17.5, 130.6,0.0, 260.1, 0.0,12.5, 279.2, 8.5
41,15,11,42,319,75.6, 17.3, 131.2,0.0, 327.3, 0.0,358.3, 344.3, 8.3
42,15,11,42,828,75.6, 17.3, 131.2,0.0, 356.1, 0.0,356.2, 12.8, 8.3
43,15,11,43,333,75.6, 17.3, 131.2,0.0, 44.8, 0.0,350.8, 60.7, 8.4
44,15,11,43,840,75.7, 17.3, 131.3,0.0, 59.4, 0.0,352.0, 75.5, 8.3
45,15,11,44,347,77.9, 17.7, 132.3,0.0, 76.3, 0.0,7.8, 94.7, 8.3
46,15,11,44,854,80.5, 17.7, 132.9,0.0, 74.7, 0.0,8.2, 93.2, 8.3
47,15,11,45,360,82.0, 17.5, 133.3,0.0, 74.6, 0.0,8.4, 93.1, 8.3
48,15,11,45,866,82.0, 17.5, 133.3,0.0, 76.5, 0.0,4.5, 94.4, 8.3
49,15,11,46,373,83.3, 17.3, 133.6,0.0, 80.1, 0.0,8.9, 98.7, 8.4
50,15,11,46,880,85.7, 16.6, 133.9,0.0, 84.5, 0.0,12.0, 103.6, 8.4
51,15,11,47,386,86.2, 16.5, 134.0,0.0, 86.6, 0.0,12.6, 105.7, 8.5
52,15,11,47,891,86.2, 16.5, 134.0,0.0, 154.5, 0.0,10.9, 173.4, 8.4
53,15,11,48,419,86.2, 16.5, 134.0,0.0, 210.0, 0.0,358.8, 227.1, 8.3
54,15,11,48,926,84.8, 16.9, 132.4,0.0, 252.2, 0.0,352.0, 268.3, 8.3
55,15,11,49,436,82.3, 17.5, 132.1,0.0, 275.7, 0.0,344.5, 290.7, 8.6
56,15,11,49,944,79.8, 17.7, 132.4,0.0, 275.6, 0.0,344.4, 290.6, 8.6
57,15,11,50,452,77.2, 17.7, 132.4,0.0, 269.1, 0.0,330.0, 281.6, 9.5
58,15,11,50,959,74.8, 17.4, 132.4,0.0, 268.1, 0.0,329.2, 280.4, 9.6
59,15,11,51,464,72.3, 17.2, 132.4,0.0, 269.9, 0.0,294.8, 268.9, 20.0
60,15,11,51,978,69.8, 16.9, 131.7,0.0, 236.4, 0.0,301.6, 240.1, 15.9
61,15,11,52,487,67.4, 16.9, 131.5,0.0, 236.8, 0.0,301.5, 240.4, 15.9
62,15,11,52,994,64.9, 16.8, 131.5,0.0, 242.7, 0.0,298.9, 244.7, 17.3
63,15,11,53,503,62.6, 16.6, 130.6,0.0, 265.2, 0.0,282.3, 240.7, 42.4
64,15,11,54,11,60.1, 16.4, 130.2,0.0, 267.6, 0.0,280.5, 233.5, 51.9
65,15,11,54,518,58.2, 16.4, 128.6,0.0, 275.1, 0.0,278.7, 220.8, 71.7
66,15,11,55,25,55.7, 16.5, 128.6,0.0, 273.9, 0.0,278.6, 217.7, 73.6
67,15,11,55,532,53.1, 16.6, 128.7,0.0, 273.3, 0.0,278.7, 218.4, 72.4
68,15,11,56,39,50.6, 16.8, 128.8,0.0, 272.4, 0.0,278.4, 209.6, 80.1
69,15,11,56,546,48.1, 17.1, 128.9,0.0, 274.0, 0.0,278.3, 204.4, 86.9
70,15,11,57,53,45.6, 17.4, 129.0,0.0, 274.1, 0.0,278.3, 203.1, 88.3
71,15,11,57,559,43.1, 17.7, 129.3,0.0, 289.0, 0.0,278.3, 210.3, 95.9
72,15,11,58,66,40.7, 18.1, 130.0,0.0, 289.0, 0.0,278.3, 210.3, 95.9
73,15,11,58,573,38.3, 18.2, 131.0,0.0, 296.5, 0.0,278.4, 215.1, 98.6
74,15,11,59,81,36.1, 18.5, 132.1,0.0, 297.6, 0.0,278.5, 216.2, 98.6
75,15,11,59,587,33.9, 18.9, 133.2,0.0, 297.8, 0.0,278.8, 216.5, 98.7
76,15,12,00,94,31.7, 19.1, 134.5,0.0, 285.3, 0.0,279.6, 204.1, 98.8
77,15,12,00,601,31.1, 19.2, 134.7,0.0, 303.2, 0.0,280.1, 222.1, 98.9
78,15,12,01,108,29.1, 19.6, 136.1,0.0, 310.1, 0.0,280.7, 229.0, 98.9
79,15,12,01,614,27.1, 19.9, 137.8,0.0, 309.0, 0.0,280.9, 228.0, 99.0
80,15,12,02,121,25.2, 20.3, 139.3,0.0, 309.0, 0.0,280.9, 228.0, 99.0
81,15,12,02,628,23.7, 20.7, 141.2,0.0, 299.3, 0.0,283.2, 218.5, 99.2
82,15,12,03,135,21.6, 21.1, 142.7,0.0, 305.5, 0.0,289.1, 224.9, 99.4
83,15,12,03,642,19.9, 21.6, 144.3,0.0, 303.0, 0.0,294.5, 222.2, 99.2
84,15,12,04,148,18.1, 22.4, 145.8,0.0, 298.4, 0.0,300.6, 216.9, 98.5
85,15,12,04,655,16.4, 23.0, 147.5,0.0, 298.2, 0.0,304.2, 216.1, 97.9
86,15,12,05,161,15.0, 23.6, 149.3,0.0, 291.0, 0.0,311.0, 207.2, 96.2
87,15,12,05,668,12.8, 24.1, 150.2,0.0, 297.6, 0.0,312.0, 213.4, 95.8
88,15,12,06,175,10.8, 24.8, 151.7,0.0, 298.2, 0.0,313.3, 213.6, 95.4
89,15,12,06,681,9.2, 25.5, 153.3,0.0, 286.0, 0.0,316.0, 200.4, 94.4
90,15,12,07,188,7.0, 26.0, 154.2,0.0, 292.7, 0.0,316.4, 206.9, 94.3
91,15,12,07,695,4.8, 26.9, 155.2,0.0, 286.2, 0.0,317.3, 200.1, 93.9
92,15,12,08,202,2.8, 27.6, 156.3,0.0, 292.8, 0.0,317.5, 206.6, 93.8
93,15,12,08,708,0.6, 28.3, 157.4,0.0, 293.5, 0.0,318.3, 207.4, 93.1
94,15,12,09,215,-1.5, 29.2, 158.6,0.0, 294.4, 0.0,319.2, 207.4, 93.0
95,15,12,09,721,-2.8, 29.8, 160.6,0.0, 279.3, 0.0,335.4, 179.5, 80.3
96,15,12,10,228,-5.0, 30.7, 161.0,0.0, 279.5, 0.0,335.6, 179.4, 79.9
97,15,12,10,735,-7.0, 31.7, 162.1,0.0, 280.6, 0.0,335.8, 180.2, 79.6
98,15,12,11,241,-9.1, 32.6, 162.6,0.0, 263.7, 0.0,338.4, 158.0, 74.3
99,15,12,11,748,-11.4, 33.4, 162.4,0.0, 273.1, 0.0,338.7, 166.8, 73.7
100,15,12,12,255,-13.5, 34.6, 163.0,0.0, 273.5, 0.0,338.7, 167.1, 73.6
101,15,12,12,761,-15.5, 35.7, 163.6,0.0, 273.2, 0.0,338.8, 166.4, 73.2
102,15,12,13,268,-17.8, 36.7, 163.5,0.0, 273.0, 0.0,338.8, 166.1, 73.1
103,15,12,13,775,-20.1, 37.8, 163.5,0.0, 273.0, 0.0,338.9, 166.0, 73.0
104,15,12,14,282,-21.0, 38.1, 163.7,0.0, 319.6, 0.0,339.8, 204.8, 65.2
105,15,12,14,787,-21.7, 38.4, 163.4,0.0, 249.0, 0.0,341.6, 138.3, 63.8
106,15,12,15,293,-23.7, 39.0, 161.9,0.0, 234.6, 0.0,342.1, 124.8, 63.5
107,15,12,15,800,-25.6, 39.9, 160.4,0.0, 234.6, 0.0,341.6, 123.8, 63.8
108,15,12,16,307,-27.7, 40.6, 159.9,0.0, 235.2, 0.0,341.1, 123.4, 64.1
109,15,12,16,814,-30.0, 41.3, 158.9,0.0, 212.6, 0.0,343.9, 106.5, 62.4
110,15,12,17,317,-32.0, 41.9, 157.8,0.0, 139.9, 0.0,356.5, 56.1, 58.5
111,15,12,17,839,-32.8, 42.0, 157.1,0.0, 177.7, 0.0,354.7, 90.9, 58.8
112,15,12,18,342,-33.6, 42.2, 155.4,0.0, 221.3, 0.0,350.7, 127.8, 59.6
113,15,12,18,852,-35.7, 42.9, 154.3,0.0, 229.5, 0.0,349.7, 134.2, 59.9
114,15,12,19,360,-37.6, 43.4, 152.6,0.0, 230.5, 0.0,347.9, 132.1, 60.6
115,15,12,19,867,-39.4, 44.0, 151.0,0.0, 232.9, 0.0,343.2, 125.5, 62.8
116,15,12,20,374,-41.4, 44.5, 149.5,0.0, 232.9, 0.0,341.9, 122.7, 63.6
117,15,12,20,887,-43.4, 44.8, 148.0,0.0, 232.7, 0.0,341.7, 122.3, 63.7
118,15,12,21,388,-45.3, 45.3, 146.5,0.0, 232.7, 0.0,341.4, 121.5, 64.0
119,15,12,21,895,-47.4, 45.7, 144.9,0.0, 234.6, 0.0,339.4, 117.0, 62.4
120,15,12,22,402,-49.4, 46.1, 143.5,0.0, 235.2, 0.0,337.3, 111.0, 55.8
121,15,12,22,908,-51.4, 46.6, 142.0,0.0, 235.6, 0.0,337.2, 111.2, 55.6
122,15,12,23,416,-53.5, 46.9, 140.6,0.0, 236.4, 0.0,337.4, 112.3, 55.5
123,15,12,23,922,-55.6, 47.2, 139.2,0.0, 236.7, 0.0,337.4, 112.7, 55.5
124,15,12,24,428,-57.6, 47.5, 137.9,0.0, 237.3, 0.0,337.6, 113.5, 55.4
125,15,12,24,935,-59.8, 47.8, 136.4,0.0, 237.3, 0.0,337.6, 113.5, 55.4
126,15,12,25,442,-61.9, 48.1, 135.1,0.0, 246.7, 0.0,337.9, 123.5, 55.2
127,15,12,25,949,-64.2, 48.4, 134.2,0.0, 248.8, 0.0,337.9, 125.5, 55.2
128,15,12,26,456,-66.6, 48.7, 133.2,0.0, 248.8, 0.0,337.9, 125.5, 55.2
129,15,12,26,962,-68.9, 49.0, 132.3,0.0, 248.8, 0.0,337.9, 125.5, 55.2
130,15,12,27,468,-71.2, 49.1, 131.4,0.0, 248.8, 0.0,337.9, 125.5, 55.2
131,15,12,27,975,-73.8, 49.3, 131.2,0.0, 233.6, 0.0,337.5, 109.7, 55.4
132,15,12,28,482,-75.8, 49.2, 129.8,0.0, 233.5, 0.0,337.3, 109.3, 55.6
133,15,12,28,989,-77.8, 49.4, 128.3,0.0, 233.5, 0.0,337.3, 109.3, 55.6
134,15,12,29,496,-79.9, 49.7, 126.7,0.0, 233.5, 0.0,337.3, 109.3, 55.6
135,15,12,30,2,-82.0, 49.9, 125.6,0.0, 233.5, 0.0,337.3, 109.3, 55.6
136,15,12,30,505,-84.0, 50.1, 124.7,0.0, 195.0, 0.0,340.1, 75.1, 54.0
137,15,12,31,11,-85.3, 50.2, 122.7,0.0, 195.1, 0.0,340.1, 75.1, 54.0
138,15,12,31,520,-87.5, 50.5, 121.4,0.0, 194.5, 0.0,340.1, 74.5, 54.0
139,15,12,32,39,-88.2, 50.3, 119.1,0.0, 133.5, 0.0,345.3, 20.7, 51.9
140,15,12,32,546,-89.8, 50.2, 117.1,0.0, 133.5, 0.0,345.3, 20.7, 51.9
141,15,12,33,53,-91.6, 50.2, 115.3,0.0, 133.5, 0.0,345.3, 20.7, 51.9
142,15,12,33,560,-93.1, 50.2, 113.3,0.0, 118.5, 0.0,345.8, 6.3, 51.7
143,15,12,34,81,-91.2, 50.0, 111.8,0.0, 114.5, 0.0,344.8, 1.0, 52.0
144,15,12,34,602,-89.0, 50.0, 110.5,0.0, 157.2, 0.0,345.2, 44.3, 51.9
145,15,12,35,103,-88.9, 50.0, 110.2,0.0, 196.7, 0.0,345.1, 83.6, 51.9
146,15,12,35,613,-89.9, 49.7, 108.0,0.0, 213.5, 0.0,345.3, 100.7, 51.9
147,15,12,36,120,-92.0, 49.8, 106.6,0.0, 213.4, 0.0,345.3, 100.6, 51.9
148,15,12,36,627,-93.7, 50.1, 104.9,0.0, 213.4, 0.0,345.3, 100.6, 51.9
149,15,12,37,134,-95.9, 50.3, 103.8,0.0, 198.2, 0.0,344.3, 84.2, 52.2
150,15,12,37,641,-96.7, 50.1, 101.4,0.0, 196.9, 0.0,344.5, 83.0, 52.2
151,15,12,38,158,-96.3, 49.7, 98.9,0.0, 165.8, 0.0,347.7, 56.1, 51.1
152,15,12,38,665,-95.7, 49.0, 96.6,0.0, 166.5, 0.0,348.3, 57.5, 51.0
153,15,12,39,172,-95.5, 48.8, 95.9,0.0, 166.5, 0.0,348.3, 57.5, 51.0
154,15,12,39,680,-95.0, 48.4, 93.8,0.0, 167.4, 0.0,349.0, 59.3, 50.8
155,15,12,40,187,-94.7, 47.8, 91.3,0.0, 169.8, 0.0,356.2, 70.5, 49.7
156,15,12,40,694,-94.3, 47.1, 88.9,0.0, 174.8, 0.0,356.3, 75.6, 49.7
157,15,12,41,201,-94.5, 46.3, 86.5,0.0, 185.6, 0.0,353.2, 82.7, 50.0
158,15,12,41,709,-94.8, 45.5, 84.2,0.0, 184.1, 0.0,353.1, 81.1, 50.0
159,15,12,42,216,-95.1, 44.5, 81.8,0.0, 179.1, 0.0,354.1, 77.3, 49.9
160,15,12,42,722,-95.0, 43.6, 79.4,0.0, 174.6, 0.0,353.4, 71.9, 50.0
161,15,12,43,228,-94.9, 42.6, 77.2,0.0, 174.6, 0.0,353.4, 71.9, 50.0
162,15,12,43,735,-94.7, 41.6, 74.8,0.0, 174.6, 0.0,353.4, 71.9, 50.0
163,15,12,44,268,-95.4, 40.9, 72.5,0.0, 152.3, 0.0,353.6, 49.9, 50.0
164,15,12,44,771,-96.1, 40.2, 70.2,0.0, 143.8, 0.0,354.6, 42.5, 49.8
165,15,12,45,280,-94.8, 38.9, 68.5,0.0, 134.6, 0.0,356.6, 35.8, 49.6
166,15,12,45,800,-93.6, 37.7, 66.7,0.0, 134.6, 0.0,357.2, 36.4, 49.6
167,15,12,46,320,-91.6, 36.4, 65.7,0.0, 111.6, 0.0,358.8, 15.3, 49.5
168,15,12,46,827,-90.0, 35.0, 64.7,0.0, 111.6, 0.0,358.8, 15.3, 49.5
169,15,12,47,333,-88.5, 33.9, 63.4,0.0, 75.6, 0.0,354.6, 334.3, 49.8
170,15,12,47,840,-86.3, 33.0, 64.3,0.0, 67.2, 0.0,354.5, 325.9, 49.8
171,15,12,48,347,-84.3, 32.0, 65.4,0.0, 67.2, 0.0,354.5, 325.9, 49.8
172,15,12,48,854,-82.2, 30.9, 66.5,0.0, 67.2, 0.0,354.5, 325.9, 49.8
173,15,12,49,361,-80.3, 29.7, 67.6,0.0, 67.2, 0.0,354.5, 325.9, 49.8
174,15,12,49,868,-78.3, 28.6, 68.5,0.0, 67.2, 0.0,354.5, 325.9, 49.8
175,15,12,50,374,-76.1, 27.4, 69.5,0.0, 67.2, 0.0,354.5, 325.9, 49.8
176,15,12,50,883,-74.6, 26.7, 71.2,0.0, 74.4, 0.0,354.1, 332.5, 49.9
177,15,12,51,399,-72.4, 25.9, 71.9,0.0, 89.7, 0.0,352.9, 346.4, 50.1
178,15,12,51,921,-69.9, 25.2, 71.8,0.0, 89.7, 0.0,353.1, 346.7, 50.0
179,15,12,52,428,-68.0, 24.3, 73.0,0.0, 102.5, 0.0,353.6, 0.1, 50.0
180,15,12,52,948,-66.0, 23.5, 72.6,0.0, 147.5, 0.0,353.6, 45.1, 50.0
181,15,12,53,454,-64.4, 22.9, 70.9,0.0, 147.6, 0.0,353.6, 45.2, 50.0
182,15,12,53,960,-62.6, 22.0, 69.5,0.0, 180.3, 0.0,347.8, 70.7, 51.1
183,15,12,54,467,-62.9, 21.4, 67.1,0.0, 181.6, 0.0,345.4, 68.9, 51.8
184,15,12,54,974,-62.5, 20.4, 64.9,0.0, 181.5, 0.0,345.3, 68.8, 51.9
185,15,12,55,481,-62.8, 19.6, 62.5,0.0, 182.9, 0.0,343.2, 67.3, 52.6
186,15,12,55,988,-63.3, 18.9, 60.2,0.0, 184.4, 0.0,339.1, 62.9, 54.5
187,15,12,56,495,-63.7, 18.0, 57.7,0.0, 181.8, 0.0,329.2, 46.9, 45.1
188,15,12,57,2,-63.9, 17.2, 55.4,0.0, 181.4, 0.0,328.0, 45.5, 44.1
189,15,12,57,509,-64.1, 16.4, 53.0,0.0, 185.4, 0.0,321.2, 44.4, 39.0
190,15,12,58,48,-64.0, 15.7, 50.5,0.0, 154.0, 0.0,320.0, 12.2, 38.3
191,15,12,58,548,-63.9, 15.3, 48.1,0.0, 152.5, 0.0,320.3, 11.1, 38.0
192,15,12,59,66,-64.0, 14.7, 45.7,0.0, 111.6, 0.0,319.0, 329.6, 36.8
193,15,12,59,572,-63.0, 14.2, 43.5,0.0, 108.6, 0.0,319.2, 326.8, 36.6
194,15,13,00,79,-61.9, 13.8, 41.2,0.0, 108.6, 0.0,319.2, 326.8, 36.6
195,15,13,00,587,-61.0, 13.3, 38.9,0.0, 108.6, 0.0,319.2, 326.8, 36.6
196,15,13,01,93,-59.9, 12.9, 36.7,0.0, 107.5, 0.0,319.0, 325.5, 36.8
197,15,13,01,602,-58.7, 12.4, 34.5,0.0, 107.5, 0.0,319.0, 325.5, 36.8
198,15,13,02,108,-57.6, 12.1, 32.2,0.0, 105.6, 0.0,313.1, 320.1, 34.5
199,15,13,02,628,-55.3, 11.8, 31.3,0.0, 98.9, 0.0,305.8, 310.2, 31.3
200,15,13,03,147,-53.3, 11.6, 29.9,0.0, 98.3, 0.0,299.8, 307.4, 29.1
201,15,13,03,653,-51.1, 11.5, 30.0,0.0, 46.2, 0.0,284.4, 250.8, 24.6
202,15,13,04,160,-51.1, 11.5, 30.0,0.0, 47.0, 0.0,284.4, 251.6, 24.6
203,15,13,04,667,-51.1, 11.5, 30.0,0.0, 47.4, 0.0,284.4, 252.0, 24.6
204,15,13,05,175,-49.9, 11.5, 28.7,0.0, 47.1, 0.0,284.0, 251.6, 24.5
205,15,13,05,681,-48.2, 11.4, 26.9,0.0, 47.0, 0.0,283.5, 251.4, 24.4
206,15,13,06,188,-46.5, 11.4, 25.1,0.0, 47.0, 0.0,283.5, 251.4, 24.4
207,15,13,06,692,-46.0, 11.4, 24.6,0.0, 4.2, 0.0,275.2, 24.8, 200.6
208,15,13,07,200,-46.0, 11.4, 24.6,0.0, 324.1, 0.0,291.1, 342.4, 198.3
209,15,13,07,708,-46.0, 11.4, 24.6,0.0, 324.1, 0.0,291.1, 342.4, 198.3
210,15,13,08,214,-46.0, 11.4, 24.6,0.0, 323.3, 0.0,289.7, 340.1, 199.7
211,15,13,08,721,-46.0, 11.4, 24.6,0.0, 323.3, 0.0,289.7, 340.1, 199.7
212,15,13,09,229,-46.0, 11.4, 24.6,0.0, 340.9, 0.0,286.6, 353.6, 203.5
213,15,13,09,732,-45.8, 11.4, 25.2,0.0, 18.9, 0.0,279.0, 8.2, 226.4
214,15,13,10,241,-45.0, 11.6, 27.6,0.0, 19.6, 0.0,277.5, 354.3, 240.8
215,15,13,10,747,-44.5, 11.6, 29.0,0.0, 19.9, 0.0,277.3, 351.8, 243.6
216,15,13,11,250,-43.9, 11.5, 29.6,0.0, 58.8, 0.0,277.2, 28.6, 245.7
217,15,13,11,759,-41.6, 10.8, 30.6,0.0, 87.0, 0.0,276.7, 44.9, 257.5
218,15,13,12,267,-39.4, 10.8, 29.5,0.0, 128.8, 0.0,286.4, 141.3, 203.7
219,15,13,12,774,-37.4, 10.9, 28.0,0.0, 128.8, 0.0,286.4, 141.3, 203.7
220,15,13,13,281,-35.4, 10.9, 26.4,0.0, 128.8, 0.0,286.4, 141.3, 203.7
221,15,13,13,788,-34.4, 10.7, 24.2,0.0, 129.0, 0.0,287.6, 143.2, 202.1
222,15,13,14,295,-33.3, 10.6, 22.1,0.0, 112.6, 0.0,290.9, 130.5, 198.6
223,15,13,14,803,-30.9, 10.6, 21.1,0.0, 113.0, 0.0,291.2, 131.2, 198.3
224,15,13,15,309,-28.6, 10.6, 20.1,0.0, 114.2, 0.0,291.5, 132.4, 198.2
225,15,13,15,816,-26.6, 10.6, 18.5,0.0, 124.1, 0.0,291.5, 142.3, 198.2
226,15,13,16,323,-24.6, 10.6, 17.1,0.0, 124.8, 0.0,291.5, 143.0, 198.2
227,15,13,16,830,-22.6, 10.7, 15.6,0.0, 129.6, 0.0,291.5, 147.8, 198.2
228,15,13,17,336,-20.6, 10.7, 13.9,0.0, 129.6, 0.0,291.5, 147.8, 198.2
229,15,13,17,843,-18.7, 10.9, 12.3,0.0, 129.6, 0.0,291.5, 147.8, 198.2
230,15,13,18,350,-16.8, 11.2, 10.7,0.0, 129.6, 0.0,291.5, 147.8, 198.2
231,15,13,18,856,-14.9, 11.3, 9.0,0.0, 133.4, 0.0,291.5, 151.6, 198.2
232,15,13,19,363,-13.2, 11.3, 7.2,0.0, 136.8, 0.0,292.2, 154.9, 198.1
233,15,13,19,870,-11.9, 11.3, 5.0,0.0, 184.1, 0.0,296.5, 201.7, 197.6
234,15,13,20,376,-12.0, 11.3, 4.3,0.0, 215.1, 0.0,299.8, 232.4, 197.3
235,15,13,20,883,-12.0, 11.3, 4.3,0.0, 214.8, 0.0,298.7, 231.0, 198.1
236,15,13,21,387,-12.0, 11.3, 4.3,0.0, 217.9, 0.0,299.3, 234.6, 197.7
237,15,13,21,893,-12.0, 11.3, 4.3,0.0, 254.7, 0.0,299.9, 271.7, 197.4
238,15,13,22,400,-12.0, 11.3, 4.3,0.0, 242.4, 0.0,293.8, 254.6, 201.7
239,15,13,22,907,-12.0, 11.3, 4.3,0.0, 244.1, 0.0,292.0, 254.5, 203.4
240,15,13,23,414,-13.3, 11.2, 4.3,0.0, 277.9, 0.0,292.5, 288.8, 202.9
241,15,13,23,921,-15.9, 11.2, 4.7,0.0, 279.1, 0.0,292.2, 289.7, 203.2
242,15,13,24,426,-16.7, 11.2, 4.9,0.0, 328.5, 0.0,296.2, 342.9, 199.7
243,15,13,24,932,-16.8, 11.2, 5.1,0.0, 329.4, 0.0,296.5, 344.0, 199.5
244,15,13,25,451,-17.0, 11.3, 7.5,0.0, 2.7, 0.0,297.9, 18.4, 198.6
245,15,13,25,959,-14.7, 11.3, 8.4,0.0, 14.4, 0.0,297.3, 29.7, 198.9
246,15,13,26,467,-14.5, 11.3, 8.3,0.0, 41.3, 0.0,297.0, 56.3, 199.2
247,15,13,26,975,-14.5, 11.3, 8.3,0.0, 73.2, 0.0,299.9, 90.2, 197.4
248,15,13,27,482,-13.8, 11.2, 8.4,0.0, 84.9, 0.0,300.0, 102.0, 197.3
249,15,13,27,987,-11.3, 11.4, 8.5,0.0, 112.7, 0.0,302.8, 129.7, 197.0
250,15,13,28,495,-9.2, 11.6, 7.2,0.0, 119.6, 0.0,303.7, 136.5, 196.9
251,15,13,29,2,-7.4, 11.9, 5.5,0.0, 122.6, 0.0,305.2, 139.3, 196.7
252,15,13,29,509,-5.8, 12.0, 3.7,0.0, 124.5, 0.0,305.3, 141.2, 196.7
253,15,13,30,16,-4.7, 12.0, 1.6,0.0, 130.8, 0.0,306.2, 147.4, 196.7
254,15,13,30,523,-4.2, 12.1, -0.9,0.0, 131.0, 0.0,306.4, 147.6, 196.6
255,15,13,31,30,-2.9, 12.6, -2.9,0.0, 131.2, 0.0,306.6, 147.8, 196.6
256,15,13,31,537,-2.8, 13.0, -5.4,0.0, 131.2, 0.0,306.6, 147.8, 196.6
257,15,13,32,44,-2.2, 13.4, -7.8,0.0, 131.2, 0.0,306.6, 147.8, 196.6
258,15,13,32,550,-1.0, 13.8, -9.9,0.0, 131.2, 0.0,306.6, 147.8, 196.6
259,15,13,33,57,-0.8, 14.1, -12.3,0.0, 131.2, 0.0,306.6, 147.8, 196.6
260,15,13,33,563,0.9, 14.6, -14.2,0.0, 131.2, 0.0,306.6, 147.8, 196.6
261,15,13,34,70,1.4, 15.1, -16.5,0.0, 131.7, 0.0,306.7, 148.3, 196.6
262,15,13,34,576,2.2, 15.6, -18.7,0.0, 130.0, 0.0,306.7, 146.5, 196.6
263,15,13,35,82,4.1, 16.0, -20.4,0.0, 122.6, 0.0,306.7, 139.2, 196.6
264,15,13,35,590,5.2, 16.4, -22.5,0.0, 115.8, 0.0,307.0, 132.4, 196.6
265,15,13,36,96,7.4, 16.8, -23.6,0.0, 98.8, 0.0,307.2, 115.3, 196.6
266,15,13,36,601,9.4, 17.0, -24.7,0.0, 83.0, 0.0,312.5, 99.1, 196.1
267,15,13,37,109,11.9, 17.0, -24.4,0.0, 82.1, 0.0,314.8, 98.0, 195.9
268,15,13,37,616,14.4, 17.0, -24.0,0.0, 76.8, 0.0,327.6, 91.9, 195.1
269,15,13,38,139,16.7, 16.9, -23.0,0.0, 344.1, 0.0,350.3, 358.3, 194.2
270,15,13,38,648,16.9, 17.0, -22.2,0.0, 323.7, 0.0,354.9, 337.9, 194.2
271,15,13,39,159,19.0, 16.8, -20.6,0.0, 323.4, 0.0,355.4, 337.6, 194.2
272,15,13,39,667,20.9, 16.5, -19.1,0.0, 323.0, 0.0,355.6, 337.1, 194.2
273,15,13,40,173,22.4, 16.3, -17.2,0.0, 291.0, 0.0,42.4, 308.2, 197.2
274,15,13,40,679,22.4, 16.3, -17.2,0.0, 306.1, 0.0,47.7, 324.5, 198.4
275,15,13,41,192,22.0, 16.3, -16.6,0.0, 345.1, 0.0,38.1, 359.4, 195.6
276,15,13,41,705,23.2, 16.5, -15.4,0.0, 108.8, 0.0,22.6, 118.5, 193.3
277,15,13,42,212,23.3, 16.5, -15.6,0.0, 148.7, 0.0,17.9, 157.2, 192.9
278,15,13,42,721,24.7, 16.7, -17.8,0.0, 146.5, 0.0,23.1, 156.3, 193.3
279,15,13,43,228,26.1, 16.9, -18.9,0.0, 81.5, 0.0,16.1, 89.6, 192.7
280,15,13,43,734,26.8, 17.0, -17.2,0.0, 104.3, 0.0,16.3, 112.4, 192.8
281,15,13,44,243,29.3, 16.9, -17.9,0.0, 106.8, 0.0,15.6, 114.7, 192.7
282,15,13,44,750,31.6, 16.7, -18.6,0.0, 107.2, 0.0,15.4, 115.1, 192.7
283,15,13,45,257,34.0, 16.6, -18.1,0.0, 62.8, 0.0,9.7, 69.4, 192.4
284,15,13,45,789,34.4, 16.6, -18.1,0.0, 0.5, 0.0,0.0, 5.0, 192.2
285,15,13,46,292,33.6, 16.6, -17.1,0.0, 325.5, 0.0,357.2, 329.4, 192.2
286,15,13,46,798,32.0, 16.2, -15.2,0.0, 291.9, 0.0,4.2, 297.3, 192.3
287,15,13,47,307,29.6, 16.6, -14.7,0.0, 307.4, 0.0,5.2, 313.0, 192.3
288,15,13,47,812,27.5, 16.7, -13.6,0.0, 307.4, 0.0,5.2, 313.0, 192.3
289,15,13,48,322,25.1, 16.8, -13.1,0.0, 310.1, 0.0,5.0, 315.7, 192.3
290,15,13,48,830,23.1, 16.5, -11.8,0.0, 330.0, 0.0,6.7, 335.9, 192.3
291,15,13,49,333,22.4, 16.4, -9.5,0.0, 351.8, 0.0,10.1, 358.5, 192.4
292,15,13,49,840,20.7, 16.7, -7.7,0.0, 359.0, 0.0,9.5, 5.6, 192.4
293,15,13,50,348,20.4, 17.2, -5.3,0.0, 356.5, 0.0,9.5, 3.1, 192.4
294,15,13,50,855,20.2, 17.7, -2.9,0.0, 354.8, 0.0,11.6, 1.8, 192.5
295,15,13,51,361,19.9, 18.3, -0.4,0.0, 354.5, 0.0,13.1, 1.9, 192.6
296,15,13,51,868,19.7, 18.7, 2.1,0.0, 354.5, 0.0,13.1, 1.9, 192.6
297,15,13,52,375,19.5, 18.7, 4.6,0.0, 357.1, 0.0,17.4, 5.5, 192.8
298,15,13,52,882,19.4, 18.7, 7.2,0.0, 357.1, 0.0,17.4, 5.5, 192.8
299,15,13,53,389,19.3, 18.7, 9.7,0.0, 357.4, 0.0,17.0, 5.7, 192.8
300,15,13,53,896,19.7, 18.7, 12.1,0.0, 355.9, 0.0,17.4, 4.3, 192.8
301,15,13,54,403,19.5, 18.7, 14.7,0.0, 355.7, 0.0,17.5, 4.1, 192.8
302,15,13,54,910,19.3, 18.7, 17.2,0.0, 357.3, 0.0,17.7, 5.8, 192.9
303,15,13,55,416,19.2, 18.7, 19.7,0.0, 357.7, 0.0,17.7, 6.2, 192.9
304,15,13,55,923,19.1, 18.7, 22.3,0.0, 357.9, 0.0,17.5, 6.3, 192.8
305,15,13,56,430,19.2, 18.7, 24.8,0.0, 358.0, 0.0,17.1, 6.3, 192.8
306,15,13,56,935,19.1, 18.7, 27.3,0.0, 359.4, 0.0,23.5, 9.3, 193.4
307,15,13,57,443,19.1, 18.7, 29.9,0.0, 359.4, 0.0,35.9, 12.9, 195.2
308,15,13,57,950,19.1, 18.7, 32.4,0.0, 359.4, 0.0,35.9, 12.9, 195.2
309,15,13,58,457,19.1, 18.7, 34.9,0.0, 359.3, 0.0,35.0, 12.5, 195.0
310,15,13,58,963,19.0, 18.7, 37.5,0.0, 359.1, 0.0,35.0, 12.3, 195.0
311,15,13,59,470,19.0, 18.7, 40.0,0.0, 359.0, 0.0,35.5, 12.4, 195.1
312,15,13,59,977,18.9, 18.7, 42.4,0.0, 358.7, 0.0,35.4, 12.0, 195.1
313,15,14,00,483,18.9, 18.7, 45.0,0.0, 358.7, 0.0,35.4, 12.0, 195.1
314,15,14,00,990,18.8, 18.7, 47.5,0.0, 358.7, 0.0,35.4, 12.0, 195.1
315,15,14,01,497,18.8, 18.7, 50.0,0.0, 358.8, 0.0,35.4, 12.1, 195.1
316,15,14,02,4,18.7, 18.7, 52.6,0.0, 358.9, 0.0,35.0, 12.1, 195.0
317,15,14,02,511,18.7, 18.7, 55.1,0.0, 359.2, 0.0,34.9, 12.4, 195.0
318,15,14,03,17,18.6, 18.7, 57.6,0.0, 359.5, 0.0,40.4, 14.6, 196.2
319,15,14,03,524,18.7, 18.7, 60.2,0.0, 359.9, 0.0,46.1, 17.4, 197.8
320,15,14,04,30,19.2, 18.7, 62.6,0.0, 351.0, 0.0,65.3, 18.0, 207.0
321,15,14,04,537,18.9, 18.7, 65.1,0.0, 353.7, 0.0,66.0, 21.4, 207.7
322,15,14,05,44,18.6, 18.9, 67.6,0.0, 353.4, 0.0,66.3, 21.2, 207.8
323,15,14,05,550,18.9, 18.5, 70.0,0.0, 353.4, 0.0,66.3, 21.2, 207.8
324,15,14,06,57,19.8, 18.2, 72.1,0.0, 6.3, 0.0,68.5, 36.7, 210.4
325,15,14,06,563,20.6, 17.9, 74.4,0.0, 353.5, 0.0,70.2, 26.1, 212.6
326,15,14,07,71,20.9, 17.6, 76.8,0.0, 353.2, 0.0,69.6, 24.8, 211.7
327,15,14,07,574,20.6, 17.5, 78.9,0.0, 315.6, 0.0,76.4, 2.8, 227.2
328,15,14,08,84,19.6, 17.5, 81.2,0.0, 295.1, 0.0,80.0, 6.6, 251.5
329,15,14,08,587,17.5, 17.8, 82.2,0.0, 285.1, 0.0,80.7, 28.3, 283.3
330,15,14,09,95,15.4, 18.0, 83.4,0.0, 267.3, 0.0,79.1, 34.6, 307.3
331,15,14,09,602,12.9, 17.9, 82.9,0.0, 256.1, 0.0,75.6, 40.9, 324.8
332,15,14,10,107,11.3, 19.0, 81.4,0.0, 216.0, 0.0,69.4, 13.6, 337.6
333,15,14,10,612,10.0, 20.3, 79.7,0.0, 216.0, 0.0,69.4, 13.6, 337.6
334,15,14,11,117,9.2, 21.4, 77.9,0.0, 154.3, 0.0,72.4, 307.9, 333.8
335,15,14,11,626,9.3, 21.8, 76.4,0.0, 136.1, 0.0,70.9, 291.8, 335.9
336,15,14,12,134,10.8, 23.1, 74.9,0.0, 131.4, 0.0,59.9, 297.5, 346.1
337,15,14,12,641,12.7, 24.4, 73.9,0.0, 97.6, 0.0,60.9, 263.3, 345.9
338,15,14,13,148,14.4, 25.0, 74.3,0.0, 39.8, 0.0,59.3, 206.3, 346.6
339,15,14,13,655,15.8, 26.1, 76.1,0.0, 33.6, 0.0,58.3, 200.6, 347.0
340,15,14,14,163,16.8, 27.0, 78.2,0.0, 348.3, 0.0,60.3, 154.4, 346.2
341,15,14,14,666,15.0, 27.1, 79.5,0.0, 253.0, 0.0,64.4, 56.8, 344.2
342,15,14,15,175,12.8, 27.2, 78.5,0.0, 222.9, 0.0,70.4, 21.5, 339.4
343,15,14,15,677,11.6, 27.2, 77.0,0.0, 221.9, 0.0,69.8, 21.2, 340.0
344,15,14,16,186,11.6, 27.2, 77.0,0.0, 223.7, 0.0,71.2, 21.4, 338.5
345,15,14,16,691,11.6, 27.2, 77.0,0.0, 321.5, 0.0,70.7, 119.8, 339.1
346,15,14,17,200,11.6, 27.2, 77.0,0.0, 324.9, 0.0,69.5, 124.5, 340.4
347,15,14,17,707,11.6, 27.2, 77.0,0.0, 324.0, 0.0,47.2, 135.3, 351.3
348,15,14,18,215,10.9, 27.2, 78.1,0.0, 319.8, 0.0,32.8, 134.0, 354.2
349,15,14,18,721,11.0, 27.2, 78.3,0.0, 291.7, 0.0,10.7, 108.1, 356.4
350,15,14,19,228,11.0, 27.2, 78.3,0.0, 52.6, 0.0,28.8, 227.7, 356.0
351,15,14,19,735,12.2, 27.2, 78.8,0.0, 64.1, 0.0,35.0, 238.7, 355.7
352,15,14,20,243,14.5, 27.0, 79.9,0.0, 63.6, 0.0,35.2, 238.2, 355.7
353,15,14,20,750,14.5, 27.0, 79.9,0.0, 106.6, 0.0,35.3, 281.2, 355.7
354,15,14,21,253,14.5, 27.0, 79.9,0.0, 169.2, 0.0,37.8, 343.5, 355.5
355,15,14,21,759,14.8, 27.0, 79.9,0.0, 169.0, 0.0,38.3, 343.3, 355.5
356,15,14,22,268,16.7, 27.0, 79.2,0.0, 168.0, 0.0,38.1, 342.3, 355.5
357,15,14,22,775,17.1, 27.0, 79.0,0.0, 168.0, 0.0,38.1, 342.3, 355.5
358,15,14,23,283,17.1, 27.0, 79.0,0.0, 171.8, 0.0,37.9, 346.1, 355.5
359,15,14,23,788,16.8, 26.7, 77.1,0.0, 198.1, 0.0,40.5, 12.2, 355.4
360,15,14,24,296,15.7, 25.6, 75.2,0.0, 197.7, 0.0,40.0, 11.8, 355.4
361,15,14,24,799,14.2, 24.9, 73.5,0.0, 265.2, 0.0,36.1, 79.7, 355.6
362,15,14,25,308,12.1, 24.0, 74.1,0.0, 280.2, 0.0,33.1, 95.0, 355.8
363,15,14,25,816,10.4, 22.8, 75.1,0.0, 278.3, 0.0,32.8, 93.1, 355.8
364,15,14,26,322,8.6, 21.7, 76.2,0.0, 314.0, 0.0,31.6, 128.9, 355.9
365,15,14,26,845,8.9, 21.2, 78.4,0.0, 44.6, 0.0,30.1, 219.6, 355.9
366,15,14,27,348,9.4, 20.9, 78.8,0.0, 23.4, 0.0,35.3, 198.0, 355.7
367,15,14,27,855,9.4, 20.9, 78.8,0.0, 23.1, 0.0,36.4, 197.6, 355.6
368,15,14,28,363,9.9, 20.1, 80.0,0.0, 25.6, 0.0,38.8, 199.8, 355.5
369,15,14,28,870,10.9, 18.9, 81.9,0.0, 25.8, 0.0,38.8, 200.0, 355.5
370,15,14,29,377,11.9, 18.0, 83.9,0.0, 25.8, 0.0,38.8, 200.0, 355.5
371,15,14,29,882,13.6, 18.1, 85.8,0.0, 49.2, 0.0,29.9, 224.2, 355.9
372,15,14,30,389,13.8, 18.1, 86.1,0.0, 46.4, 0.0,31.5, 221.3, 355.9
373,15,14,30,896,13.8, 18.1, 86.1,0.0, 46.4, 0.0,31.5, 221.3, 355.9
374,15,14,31,403,13.8, 18.1, 86.1,0.0, 46.4, 0.0,31.5, 221.3, 355.9
375,15,14,31,910,13.8, 18.1, 86.1,0.0, 46.4, 0.0,31.5, 221.3, 355.9
376,15,14,32,416,13.8, 18.1, 86.1,0.0, 46.4, 0.0,31.5, 221.3, 355.9
377,15,14,32,924,13.8, 18.1, 86.1,0.0, 46.4, 0.0,31.5, 221.3, 355.9
378,15,14,33,430,13.8, 18.1, 86.1,0.0, 46.4, 0.0,31.5, 221.3, 355.9
379,15,14,33,937,13.8, 18.1, 86.1,0.0, 46.4, 0.0,31.5, 221.3, 355.9
380,15,14,34,444,13.8, 18.1, 86.1,0.0, 46.4, 0.0,31.5, 221.3, 355.9
381,15,14,34,950,13.8, 18.1, 86.1,0.0, 46.4, 0.0,31.5, 221.3, 355.9
382,15,14,35,457,14.0, 18.1, 86.2,0.0, 46.4, 0.0,31.5, 221.3, 355.9
383,15,14,35,964,15.8, 18.0, 88.0,0.0, 46.4, 0.0,31.5, 221.3, 355.9
384,15,14,36,472,17.8, 17.8, 89.5,0.0, 53.7, 0.0,25.9, 229.1, 356.1
385,15,14,36,978,20.0, 17.7, 90.7,0.0, 73.1, 0.0,23.9, 248.6, 356.2
386,15,14,37,482,21.3, 17.5, 90.7,0.0, 127.5, 0.0,17.7, 303.4, 356.3
387,15,14,37,988,21.3, 17.5, 90.7,0.0, 139.2, 0.0,16.8, 315.2, 356.3
388,15,14,38,495,21.3, 17.5, 90.7,0.0, 139.8, 0.0,16.2, 315.8, 356.3
389,15,14,39,2,21.3, 17.5, 90.7,0.0, 154.3, 0.0,357.2, 331.5, 357.2
390,15,14,39,509,22.4, 17.4, 88.4,0.0, 154.7, 0.0,356.6, 331.9, 357.2
391,15,14,40,16,23.4, 17.6, 86.2,0.0, 155.1, 0.0,347.0, 332.7, 357.6
392,15,14,40,524,24.5, 17.8, 83.8,0.0, 154.9, 0.0,345.0, 332.6, 357.7
393,15,14,41,31,25.5, 17.8, 81.5,0.0, 155.5, 0.0,344.3, 333.2, 357.7
394,15,14,41,540,26.5, 17.9, 79.2,0.0, 159.4, 0.0,331.2, 337.5, 358.1
395,15,14,42,44,27.0, 18.0, 77.9,0.0, 160.2, 0.0,330.7, 338.3, 358.1
396,15,14,42,547,27.0, 18.0, 77.9,0.0, 268.5, 0.0,322.7, 86.8, 358.3
397,15,14,43,53,27.0, 18.0, 77.9,0.0, 302.5, 0.0,317.9, 120.9, 358.4
398,15,14,43,562,25.3, 17.8, 79.5,0.0, 321.4, 0.0,316.9, 139.8, 358.4
399,15,14,44,69,23.7, 17.7, 81.5,0.0, 321.2, 0.0,317.2, 139.6, 358.5
400,15,14,44,576,22.8, 17.5, 83.8,0.0, 348.6, 0.0,318.2, 167.0, 358.5
401,15,14,45,84,22.4, 17.4, 86.3,0.0, 7.9, 0.0,317.6, 186.3, 358.5
402,15,14,45,591,23.5, 17.5, 88.6,0.0, 27.2, 0.0,317.3, 205.6, 358.5
403,15,14,46,97,24.6, 17.5, 90.8,0.0, 27.4, 0.0,317.0, 205.8, 358.5
404,15,14,46,605,25.8, 17.4, 93.1,0.0, 28.4, 0.0,316.4, 206.8, 358.5
405,15,14,47,110,26.3, 17.1, 95.4,0.0, 352.6, 0.0,311.0, 171.1, 358.6
406,15,14,47,617,27.2, 16.9, 97.5,0.0, 304.3, 0.0,288.1, 123.2, 358.9
407,15,14,48,120,27.6, 16.9, 98.1,0.0, 262.8, 0.0,280.8, 262.2, 179.0
408,15,14,48,625,27.6, 16.9, 98.1,0.0, 223.0, 0.0,275.1, 223.5, 177.8
409,15,14,49,127,27.6, 16.9, 98.1,0.0, 301.0, 0.0,274.2, 116.6, 2.7
410,15,14,49,627,28.1, 16.8, 99.6,0.0, 26.4, 0.0,273.5, 27.9, 176.8
411,15,14,50,134,29.1, 17.0, 101.9,0.0, 29.2, 0.0,275.4, 205.4, 2.1
412,15,14,50,642,30.3, 17.3, 104.2,0.0, 29.0, 0.0,276.1, 205.5, 1.9
413,15,14,51,149,31.5, 17.5, 106.3,0.0, 29.4, 0.0,275.7, 205.8, 2.0
414,15,14,51,655,33.4, 17.6, 107.9,0.0, 29.4, 0.0,275.7, 205.8, 2.0
415,15,14,52,163,34.7, 17.7, 110.2,0.0, 41.4, 0.0,275.7, 217.8, 2.0
416,15,14,52,668,36.7, 17.6, 111.7,0.0, 53.6, 0.0,274.8, 229.6, 2.4
417,15,14,53,176,38.7, 17.5, 113.2,0.0, 54.0, 0.0,274.7, 229.9, 2.4
418,15,14,53,683,40.8, 17.3, 114.7,0.0, 54.6, 0.0,274.6, 230.5, 2.5
419,15,14,54,191,42.8, 17.0, 116.1,0.0, 54.7, 0.0,274.5, 230.5, 2.5
420,15,14,54,699,44.8, 16.8, 117.6,0.0, 54.9, 0.0,274.5, 230.7, 2.5
421,15,14,55,205,46.7, 16.7, 119.4,0.0, 55.2, 0.0,274.4, 231.0, 2.6
422,15,14,55,712,47.9, 16.5, 119.7,0.0, 101.2, 0.0,273.6, 276.4, 3.1
423,15,14,56,218,50.3, 16.4, 119.0,0.0, 106.7, 0.0,273.7, 282.0, 3.1
424,15,14,56,724,52.5, 16.3, 117.7,0.0, 103.3, 0.0,274.5, 279.1, 2.5
425,15,14,57,231,55.0, 16.3, 117.8,0.0, 84.9, 0.0,276.0, 261.4, 1.9
426,15,14,57,738,57.4, 16.5, 117.6,0.0, 59.8, 0.0,277.2, 236.6, 1.6
427,15,14,58,245,59.6, 16.8, 118.1,0.0, 32.7, 0.0,277.4, 209.5, 1.5
428,15,14,58,752,60.6, 16.8, 119.3,0.0, 39.2, 0.0,275.1, 215.3, 2.2
429,15,14,59,259,60.6, 16.8, 119.3,0.0, 39.2, 0.0,275.1, 215.3, 2.2
430,15,14,59,766,62.2, 16.8, 121.4,0.0, 39.2, 0.0,275.1, 215.3, 2.2
431,15,15,00,272,63.8, 16.8, 123.3,0.0, 39.2, 0.0,275.1, 215.3, 2.2
432,15,15,00,779,65.4, 16.6, 125.2,0.0, 39.2, 0.0,275.1, 215.3, 2.2
433,15,15,01,285,67.1, 16.5, 127.2,0.0, 39.2, 0.0,275.1, 215.3, 2.2
434,15,15,01,792,69.5, 16.7, 127.5,0.0, 57.0, 0.0,274.8, 233.0, 2.4
435,15,15,02,298,71.9, 16.7, 128.2,0.0, 73.5, 0.0,274.2, 249.1, 2.7
436,15,15,02,804,74.3, 16.9, 129.0,0.0, 73.5, 0.0,274.2, 249.1, 2.7
437,15,15,03,311,76.7, 17.3, 129.7,0.0, 68.7, 0.0,274.6, 244.6, 2.5
438,15,15,03,818,79.0, 17.6, 130.6,0.0, 63.5, 0.0,275.2, 239.7, 2.2
439,15,15,04,325,79.9, 17.7, 131.8,0.0, 358.2, 0.0,270.3, 37.2, 139.4
440,15,15,04,831,79.9, 17.7, 131.8,0.0, 354.6, 0.0,270.6, 154.0, 19.0
441,15,15,05,338,79.9, 17.7, 131.8,0.0, 354.6, 0.0,270.6, 154.0, 19.0
442,15,15,05,846,79.8, 17.7, 133.4,0.0, 354.6, 0.0,270.6, 154.0, 19.0
443,15,15,06,352,79.6, 17.7, 135.5,0.0, 354.6, 0.0,270.6, 154.0, 19.0
444,15,15,06,859,79.6, 17.7, 135.5,0.0, 354.6, 0.0,270.6, 154.0, 19.0
445,15,15,07,365,79.6, 17.7, 135.5,0.0, 354.6, 0.0,270.6, 154.0, 19.0
446,15,15,07,872,79.6, 17.7, 135.5,0.0, 354.6, 0.0,270.6, 154.0, 19.0
447,15,15,08,379,79.6, 17.7, 135.5,0.0, 356.7, 0.0,270.3, 139.1, 35.9
448,15,15,08,885,79.6, 17.7, 135.5,0.0, 335.7, 0.0,271.6, 340.9, 173.1
449,15,15,09,392,79.6, 17.7, 135.5,0.0, 332.4, 0.0,271.8, 336.9, 173.9
450,15,15,09,897,79.6, 17.7, 135.5,0.0, 313.5, 0.0,277.6, 313.3, 178.5
451,15,15,10,404,79.6, 17.7, 135.5,0.0, 311.1, 0.0,275.2, 311.6, 177.8
452,15,15,10,911,79.6, 17.7, 135.5,0.0, 311.1, 0.0,275.2, 311.6, 177.8
453,15,15,11,418,79.6, 17.7, 135.5,0.0, 311.1, 0.0,275.2, 311.6, 177.8
454,15,15,11,925,79.6, 17.7, 135.5,0.0, 311.1, 0.0,275.2, 311.6, 177.8
455,15,15,12,432,79.6, 17.7, 135.5,0.0, 311.1, 0.0,275.2, 311.6, 177.8
456,15,15,12,938,79.6, 17.7, 135.5,0.0, 311.1, 0.0,275.2, 311.6, 177.8
457,15,15,13,445,79.6, 17.7, 135.5,0.0, 311.1, 0.0,275.2, 311.6, 177.8
458,15,15,13,952,79.6, 17.7, 135.5,0.0, 311.1, 0.0,275.2, 311.6, 177.8
459,15,15,14,459,79.6, 17.7, 135.5,0.0, 311.1, 0.0,275.2, 311.6, 177.8
460,15,15,14,966,79.6, 17.7, 135.5,0.0, 311.1, 0.0,275.2, 311.6, 177.8
461,15,15,15,472,79.6, 17.7, 135.5,0.0, 311.1, 0.0,275.2, 311.6, 177.8
462,15,15,15,978,79.6, 17.7, 135.5,0.0, 311.1, 0.0,275.2, 311.6, 177.8
463,15,15,16,485,79.6, 17.7, 135.5,0.0, 311.1, 0.0,275.2, 311.6, 177.8
464,15,15,16,991,79.6, 17.7, 135.5,0.0, 311.1, 0.0,275.2, 311.6, 177.8
465,15,15,17,498,79.6, 17.7, 135.5,0.0, 311.1, 0.0,275.2, 311.6, 177.8
466,15,15,18,5,79.6, 17.7, 135.5,0.0, 311.1, 0.0,275.2, 311.6, 177.8
467,15,15,18,512,79.6, 17.7, 135.5,0.0, 312.3, 0.0,275.5, 312.7, 178.0
468,15,15,19,20,79.6, 17.7, 135.5,0.0, 352.1, 0.0,275.1, 168.2, 2.2
469,15,15,19,525,79.6, 17.7, 135.5,0.0, 16.5, 0.0,281.4, 15.8, 179.0
470,15,15,20,33,79.6, 17.7, 135.5,0.0, 21.8, 0.0,281.3, 21.1, 179.0
471,15,15,20,538,79.6, 17.7, 135.5,0.0, 37.6, 0.0,275.3, 38.0, 177.9
472,15,15,21,70,79.6, 17.7, 135.5,0.0, 45.0, 0.0,270.2, 153.3, 70.1
473,15,15,21,576,79.6, 17.7, 135.5,0.0, 45.0, 0.0,270.2, 153.3, 70.1
474,15,15,22,83,79.6, 17.7, 135.5,0.0, 45.0, 0.0,270.2, 153.3, 70.1
475,15,15,22,590,79.6, 17.7, 135.5,0.0, 45.0, 0.0,270.2, 153.3, 70.1
476,15,15,23,97,79.6, 17.7, 135.5,0.0, 45.0, 0.0,270.2, 153.3, 70.1
477,15,15,23,604,79.6, 17.7, 135.5,0.0, 45.0, 0.0,270.2, 153.3, 70.1
478,15,15,24,111,79.6, 17.7, 135.5,0.0, 45.0, 0.0,270.2, 153.3, 70.1
479,15,15,24,617,79.6, 17.7, 135.5,0.0, 45.0, 0.0,270.2, 153.3, 70.1
480,15,15,25,125,79.6, 17.7, 135.5,0.0, 45.0, 0.0,270.2, 153.3, 70.1
481,15,15,25,632,79.6, 17.7, 135.5,0.0, 45.0, 0.0,270.2, 153.3, 70.1
482,15,15,26,138,79.6, 17.7, 135.5,0.0, 45.0, 0.0,270.2, 153.3, 70.1
483,15,15,26,645,79.6, 17.7, 135.5,0.0, 45.0, 0.0,270.2, 153.3, 70.1
484,15,15,27,152,79.6, 17.7, 135.5,0.0, 45.0, 0.0,270.2, 153.3, 70.1
485,15,15,27,658,79.6, 17.7, 135.5,0.0, 45.0, 0.0,270.2, 153.3, 70.1
486,15,15,28,165,79.6, 17.7, 135.5,0.0, 45.0, 0.0,270.2, 153.3, 70.1
487,15,15,28,671,79.6, 17.7, 135.5,0.0, 45.0, 0.0,270.2, 153.3, 70.1
488,15,15,29,179,79.6, 17.7, 135.5,0.0, 45.0, 0.0,270.2, 153.3, 70.1
489,15,15,29,686,79.6, 17.7, 135.5,0.0, 45.0, 0.0,270.2, 153.3, 70.1
490,15,15,30,192,79.6, 17.7, 135.5,0.0, 45.0, 0.0,270.2, 153.3, 70.1
491,15,15,30,699,79.6, 17.7, 135.5,0.0, 45.0, 0.0,270.2, 153.3, 70.1
492,15,15,31,206,79.6, 17.7, 135.5,0.0, 45.0, 0.0,270.2, 153.3, 70.1
493,15,15,31,713,79.6, 17.7, 135.5,0.0, 45.0, 0.0,270.2, 153.3, 70.1
494,15,15,32,219,79.6, 17.7, 135.5,0.0, 45.0, 0.0,270.2, 153.3, 70.1
495,15,15,32,726,79.6, 17.7, 135.5,0.0, 45.0, 0.0,270.2, 153.3, 70.1
496,15,15,33,232,79.6, 17.7, 135.5,0.0, 45.0, 0.0,270.2, 153.3, 70.1
497,15,15,33,739,79.6, 17.7, 135.5,0.0, 45.0, 0.0,270.2, 153.3, 70.1
498,15,15,34,246,79.6, 17.7, 135.5,0.0, 45.0, 0.0,270.2, 153.3, 70.1
499,15,15,34,752,79.6, 17.7, 135.5,0.0, 45.0, 0.0,270.2, 153.3, 70.1
500,15,15,35,259,79.6, 17.7, 135.5,0.0, 45.0, 0.0,270.2, 153.3, 70.1
501,15,15,35,766,79.6, 17.7, 135.5,0.0, 45.0, 0.0,270.2, 153.3, 70.1
502,15,15,36,273,79.6, 17.7, 135.5,0.0, 45.0, 0.0,270.2, 153.3, 70.1
503,15,15,36,779,79.6, 17.7, 135.5,0.0, 45.0, 0.0,270.2, 153.3, 70.1
504,15,15,37,286,79.6, 17.7, 135.5,0.0, 45.0, 0.0,270.2, 153.3, 70.1
505,15,15,37,793,79.6, 17.7, 135.5,0.0, 45.0, 0.0,270.2, 153.3, 70.1
506,15,15,38,299,79.6, 17.7, 135.5,0.0, 45.0, 0.0,270.2, 153.3, 70.1
507,15,15,38,806,79.6, 17.7, 135.5,0.0, 45.0, 0.0,270.2, 153.3, 70.1
508,15,15,39,312,79.6, 17.7, 135.5,0.0, 45.0, 0.0,270.2, 153.3, 70.1
509,15,15,39,819,79.6, 17.7, 135.5,0.0, 45.0, 0.0,270.2, 153.3, 70.1
510,15,15,40,326,79.6, 17.7, 135.5,0.0, 45.0, 0.0,270.2, 153.3, 70.1
511,15,15,40,832,79.6, 17.7, 135.5,0.0, 45.0, 0.0,270.2, 153.3, 70.1
512,15,15,41,339,79.6, 17.7, 135.5,0.0, 45.0, 0.0,270.2, 153.3, 70.1
513,15,15,41,845,79.6, 17.7, 135.5,0.0, 45.0, 0.0,270.2, 153.3, 70.1
514,15,15,42,352,79.6, 17.7, 135.5,0.0, 45.0, 0.0,270.2, 153.3, 70.1
515,15,15,42,859,79.6, 17.7, 135.5,0.0, 45.0, 0.0,270.2, 153.3, 70.1
516,15,15,43,365,79.6, 17.7, 135.5,0.0, 45.0, 0.0,270.2, 153.3, 70.1
517,15,15,43,872,79.6, 17.7, 135.5,0.0, 45.0, 0.0,270.2, 153.3, 70.1
518,15,15,44,379,79.6, 17.7, 135.5,0.0, 45.0, 0.0,270.2, 153.3, 70.1
519,15,15,44,885,79.6, 17.7, 135.5,0.0, 45.0, 0.0,270.2, 153.3, 70.1
520,15,15,45,392,79.6, 17.7, 135.5,0.0, 45.0, 0.0,270.2, 153.3, 70.1
521,15,15,45,899,79.6, 17.7, 135.5,0.0, 45.0, 0.0,270.2, 153.3, 70.1
522,15,15,46,406,79.6, 17.7, 135.5,0.0, 45.0, 0.0,270.2, 153.3, 70.1
523,15,15,46,913,79.6, 17.7, 135.5,0.0, 45.0, 0.0,270.2, 153.3, 70.1
524,15,15,47,419,79.6, 17.7, 135.5,0.0, 45.0, 0.0,270.2, 153.3, 70.1
525,15,15,47,926,79.6, 17.7, 135.5,0.0, 45.0, 0.0,270.2, 153.3, 70.1
526,15,15,48,433,79.6, 17.7, 135.5,0.0, 45.0, 0.0,270.2, 153.3, 70.1
527,15,15,48,939,79.6, 17.7, 135.5,0.0, 45.0, 0.0,270.2, 153.3, 70.1
528,15,15,49,446,79.6, 17.7, 135.5,0.0, 45.0, 0.0,270.2, 153.3, 70.1
529,15,15,49,952,79.6, 17.7, 135.5,0.0, 45.0, 0.0,270.2, 153.3, 70.1
530,15,15,50,460,79.6, 17.7, 135.5,0.0, 45.0, 0.0,270.2, 153.3, 70.1
531,15,15,50,966,79.6, 17.7, 135.5,0.0, 45.0, 0.0,270.2, 153.3, 70.1
532,15,15,51,473,79.6, 17.7, 135.5,0.0, 45.0, 0.0,270.2, 153.3, 70.1
533,15,15,51,979,79.6, 17.7, 135.5,0.0, 45.0, 0.0,270.2, 153.3, 70.1
534,15,15,52,486,79.6, 17.7, 135.5,0.0, 45.0, 0.0,270.2, 153.3, 70.1
535,15,15,52,993,79.6, 17.7, 135.5,0.0, 45.0, 0.0,270.2, 153.3, 70.1
536,15,15,53,500,79.6, 17.7, 135.5,0.0, 45.0, 0.0,270.2, 153.3, 70.1
537,15,15,54,6,79.6, 17.7, 135.5,0.0, 45.0, 0.0,270.2, 153.3, 70.1
538,15,15,54,513,79.6, 17.7, 135.5,0.0, 45.0, 0.0,270.2, 153.3, 70.1
539,15,15,55,19,79.6, 17.7, 135.5,0.0, 45.0, 0.0,270.2, 153.3, 70.1
540,15,15,55,526,79.6, 17.7, 135.5,0.0, 45.0, 0.0,270.2, 153.3, 70.1
541,15,15,56,33,79.6, 17.7, 135.5,0.0, 45.0, 0.0,270.2, 153.3, 70.1
542,15,15,56,539,79.6, 17.7, 135.5,0.0, 45.0, 0.0,270.2, 153.3, 70.1
543,15,15,57,46,79.6, 17.7, 135.5,0.0, 45.0, 0.0,270.2, 153.3, 70.1
544,15,15,57,552,79.6, 17.7, 135.5,0.0, 45.0, 0.0,270.2, 153.3, 70.1
545,15,15,58,59,79.6, 17.7, 135.5,0.0, 45.0, 0.0,270.2, 153.3, 70.1
546,15,15,58,566,79.6, 17.7, 135.5,0.0, 45.0, 0.0,270.2, 153.3, 70.1
547,15,15,59,72,79.6, 17.7, 135.5,0.0, 45.0, 0.0,270.2, 153.3, 70.1
548,15,15,59,579,79.6, 17.7, 135.5,0.0, 45.0, 0.0,270.2, 153.3, 70.1
549,15,16,00,86,79.6, 17.7, 135.5,0.0, 45.0, 0.0,270.2, 153.3, 70.1
550,15,16,00,592,79.6, 17.7, 135.5,0.0, 45.0, 0.0,270.2, 153.3, 70.1
551,15,16,01,99,79.6, 17.7, 135.5,0.0, 45.0, 0.0,270.2, 153.3, 70.1
552,15,16,01,606,79.6, 17.7, 135.5,0.0, 45.0, 0.0,270.2, 153.3, 70.1
553,15,16,02,112,79.6, 17.7, 135.5,0.0, 45.0, 0.0,270.2, 153.3, 70.1
554,15,16,02,619,79.6, 17.7, 135.5,0.0, 45.0, 0.0,270.2, 153.3, 70.1
555,15,16,03,126,79.6, 17.7, 135.5,0.0, 45.0, 0.0,270.2, 153.3, 70.1
556,15,16,03,632,79.6, 17.7, 135.5,0.0, 45.0, 0.0,270.2, 153.3, 70.1
557,15,16,04,140,79.6, 17.7, 135.5,0.0, 45.0, 0.0,270.2, 153.3, 70.1
558,15,16,04,647,79.6, 17.7, 135.5,0.0, 45.0, 0.0,270.2, 153.3, 70.1
559,15,16,05,153,79.6, 17.7, 135.5,0.0, 45.0, 0.0,270.2, 153.3, 70.1
560,15,16,05,660,79.6, 17.7, 135.5,0.0, 45.0, 0.0,270.2, 153.3, 70.1
561,15,16,06,166,79.6, 17.7, 135.5,0.0, 45.0, 0.0,270.2, 153.3, 70.1
562,15,16,06,673,79.6, 17.7, 135.5,0.0, 45.0, 0.0,270.2, 153.3, 70.1
563,15,16,07,180,79.6, 17.7, 135.5,0.0, 45.0, 0.0,270.2, 153.3, 70.1
564,15,16,07,687,79.6, 17.7, 135.5,0.0, 45.0, 0.0,270.2, 153.3, 70.1
565,15,16,08,193,79.6, 17.7, 135.5,0.0, 45.0, 0.0,270.2, 153.3, 70.1
566,15,16,08,700,79.6, 17.7, 135.5,0.0, 45.0, 0.0,270.2, 153.3, 70.1
567,15,16,09,207,79.6, 17.7, 135.5,0.0, 45.0, 0.0,270.2, 153.3, 70.1
568,15,16,09,713,79.6, 17.7, 135.5,0.0, 45.0, 0.0,270.2, 153.3, 70.1
569,15,16,10,220,79.6, 17.7, 135.5,0.0, 45.0, 0.0,270.2, 153.3, 70.1
570,15,16,10,726,79.6, 17.7, 135.5,0.0, 45.0, 0.0,270.2, 153.3, 70.1
571,15,16,11,233,79.6, 17.7, 135.5,0.0, 45.0, 0.0,270.2, 153.3, 70.1
572,15,16,11,739,79.6, 17.7, 135.5,0.0, 45.0, 0.0,270.2, 153.3, 70.1
573,15,16,12,246,79.6, 17.7, 135.5,0.0, 45.0, 0.0,270.2, 153.3, 70.1
574,15,16,12,753,79.6, 17.7, 135.5,0.0, 45.0, 0.0,270.2, 153.3, 70.1
575,15,16,13,259,79.6, 17.7, 135.5,0.0, 45.0, 0.0,270.2, 153.3, 70.1
576,15,16,13,766,79.6, 17.7, 135.5,0.0, 45.0, 0.0,270.2, 153.3, 70.1
577,15,16,14,273,79.6, 17.7, 135.5,0.0, 45.0, 0.0,270.2, 153.3, 70.1
578,15,16,14,780,79.6, 17.7, 135.5,0.0, 45.0, 0.0,270.2, 153.3, 70.1
579,15,16,15,286,79.6, 17.7, 135.5,0.0, 45.0, 0.0,270.2, 153.3, 70.1
580,15,16,15,793,79.6, 17.7, 135.5,0.0, 45.0, 0.0,270.2, 153.3, 70.1
581,15,16,16,299,79.6, 17.7, 135.5,0.0, 45.0, 0.0,270.2, 153.3, 70.1
582,15,16,16,806,79.6, 17.7, 135.5,0.0, 45.0, 0.0,270.2, 153.3, 70.1
583,15,16,17,313,79.6, 17.7, 135.5,0.0, 45.0, 0.0,270.2, 153.3, 70.1
584,15,16,17,820,79.6, 17.7, 135.5,0.0, 45.0, 0.0,270.2, 153.3, 70.1
585,15,16,18,326,79.6, 17.7, 135.5,0.0, 45.0, 0.0,270.2, 153.3, 70.1
586,15,16,18,833,79.6, 17.7, 135.5,0.0, 45.0, 0.0,270.2, 153.3, 70.1
587,15,16,19,339,79.6, 17.7, 135.5,0.0, 45.0, 0.0,270.2, 153.3, 70.1
588,15,16,19,846,79.6, 17.7, 135.5,0.0, 45.0, 0.0,270.2, 153.3, 70.1
589,15,16,20,352,79.6, 17.7, 135.5,0.0, 45.0, 0.0,270.2, 153.3, 70.1
590,15,16,20,859,79.6, 17.7, 135.5,0.0, 45.0, 0.0,270.2, 153.3, 70.1
591,15,16,21,367,79.6, 17.7, 135.5,0.0, 45.0, 0.0,270.2, 153.3, 70.1
592,15,16,21,874,79.6, 17.7, 135.5,0.0, 45.0, 0.0,270.2, 153.3, 70.1
593,15,16,22,380,79.6, 17.7, 135.5,0.0, 45.0, 0.0,270.2, 153.3, 70.1
594,15,16,22,887,79.6, 17.7, 135.5,0.0, 45.0, 0.0,270.2, 153.3, 70.1
595,15,16,23,393,79.6, 17.7, 135.5,0.0, 45.0, 0.0,270.2, 153.3, 70.1
596,15,16,23,900,79.6, 17.7, 135.5,0.0, 45.0, 0.0,270.2, 153.3, 70.1
597,15,16,24,407,79.6, 17.7, 135.5,0.0, 45.0, 0.0,270.2, 153.3, 70.1
598,15,16,24,913,79.6, 17.7, 135.5,0.0, 45.0, 0.0,270.2, 153.3, 70.1
599,15,16,25,420,79.6, 17.7, 135.5,0.0, 45.0, 0.0,270.2, 153.3, 70.1
600,15,16,25,926,79.6, 17.7, 135.5,0.0, 45.0, 0.0,270.2, 153.3, 70.1
601,15,16,26,434,79.6, 17.7, 135.5,0.0, 45.0, 0.0,270.2, 153.3, 70.1
602,15,16,26,940,79.6, 17.7, 135.5,0.0, 45.0, 0.0,270.2, 153.3, 70.1
603,15,16,27,444,79.6, 17.7, 135.5,0.0, 45.0, 0.0,270.2, 153.3, 70.1
604,15,16,27,952,79.6, 17.7, 135.5,0.0, 45.0, 0.0,270.2, 153.3, 70.1
605,15,16,28,459,79.6, 17.7, 135.5,0.0, 45.0, 0.0,270.2, 153.3, 70.1
606,15,16,28,965,79.6, 17.7, 135.5,0.0, 45.0, 0.0,270.2, 153.3, 70.1
607,15,16,29,472,79.6, 17.7, 135.5,0.0, 45.0, 0.0,270.2, 153.3, 70.1
608,15,16,29,979,79.6, 17.7, 135.5,0.0, 45.0, 0.0,270.2, 153.3, 70.1
609,15,16,30,485,79.6, 17.7, 135.5,0.0, 45.0, 0.0,270.2, 153.3, 70.1
610,15,16,30,992,79.6, 17.7, 135.5,0.0, 45.0, 0.0,270.2, 153.3, 70.1
611,15,16,31,499,79.6, 17.7, 135.5,0.0, 45.0, 0.0,270.2, 153.3, 70.1
612,15,16,32,5,79.6, 17.7, 135.5,0.0, 45.0, 0.0,270.2, 153.3, 70.1
613,15,16,32,512,79.6, 17.7, 135.5,0.0, 45.0, 0.0,270.2, 153.3, 70.1
614,15,16,33,19,79.6, 17.7, 135.5,0.0, 45.0, 0.0,270.2, 153.3, 70.1
615,15,16,33,525,79.6, 17.7, 135.5,0.0, 45.0, 0.0,270.2, 153.3, 70.1
616,15,16,34,32,79.6, 17.7, 135.5,0.0, 45.0, 0.0,270.2, 153.3, 70.1
617,15,16,34,539,79.6, 17.7, 135.5,0.0, 45.0, 0.0,270.2, 153.3, 70.1
618,15,16,35,46,79.6, 17.7, 135.5,0.0, 13.3, 0.0,303.0, 12.6, 179.3
619,15,16,35,553,79.6, 17.7, 135.5,0.0, 21.1, 0.0,292.1, 20.8, 178.9
620,15,16,36,59,79.6, 17.7, 135.5,0.0, 30.9, 0.0,289.5, 30.7, 178.8
621,15,16,36,566,79.6, 17.7, 135.5,0.0, 31.0, 0.0,288.7, 30.9, 178.7
622,15,16,37,73,79.6, 17.7, 135.5,0.0, 30.9, 0.0,289.4, 30.7, 178.8
623,15,16,37,579,79.6, 17.7, 135.5,0.0, 31.6, 0.0,288.5, 31.5, 178.7
624,15,16,38,85,79.6, 17.7, 135.5,0.0, 63.5, 0.0,292.5, 63.1, 178.9
625,15,16,38,592,79.9, 17.6, 135.7,0.0, 65.6, 0.0,293.0, 65.2, 179.0
626,15,16,39,99,82.3, 17.3, 136.3,0.0, 79.8, 0.0,300.4, 79.1, 179.2
627,15,16,39,614,82.9, 17.2, 136.4,0.0, 144.6, 0.0,310.9, 143.9, 179.3
628,15,16,40,137,82.9, 17.2, 136.4,0.0, 165.6, 0.0,327.3, 164.9, 179.4
629,15,16,40,643,82.9, 17.2, 136.4,0.0, 165.6, 0.0,328.9, 164.9, 179.4
630,15,16,41,151,82.9, 17.2, 136.4,0.0, 165.6, 0.0,328.9, 164.9, 179.4
631,15,16,41,658,82.9, 17.2, 136.4,0.0, 165.6, 0.0,328.9, 164.9, 179.4
632,15,16,42,165,82.9, 17.2, 136.4,0.0, 165.6, 0.0,328.9, 164.9, 179.4
633,15,16,42,672,82.9, 17.2, 136.4,0.0, 165.6, 0.0,328.9, 164.9, 179.4
634,15,16,43,178,82.9, 17.2, 136.4,0.0, 165.6, 0.0,328.9, 164.9, 179.4
635,15,16,43,685,82.9, 17.2, 136.4,0.0, 166.3, 0.0,328.6, 165.7, 179.4
636,15,16,44,193,82.9, 17.2, 136.4,0.0, 166.3, 0.0,328.6, 165.7, 179.4
637,15,16,44,699,82.9, 17.2, 136.4,0.0, 166.3, 0.0,328.6, 165.7, 179.4
638,15,16,45,206,82.9, 17.2, 136.4,0.0, 173.7, 0.0,335.0, 173.1, 179.4
639,15,16,45,711,82.9, 17.2, 136.4,0.0, 221.7, 0.0,345.1, 221.1, 179.4
640,15,16,46,216,82.9, 17.2, 136.4,0.0, 254.8, 0.0,1.9, 254.2, 179.4
641,15,16,46,724,82.1, 17.3, 136.2,0.0, 255.9, 0.0,2.8, 255.3, 179.4
642,15,16,47,228,79.8, 17.6, 135.4,0.0, 234.7, 0.0,18.6, 234.1, 179.4
643,15,16,47,748,77.4, 17.8, 134.8,0.0, 207.5, 0.0,14.1, 206.9, 179.4
644,15,16,48,255,74.9, 17.4, 135.2,0.0, 206.4, 0.0,13.8, 205.8, 179.4
645,15,16,48,762,72.8, 17.3, 134.0,0.0, 153.8, 0.0,15.3, 153.2, 179.4
646,15,16,49,283,70.3, 17.1, 133.5,0.0, 173.8, 0.0,18.6, 173.2, 179.4
647,15,16,49,791,67.7, 17.0, 133.2,0.0, 173.7, 0.0,18.3, 173.1, 179.4
648,15,16,50,295,66.4, 16.9, 131.7,0.0, 96.3, 0.0,9.2, 95.8, 179.4
649,15,16,50,800,66.3, 16.9, 131.5,0.0, 221.9, 0.0,18.9, 221.3, 179.4
650,15,16,51,306,64.3, 16.8, 131.9,0.0, 281.6, 0.0,24.6, 281.0, 179.4
651,15,16,51,815,62.8, 16.7, 134.0,0.0, 281.6, 0.0,24.6, 281.0, 179.4
652,15,16,52,323,60.4, 16.8, 134.7,0.0, 281.6, 0.0,24.6, 281.0, 179.4
653,15,16,52,829,58.7, 17.4, 136.4,0.0, 278.5, 0.0,24.3, 277.9, 179.4
654,15,16,53,331,56.5, 17.9, 137.3,0.0, 208.8, 0.0,17.2, 208.2, 179.4
655,15,16,53,853,54.6, 17.9, 137.8,0.0, 158.5, 0.0,11.1, 158.0, 179.4
656,15,16,54,361,54.6, 17.9, 137.8,0.0, 180.5, 0.0,13.3, 180.0, 179.4
657,15,16,54,869,54.6, 18.0, 138.4,0.0, 180.5, 0.0,13.3, 180.0, 179.4
658,15,16,55,377,54.4, 18.4, 141.0,0.0, 174.0, 0.0,11.0, 173.5, 179.4
659,15,16,55,884,53.3, 18.5, 143.1,0.0, 160.8, 0.0,9.0, 160.3, 179.4
660,15,16,56,389,51.6, 18.5, 142.1,0.0, 105.0, 0.0,4.0, 104.6, 179.4
661,15,16,56,897,51.5, 18.4, 141.7,0.0, 76.6, 0.0,359.3, 76.2, 179.4
662,15,16,57,404,51.5, 18.4, 141.7,0.0, 55.2, 0.0,357.6, 54.8, 179.4
663,15,16,57,912,53.6, 18.5, 142.8,0.0, 91.8, 0.0,0.6, 91.4, 179.4
664,15,16,58,418,54.7, 18.5, 143.9,0.0, 251.1, 0.0,15.3, 250.6, 179.4
665,15,16,58,921,54.7, 18.5, 143.9,0.0, 297.3, 0.0,19.3, 296.7, 179.4
666,15,16,59,431,54.5, 19.5, 145.4,0.0, 349.9, 0.0,24.4, 349.3, 179.4
667,15,16,59,937,53.7, 19.9, 146.9,0.0, 249.1, 0.0,13.6, 248.6, 179.4
668,15,17,00,443,51.9, 20.1, 147.1,0.0, 259.4, 0.0,12.5, 258.9, 179.4
669,15,17,00,947,51.0, 19.8, 148.0,0.0, 174.0, 0.0,18.1, 173.4, 179.4
670,15,17,01,455,49.9, 18.9, 147.4,0.0, 176.6, 0.0,18.3, 176.0, 179.4
671,15,17,01,962,47.8, 18.7, 147.8,0.0, 196.2, 0.0,17.9, 195.6, 179.4
672,15,17,02,470,45.6, 19.4, 147.6,0.0, 178.1, 0.0,18.6, 177.5, 179.4
673,15,17,02,975,44.9, 19.1, 145.2,0.0, 212.0, 0.0,21.3, 211.4, 179.4
674,15,17,03,483,43.2, 18.6, 144.3,0.0, 211.8, 0.0,21.3, 211.2, 179.4
675,15,17,03,991,41.0, 18.6, 143.2,0.0, 185.7, 0.0,20.1, 185.1, 179.4
676,15,17,04,497,39.4, 18.9, 141.3,0.0, 171.0, 0.0,20.2, 170.4, 179.4
677,15,17,05,5,39.2, 18.8, 139.2,0.0, 171.0, 0.0,20.2, 170.4, 179.4
678,15,17,05,512,38.2, 18.8, 136.8,0.0, 160.2, 0.0,21.3, 159.6, 179.4
679,15,17,06,19,37.1, 18.7, 134.6,0.0, 160.2, 0.0,21.3, 159.6, 179.4
680,15,17,06,526,36.1, 18.6, 132.4,0.0, 160.2, 0.0,21.3, 159.6, 179.4
681,15,17,07,32,36.1, 18.6, 132.4,0.0, 159.6, 0.0,21.3, 159.0, 179.4
682,15,17,07,534,36.1, 18.6, 132.4,0.0, 100.2, 0.0,19.2, 99.6, 179.4
683,15,17,08,45,36.1, 18.6, 132.4,0.0, 97.8, 0.0,19.1, 97.2, 179.4
684,15,17,08,563,36.1, 18.6, 132.4,0.0, 169.4, 0.0,23.8, 168.8, 179.4
685,15,17,09,68,36.1, 18.6, 132.4,0.0, 251.2, 0.0,37.3, 250.5, 179.3
686,15,17,09,577,36.1, 18.6, 132.4,0.0, 244.9, 0.0,40.7, 244.2, 179.3
687,15,17,10,84,36.1, 18.6, 132.4,0.0, 244.9, 0.0,40.7, 244.2, 179.3
688,15,17,10,589,36.1, 18.6, 132.4,0.0, 219.6, 0.0,38.9, 218.9, 179.3
689,15,17,11,97,36.1, 18.6, 132.4,0.0, 215.6, 0.0,38.6, 214.9, 179.3
690,15,17,11,602,36.1, 18.6, 132.4,0.0, 184.0, 0.0,34.5, 183.4, 179.4
691,15,17,12,108,36.1, 18.6, 132.4,0.0, 177.7, 0.0,32.9, 177.1, 179.4
692,15,17,12,616,36.1, 18.6, 132.4,0.0, 174.7, 0.0,32.2, 174.1, 179.4
693,15,17,13,123,36.1, 18.6, 132.4,0.0, 174.7, 0.0,32.2, 174.1, 179.4
694,15,17,13,632,36.1, 18.6, 132.4,0.0, 174.7, 0.0,32.2, 174.1, 179.4
695,15,17,14,139,36.1, 18.6, 132.4,0.0, 174.7, 0.0,32.2, 174.1, 179.4
696,15,17,14,645,36.1, 18.6, 132.4,0.0, 174.7, 0.0,32.2, 174.1, 179.4
697,15,17,15,153,36.1, 18.6, 132.4,0.0, 174.7, 0.0,32.2, 174.1, 179.4
698,15,17,15,660,36.1, 18.6, 132.4,0.0, 174.7, 0.0,32.2, 174.1, 179.4
699,15,17,16,167,36.1, 18.6, 132.4,0.0, 164.1, 0.0,30.9, 163.5, 179.4
700,15,17,16,673,36.1, 18.6, 132.4,0.0, 164.1, 0.0,30.9, 163.5, 179.4
701,15,17,17,180,36.1, 18.6, 132.4,0.0, 164.1, 0.0,30.9, 163.5, 179.4
702,15,17,17,688,36.3, 18.5, 131.8,0.0, 164.4, 0.0,31.1, 163.8, 179.4
703,15,17,18,193,36.9, 18.3, 129.3,0.0, 164.5, 0.0,31.2, 163.9, 179.4
704,15,17,18,714,37.6, 18.1, 126.8,0.0, 164.5, 0.0,31.2, 163.9, 179.4
705,15,17,19,221,38.1, 17.8, 124.4,0.0, 164.6, 0.0,31.3, 164.0, 179.4
706,15,17,19,728,37.8, 17.7, 122.0,0.0, 164.1, 0.0,32.2, 163.5, 179.4
707,15,17,20,247,38.5, 17.4, 119.5,0.0, 165.0, 0.0,34.9, 164.4, 179.4
708,15,17,20,766,38.7, 17.3, 116.9,0.0, 173.2, 0.0,36.9, 172.6, 179.3
709,15,17,21,286,39.0, 17.5, 114.4,0.0, 173.8, 0.0,38.1, 173.1, 179.3
710,15,17,21,806,39.0, 17.4, 111.8,0.0, 161.6, 0.0,42.2, 160.9, 179.3
711,15,17,22,327,39.5, 17.4, 109.3,0.0, 163.1, 0.0,43.5, 162.4, 179.3
712,15,17,22,833,39.1, 17.5, 106.9,0.0, 163.6, 0.0,43.8, 162.9, 179.3
713,15,17,23,340,39.6, 17.9, 104.5,0.0, 168.7, 0.0,45.2, 167.9, 179.3
714,15,17,23,845,39.6, 18.3, 102.2,0.0, 137.3, 0.0,55.2, 136.4, 179.1
715,15,17,24,353,40.3, 18.7, 100.9,0.0, 150.8, 0.0,54.6, 149.9, 179.1
716,15,17,24,859,41.6, 19.5, 99.2,0.0, 114.5, 0.0,60.5, 113.5, 179.0
717,15,17,25,367,41.8, 19.6, 99.2,0.0, 119.1, 0.0,58.5, 118.2, 179.1
718,15,17,25,874,40.7, 19.8, 97.9,0.0, 212.8, 0.0,60.3, 211.8, 179.0
719,15,17,26,376,38.8, 19.4, 97.7,0.0, 298.8, 0.0,64.2, 297.7, 178.9
720,15,17,26,883,38.0, 18.7, 99.7,0.0, 318.3, 0.0,65.8, 317.2, 178.9
721,15,17,27,391,38.1, 18.3, 102.2,0.0, 318.6, 0.0,66.0, 317.5, 178.9
722,15,17,27,898,38.4, 17.8, 104.7,0.0, 339.6, 0.0,71.7, 338.2, 178.6
723,15,17,28,405,38.3, 17.5, 107.1,0.0, 339.8, 0.0,75.0, 338.1, 178.3
724,15,17,28,912,37.5, 17.5, 109.6,0.0, 341.5, 0.0,74.6, 339.9, 178.4
725,15,17,29,420,37.6, 17.5, 112.0,0.0, 10.5, 0.0,79.6, 8.2, 177.7
726,15,17,29,926,38.0, 17.6, 114.5,0.0, 10.5, 0.0,79.6, 8.2, 177.7
727,15,17,30,433,38.9, 17.3, 116.9,0.0, 13.2, 0.0,80.0, 10.8, 177.6
728,15,17,30,940,40.0, 17.1, 119.1,0.0, 18.5, 0.0,80.8, 15.9, 177.4
729,15,17,31,447,40.8, 17.2, 121.4,0.0, 18.6, 0.0,80.8, 16.0, 177.4
730,15,17,31,955,42.2, 17.1, 123.5,0.0, 21.8, 0.0,81.6, 19.0, 177.2
731,15,17,32,461,43.3, 17.0, 125.7,0.0, 23.1, 0.0,81.2, 20.4, 177.3
732,15,17,32,966,44.1, 17.2, 127.5,0.0, 8.0, 0.0,79.5, 5.8, 177.8
733,15,17,33,473,44.1, 17.2, 127.5,0.0, 7.9, 0.0,79.5, 5.7, 177.8
734,15,17,33,980,44.1, 17.2, 127.5,0.0, 7.9, 0.0,79.5, 5.7, 177.8
735,15,17,34,487,44.1, 17.2, 127.5,0.0, 7.9, 0.0,79.5, 5.7, 177.8
736,15,17,34,994,44.1, 17.2, 127.5,0.0, 7.9, 0.0,79.5, 5.7, 177.8
737,15,17,35,501,44.1, 17.2, 127.5,0.0, 7.9, 0.0,79.5, 5.7, 177.8
738,15,17,36,7,44.1, 17.2, 127.5,0.0, 7.9, 0.0,79.5, 5.7, 177.8
739,15,17,36,514,44.1, 17.2, 127.5,0.0, 7.9, 0.0,79.5, 5.7, 177.8
740,15,17,37,21,44.1, 17.2, 127.5,0.0, 7.9, 0.0,79.5, 5.7, 177.8
741,15,17,37,527,44.1, 17.2, 127.5,0.0, 7.9, 0.0,79.5, 5.7, 177.8
